pass,    time (ms),    total time (ms),    time,     total_time
1,    1779,    1779,    000h 00m 01.779s,    000h 00m 01.779s
2,    1747,    3526,    000h 00m 01.747s,    000h 00m 03.526s
3,    1711,    5237,    000h 00m 01.711s,    000h 00m 05.237s
4,    1757,    6994,    000h 00m 01.757s,    000h 00m 06.994s
5,    1791,    8785,    000h 00m 01.791s,    000h 00m 08.785s
6,    1827,    10612,    000h 00m 01.827s,    000h 00m 10.612s
7,    1688,    12300,    000h 00m 01.688s,    000h 00m 12.300s
8,    1696,    13996,    000h 00m 01.696s,    000h 00m 13.996s
9,    1756,    15752,    000h 00m 01.756s,    000h 00m 15.752s
10,    1701,    17453,    000h 00m 01.701s,    000h 00m 17.453s
11,    1772,    19225,    000h 00m 01.772s,    000h 00m 19.225s
12,    1750,    20975,    000h 00m 01.750s,    000h 00m 20.975s
13,    1760,    22735,    000h 00m 01.760s,    000h 00m 22.735s
14,    1781,    24516,    000h 00m 01.781s,    000h 00m 24.516s
15,    1724,    26240,    000h 00m 01.724s,    000h 00m 26.240s
16,    1781,    28021,    000h 00m 01.781s,    000h 00m 28.021s
17,    1766,    29787,    000h 00m 01.766s,    000h 00m 29.787s
18,    1708,    31495,    000h 00m 01.708s,    000h 00m 31.495s
19,    1704,    33199,    000h 00m 01.704s,    000h 00m 33.199s
20,    1794,    34993,    000h 00m 01.794s,    000h 00m 34.993s
21,    1789,    36782,    000h 00m 01.789s,    000h 00m 36.782s
22,    1732,    38514,    000h 00m 01.732s,    000h 00m 38.514s
23,    1778,    40292,    000h 00m 01.778s,    000h 00m 40.292s
24,    1733,    42025,    000h 00m 01.733s,    000h 00m 42.025s
25,    1735,    43760,    000h 00m 01.735s,    000h 00m 43.760s
26,    1772,    45532,    000h 00m 01.772s,    000h 00m 45.532s
27,    1751,    47283,    000h 00m 01.751s,    000h 00m 47.283s
28,    1747,    49030,    000h 00m 01.747s,    000h 00m 49.030s
29,    1682,    50712,    000h 00m 01.682s,    000h 00m 50.712s
30,    1754,    52466,    000h 00m 01.754s,    000h 00m 52.466s
31,    1718,    54184,    000h 00m 01.718s,    000h 00m 54.184s
32,    1706,    55890,    000h 00m 01.706s,    000h 00m 55.890s
33,    1722,    57612,    000h 00m 01.722s,    000h 00m 57.612s
34,    1753,    59365,    000h 00m 01.753s,    000h 00m 59.365s
35,    1752,    61117,    000h 00m 01.752s,    000h 01m 01.117s
36,    1748,    62865,    000h 00m 01.748s,    000h 01m 02.865s
37,    1667,    64532,    000h 00m 01.667s,    000h 01m 04.532s
38,    1716,    66248,    000h 00m 01.716s,    000h 01m 06.248s
39,    1705,    67953,    000h 00m 01.705s,    000h 01m 07.953s
40,    1714,    69667,    000h 00m 01.714s,    000h 01m 09.667s
41,    1762,    71429,    000h 00m 01.762s,    000h 01m 11.429s
42,    1747,    73176,    000h 00m 01.747s,    000h 01m 13.176s
43,    1747,    74923,    000h 00m 01.747s,    000h 01m 14.923s
44,    1741,    76664,    000h 00m 01.741s,    000h 01m 16.664s
45,    1768,    78432,    000h 00m 01.768s,    000h 01m 18.432s
46,    1728,    80160,    000h 00m 01.728s,    000h 01m 20.160s
47,    1691,    81851,    000h 00m 01.691s,    000h 01m 21.851s
48,    1707,    83558,    000h 00m 01.707s,    000h 01m 23.558s
49,    1751,    85309,    000h 00m 01.751s,    000h 01m 25.309s
50,    1722,    87031,    000h 00m 01.722s,    000h 01m 27.031s
51,    1650,    88681,    000h 00m 01.650s,    000h 01m 28.681s
52,    1732,    90413,    000h 00m 01.732s,    000h 01m 30.413s
53,    1678,    92091,    000h 00m 01.678s,    000h 01m 32.091s
54,    1743,    93834,    000h 00m 01.743s,    000h 01m 33.834s
55,    1741,    95575,    000h 00m 01.741s,    000h 01m 35.575s
56,    1651,    97226,    000h 00m 01.651s,    000h 01m 37.226s
57,    1729,    98955,    000h 00m 01.729s,    000h 01m 38.955s
58,    1730,    100685,    000h 00m 01.730s,    000h 01m 40.685s
59,    1729,    102414,    000h 00m 01.729s,    000h 01m 42.414s
60,    1685,    104099,    000h 00m 01.685s,    000h 01m 44.099s
61,    1672,    105771,    000h 00m 01.672s,    000h 01m 45.771s
62,    1728,    107499,    000h 00m 01.728s,    000h 01m 47.499s
63,    1755,    109254,    000h 00m 01.755s,    000h 01m 49.254s
64,    1739,    110993,    000h 00m 01.739s,    000h 01m 50.993s
65,    1780,    112773,    000h 00m 01.780s,    000h 01m 52.773s
66,    1738,    114511,    000h 00m 01.738s,    000h 01m 54.511s
67,    1679,    116190,    000h 00m 01.679s,    000h 01m 56.190s
68,    1724,    117914,    000h 00m 01.724s,    000h 01m 57.914s
69,    1688,    119602,    000h 00m 01.688s,    000h 01m 59.602s
70,    1841,    121443,    000h 00m 01.841s,    000h 02m 01.443s
71,    1691,    123134,    000h 00m 01.691s,    000h 02m 03.134s
72,    1729,    124863,    000h 00m 01.729s,    000h 02m 04.863s
73,    1668,    126531,    000h 00m 01.668s,    000h 02m 06.531s
74,    1746,    128277,    000h 00m 01.746s,    000h 02m 08.277s
75,    1745,    130022,    000h 00m 01.745s,    000h 02m 10.022s
76,    1750,    131772,    000h 00m 01.750s,    000h 02m 11.772s
77,    1720,    133492,    000h 00m 01.720s,    000h 02m 13.492s
78,    1719,    135211,    000h 00m 01.719s,    000h 02m 15.211s
79,    1758,    136969,    000h 00m 01.758s,    000h 02m 16.969s
80,    1665,    138634,    000h 00m 01.665s,    000h 02m 18.634s
81,    1750,    140384,    000h 00m 01.750s,    000h 02m 20.384s
82,    1728,    142112,    000h 00m 01.728s,    000h 02m 22.112s
83,    1731,    143843,    000h 00m 01.731s,    000h 02m 23.843s
84,    1690,    145533,    000h 00m 01.690s,    000h 02m 25.533s
85,    1656,    147189,    000h 00m 01.656s,    000h 02m 27.189s
86,    1699,    148888,    000h 00m 01.699s,    000h 02m 28.888s
87,    1751,    150639,    000h 00m 01.751s,    000h 02m 30.639s
88,    1698,    152337,    000h 00m 01.698s,    000h 02m 32.337s
89,    1632,    153969,    000h 00m 01.632s,    000h 02m 33.969s
90,    1745,    155714,    000h 00m 01.745s,    000h 02m 35.714s
91,    1753,    157467,    000h 00m 01.753s,    000h 02m 37.467s
92,    1699,    159166,    000h 00m 01.699s,    000h 02m 39.166s
93,    1779,    160945,    000h 00m 01.779s,    000h 02m 40.945s
94,    1748,    162693,    000h 00m 01.748s,    000h 02m 42.693s
95,    1747,    164440,    000h 00m 01.747s,    000h 02m 44.440s
96,    1739,    166179,    000h 00m 01.739s,    000h 02m 46.179s
97,    1717,    167896,    000h 00m 01.717s,    000h 02m 47.896s
98,    1740,    169636,    000h 00m 01.740s,    000h 02m 49.636s
99,    1656,    171292,    000h 00m 01.656s,    000h 02m 51.292s
100,    1675,    172967,    000h 00m 01.675s,    000h 02m 52.967s
101,    1621,    174588,    000h 00m 01.621s,    000h 02m 54.588s
102,    1786,    176374,    000h 00m 01.786s,    000h 02m 56.374s
103,    1651,    178025,    000h 00m 01.651s,    000h 02m 58.025s
104,    1741,    179766,    000h 00m 01.741s,    000h 02m 59.766s
105,    1626,    181392,    000h 00m 01.626s,    000h 03m 01.392s
106,    1712,    183104,    000h 00m 01.712s,    000h 03m 03.104s
107,    1766,    184870,    000h 00m 01.766s,    000h 03m 04.870s
108,    1728,    186598,    000h 00m 01.728s,    000h 03m 06.598s
109,    1694,    188292,    000h 00m 01.694s,    000h 03m 08.292s
110,    1759,    190051,    000h 00m 01.759s,    000h 03m 10.051s
111,    1696,    191747,    000h 00m 01.696s,    000h 03m 11.747s
112,    1738,    193485,    000h 00m 01.738s,    000h 03m 13.485s
113,    1750,    195235,    000h 00m 01.750s,    000h 03m 15.235s
114,    1709,    196944,    000h 00m 01.709s,    000h 03m 16.944s
115,    1684,    198628,    000h 00m 01.684s,    000h 03m 18.628s
116,    1639,    200267,    000h 00m 01.639s,    000h 03m 20.267s
117,    1719,    201986,    000h 00m 01.719s,    000h 03m 21.986s
118,    1763,    203749,    000h 00m 01.763s,    000h 03m 23.749s
119,    1600,    205349,    000h 00m 01.600s,    000h 03m 25.349s
120,    1614,    206963,    000h 00m 01.614s,    000h 03m 26.963s
121,    1769,    208732,    000h 00m 01.769s,    000h 03m 28.732s
122,    1620,    210352,    000h 00m 01.620s,    000h 03m 30.352s
123,    1773,    212125,    000h 00m 01.773s,    000h 03m 32.125s
124,    1741,    213866,    000h 00m 01.741s,    000h 03m 33.866s
125,    1731,    215597,    000h 00m 01.731s,    000h 03m 35.597s
126,    1692,    217289,    000h 00m 01.692s,    000h 03m 37.289s
127,    1727,    219016,    000h 00m 01.727s,    000h 03m 39.016s
128,    1705,    220721,    000h 00m 01.705s,    000h 03m 40.721s
129,    1734,    222455,    000h 00m 01.734s,    000h 03m 42.455s
130,    1658,    224113,    000h 00m 01.658s,    000h 03m 44.113s
131,    1760,    225873,    000h 00m 01.760s,    000h 03m 45.873s
132,    1748,    227621,    000h 00m 01.748s,    000h 03m 47.621s
133,    1697,    229318,    000h 00m 01.697s,    000h 03m 49.318s
134,    1726,    231044,    000h 00m 01.726s,    000h 03m 51.044s
135,    1615,    232659,    000h 00m 01.615s,    000h 03m 52.659s
136,    1748,    234407,    000h 00m 01.748s,    000h 03m 54.407s
137,    1747,    236154,    000h 00m 01.747s,    000h 03m 56.154s
138,    1713,    237867,    000h 00m 01.713s,    000h 03m 57.867s
139,    1727,    239594,    000h 00m 01.727s,    000h 03m 59.594s
140,    1693,    241287,    000h 00m 01.693s,    000h 04m 01.287s
141,    1714,    243001,    000h 00m 01.714s,    000h 04m 03.001s
142,    1663,    244664,    000h 00m 01.663s,    000h 04m 04.664s
143,    1782,    246446,    000h 00m 01.782s,    000h 04m 06.446s
144,    1747,    248193,    000h 00m 01.747s,    000h 04m 08.193s
145,    1721,    249914,    000h 00m 01.721s,    000h 04m 09.914s
146,    1675,    251589,    000h 00m 01.675s,    000h 04m 11.589s
147,    1637,    253226,    000h 00m 01.637s,    000h 04m 13.226s
148,    1715,    254941,    000h 00m 01.715s,    000h 04m 14.941s
149,    1737,    256678,    000h 00m 01.737s,    000h 04m 16.678s
150,    1692,    258370,    000h 00m 01.692s,    000h 04m 18.370s
151,    1750,    260120,    000h 00m 01.750s,    000h 04m 20.120s
152,    1648,    261768,    000h 00m 01.648s,    000h 04m 21.768s
153,    1762,    263530,    000h 00m 01.762s,    000h 04m 23.530s
154,    1758,    265288,    000h 00m 01.758s,    000h 04m 25.288s
155,    1733,    267021,    000h 00m 01.733s,    000h 04m 27.021s
156,    1749,    268770,    000h 00m 01.749s,    000h 04m 28.770s
157,    1776,    270546,    000h 00m 01.776s,    000h 04m 30.546s
158,    1787,    272333,    000h 00m 01.787s,    000h 04m 32.333s
159,    1706,    274039,    000h 00m 01.706s,    000h 04m 34.039s
160,    1730,    275769,    000h 00m 01.730s,    000h 04m 35.769s
161,    1673,    277442,    000h 00m 01.673s,    000h 04m 37.442s
162,    1706,    279148,    000h 00m 01.706s,    000h 04m 39.148s
163,    1673,    280821,    000h 00m 01.673s,    000h 04m 40.821s
164,    1747,    282568,    000h 00m 01.747s,    000h 04m 42.568s
165,    1764,    284332,    000h 00m 01.764s,    000h 04m 44.332s
166,    1721,    286053,    000h 00m 01.721s,    000h 04m 46.053s
167,    1705,    287758,    000h 00m 01.705s,    000h 04m 47.758s
168,    1732,    289490,    000h 00m 01.732s,    000h 04m 49.490s
169,    1745,    291235,    000h 00m 01.745s,    000h 04m 51.235s
170,    1763,    292998,    000h 00m 01.763s,    000h 04m 52.998s
171,    1623,    294621,    000h 00m 01.623s,    000h 04m 54.621s
172,    1699,    296320,    000h 00m 01.699s,    000h 04m 56.320s
173,    1756,    298076,    000h 00m 01.756s,    000h 04m 58.076s
174,    1641,    299717,    000h 00m 01.641s,    000h 04m 59.717s
175,    1734,    301451,    000h 00m 01.734s,    000h 05m 01.451s
176,    1706,    303157,    000h 00m 01.706s,    000h 05m 03.157s
177,    1768,    304925,    000h 00m 01.768s,    000h 05m 04.925s
178,    1630,    306555,    000h 00m 01.630s,    000h 05m 06.555s
179,    1735,    308290,    000h 00m 01.735s,    000h 05m 08.290s
180,    1700,    309990,    000h 00m 01.700s,    000h 05m 09.990s
181,    1743,    311733,    000h 00m 01.743s,    000h 05m 11.733s
182,    1750,    313483,    000h 00m 01.750s,    000h 05m 13.483s
183,    1731,    315214,    000h 00m 01.731s,    000h 05m 15.214s
184,    1731,    316945,    000h 00m 01.731s,    000h 05m 16.945s
185,    1756,    318701,    000h 00m 01.756s,    000h 05m 18.701s
186,    1733,    320434,    000h 00m 01.733s,    000h 05m 20.434s
187,    1728,    322162,    000h 00m 01.728s,    000h 05m 22.162s
188,    1707,    323869,    000h 00m 01.707s,    000h 05m 23.869s
189,    1713,    325582,    000h 00m 01.713s,    000h 05m 25.582s
190,    1721,    327303,    000h 00m 01.721s,    000h 05m 27.303s
191,    1745,    329048,    000h 00m 01.745s,    000h 05m 29.048s
192,    1706,    330754,    000h 00m 01.706s,    000h 05m 30.754s
193,    1620,    332374,    000h 00m 01.620s,    000h 05m 32.374s
194,    1690,    334064,    000h 00m 01.690s,    000h 05m 34.064s
195,    1651,    335715,    000h 00m 01.651s,    000h 05m 35.715s
196,    1625,    337340,    000h 00m 01.625s,    000h 05m 37.340s
197,    1720,    339060,    000h 00m 01.720s,    000h 05m 39.060s
198,    1752,    340812,    000h 00m 01.752s,    000h 05m 40.812s
199,    1688,    342500,    000h 00m 01.688s,    000h 05m 42.500s
200,    1780,    344280,    000h 00m 01.780s,    000h 05m 44.280s
201,    1702,    345982,    000h 00m 01.702s,    000h 05m 45.982s
202,    1730,    347712,    000h 00m 01.730s,    000h 05m 47.712s
203,    1753,    349465,    000h 00m 01.753s,    000h 05m 49.465s
204,    1692,    351157,    000h 00m 01.692s,    000h 05m 51.157s
205,    1754,    352911,    000h 00m 01.754s,    000h 05m 52.911s
206,    1675,    354586,    000h 00m 01.675s,    000h 05m 54.586s
207,    1709,    356295,    000h 00m 01.709s,    000h 05m 56.295s
208,    1694,    357989,    000h 00m 01.694s,    000h 05m 57.989s
209,    1740,    359729,    000h 00m 01.740s,    000h 05m 59.729s
210,    1658,    361387,    000h 00m 01.658s,    000h 06m 01.387s
211,    1619,    363006,    000h 00m 01.619s,    000h 06m 03.006s
212,    1708,    364714,    000h 00m 01.708s,    000h 06m 04.714s
213,    1699,    366413,    000h 00m 01.699s,    000h 06m 06.413s
214,    1648,    368061,    000h 00m 01.648s,    000h 06m 08.061s
215,    1736,    369797,    000h 00m 01.736s,    000h 06m 09.797s
216,    1735,    371532,    000h 00m 01.735s,    000h 06m 11.532s
217,    1759,    373291,    000h 00m 01.759s,    000h 06m 13.291s
218,    1668,    374959,    000h 00m 01.668s,    000h 06m 14.959s
219,    1766,    376725,    000h 00m 01.766s,    000h 06m 16.725s
220,    1677,    378402,    000h 00m 01.677s,    000h 06m 18.402s
221,    1731,    380133,    000h 00m 01.731s,    000h 06m 20.133s
222,    1752,    381885,    000h 00m 01.752s,    000h 06m 21.885s
223,    1732,    383617,    000h 00m 01.732s,    000h 06m 23.617s
224,    1751,    385368,    000h 00m 01.751s,    000h 06m 25.368s
225,    1715,    387083,    000h 00m 01.715s,    000h 06m 27.083s
226,    1663,    388746,    000h 00m 01.663s,    000h 06m 28.746s
227,    1732,    390478,    000h 00m 01.732s,    000h 06m 30.478s
228,    1723,    392201,    000h 00m 01.723s,    000h 06m 32.201s
229,    1746,    393947,    000h 00m 01.746s,    000h 06m 33.947s
230,    1647,    395594,    000h 00m 01.647s,    000h 06m 35.594s
231,    1622,    397216,    000h 00m 01.622s,    000h 06m 37.216s
232,    1639,    398855,    000h 00m 01.639s,    000h 06m 38.855s
233,    1752,    400607,    000h 00m 01.752s,    000h 06m 40.607s
234,    1647,    402254,    000h 00m 01.647s,    000h 06m 42.254s
235,    1771,    404025,    000h 00m 01.771s,    000h 06m 44.025s
236,    1755,    405780,    000h 00m 01.755s,    000h 06m 45.780s
237,    1730,    407510,    000h 00m 01.730s,    000h 06m 47.510s
238,    1753,    409263,    000h 00m 01.753s,    000h 06m 49.263s
239,    1748,    411011,    000h 00m 01.748s,    000h 06m 51.011s
240,    1705,    412716,    000h 00m 01.705s,    000h 06m 52.716s
241,    1759,    414475,    000h 00m 01.759s,    000h 06m 54.475s
242,    1733,    416208,    000h 00m 01.733s,    000h 06m 56.208s
243,    1648,    417856,    000h 00m 01.648s,    000h 06m 57.856s
244,    1673,    419529,    000h 00m 01.673s,    000h 06m 59.529s
245,    1743,    421272,    000h 00m 01.743s,    000h 07m 01.272s
246,    1757,    423029,    000h 00m 01.757s,    000h 07m 03.029s
247,    1682,    424711,    000h 00m 01.682s,    000h 07m 04.711s
248,    1723,    426434,    000h 00m 01.723s,    000h 07m 06.434s
249,    1693,    428127,    000h 00m 01.693s,    000h 07m 08.127s
250,    1692,    429819,    000h 00m 01.692s,    000h 07m 09.819s
251,    1708,    431527,    000h 00m 01.708s,    000h 07m 11.527s
252,    1744,    433271,    000h 00m 01.744s,    000h 07m 13.271s
253,    1729,    435000,    000h 00m 01.729s,    000h 07m 15.000s
254,    1742,    436742,    000h 00m 01.742s,    000h 07m 16.742s
255,    1756,    438498,    000h 00m 01.756s,    000h 07m 18.498s
256,    1716,    440214,    000h 00m 01.716s,    000h 07m 20.214s
257,    1753,    441967,    000h 00m 01.753s,    000h 07m 21.967s
258,    1738,    443705,    000h 00m 01.738s,    000h 07m 23.705s
259,    1704,    445409,    000h 00m 01.704s,    000h 07m 25.409s
260,    1750,    447159,    000h 00m 01.750s,    000h 07m 27.159s
261,    1764,    448923,    000h 00m 01.764s,    000h 07m 28.923s
262,    1732,    450655,    000h 00m 01.732s,    000h 07m 30.655s
263,    1725,    452380,    000h 00m 01.725s,    000h 07m 32.380s
264,    1741,    454121,    000h 00m 01.741s,    000h 07m 34.121s
265,    1766,    455887,    000h 00m 01.766s,    000h 07m 35.887s
266,    1629,    457516,    000h 00m 01.629s,    000h 07m 37.516s
267,    1711,    459227,    000h 00m 01.711s,    000h 07m 39.227s
268,    1771,    460998,    000h 00m 01.771s,    000h 07m 40.998s
269,    1717,    462715,    000h 00m 01.717s,    000h 07m 42.715s
270,    1755,    464470,    000h 00m 01.755s,    000h 07m 44.470s
271,    1723,    466193,    000h 00m 01.723s,    000h 07m 46.193s
272,    1722,    467915,    000h 00m 01.722s,    000h 07m 47.915s
273,    1693,    469608,    000h 00m 01.693s,    000h 07m 49.608s
274,    1681,    471289,    000h 00m 01.681s,    000h 07m 51.289s
275,    1719,    473008,    000h 00m 01.719s,    000h 07m 53.008s
276,    1668,    474676,    000h 00m 01.668s,    000h 07m 54.676s
277,    1773,    476449,    000h 00m 01.773s,    000h 07m 56.449s
278,    1681,    478130,    000h 00m 01.681s,    000h 07m 58.130s
279,    1726,    479856,    000h 00m 01.726s,    000h 07m 59.856s
280,    1788,    481644,    000h 00m 01.788s,    000h 08m 01.644s
281,    1688,    483332,    000h 00m 01.688s,    000h 08m 03.332s
282,    1747,    485079,    000h 00m 01.747s,    000h 08m 05.079s
283,    1716,    486795,    000h 00m 01.716s,    000h 08m 06.795s
284,    1728,    488523,    000h 00m 01.728s,    000h 08m 08.523s
285,    1737,    490260,    000h 00m 01.737s,    000h 08m 10.260s
286,    1708,    491968,    000h 00m 01.708s,    000h 08m 11.968s
287,    1705,    493673,    000h 00m 01.705s,    000h 08m 13.673s
288,    1752,    495425,    000h 00m 01.752s,    000h 08m 15.425s
289,    1671,    497096,    000h 00m 01.671s,    000h 08m 17.096s
290,    1632,    498728,    000h 00m 01.632s,    000h 08m 18.728s
291,    1724,    500452,    000h 00m 01.724s,    000h 08m 20.452s
292,    1708,    502160,    000h 00m 01.708s,    000h 08m 22.160s
293,    1674,    503834,    000h 00m 01.674s,    000h 08m 23.834s
294,    1672,    505506,    000h 00m 01.672s,    000h 08m 25.506s
295,    1730,    507236,    000h 00m 01.730s,    000h 08m 27.236s
296,    1735,    508971,    000h 00m 01.735s,    000h 08m 28.971s
297,    1770,    510741,    000h 00m 01.770s,    000h 08m 30.741s
298,    1761,    512502,    000h 00m 01.761s,    000h 08m 32.502s
299,    1731,    514233,    000h 00m 01.731s,    000h 08m 34.233s
300,    1751,    515984,    000h 00m 01.751s,    000h 08m 35.984s
301,    1727,    517711,    000h 00m 01.727s,    000h 08m 37.711s
302,    1643,    519354,    000h 00m 01.643s,    000h 08m 39.354s
303,    1661,    521015,    000h 00m 01.661s,    000h 08m 41.015s
304,    1636,    522651,    000h 00m 01.636s,    000h 08m 42.651s
305,    1731,    524382,    000h 00m 01.731s,    000h 08m 44.382s
306,    1762,    526144,    000h 00m 01.762s,    000h 08m 46.144s
307,    1684,    527828,    000h 00m 01.684s,    000h 08m 47.828s
308,    1704,    529532,    000h 00m 01.704s,    000h 08m 49.532s
309,    1719,    531251,    000h 00m 01.719s,    000h 08m 51.251s
310,    1718,    532969,    000h 00m 01.718s,    000h 08m 52.969s
311,    1784,    534753,    000h 00m 01.784s,    000h 08m 54.753s
312,    1641,    536394,    000h 00m 01.641s,    000h 08m 56.394s
313,    1736,    538130,    000h 00m 01.736s,    000h 08m 58.130s
314,    1767,    539897,    000h 00m 01.767s,    000h 08m 59.897s
315,    1628,    541525,    000h 00m 01.628s,    000h 09m 01.525s
316,    1752,    543277,    000h 00m 01.752s,    000h 09m 03.277s
317,    1687,    544964,    000h 00m 01.687s,    000h 09m 04.964s
318,    1624,    546588,    000h 00m 01.624s,    000h 09m 06.588s
319,    1744,    548332,    000h 00m 01.744s,    000h 09m 08.332s
320,    1697,    550029,    000h 00m 01.697s,    000h 09m 10.029s
321,    1753,    551782,    000h 00m 01.753s,    000h 09m 11.782s
322,    1740,    553522,    000h 00m 01.740s,    000h 09m 13.522s
323,    1743,    555265,    000h 00m 01.743s,    000h 09m 15.265s
324,    1655,    556920,    000h 00m 01.655s,    000h 09m 16.920s
325,    1625,    558545,    000h 00m 01.625s,    000h 09m 18.545s
326,    1754,    560299,    000h 00m 01.754s,    000h 09m 20.299s
327,    1747,    562046,    000h 00m 01.747s,    000h 09m 22.046s
328,    1802,    563848,    000h 00m 01.802s,    000h 09m 23.848s
329,    1698,    565546,    000h 00m 01.698s,    000h 09m 25.546s
330,    1751,    567297,    000h 00m 01.751s,    000h 09m 27.297s
331,    1630,    568927,    000h 00m 01.630s,    000h 09m 28.927s
332,    1738,    570665,    000h 00m 01.738s,    000h 09m 30.665s
333,    1662,    572327,    000h 00m 01.662s,    000h 09m 32.327s
334,    1640,    573967,    000h 00m 01.640s,    000h 09m 33.967s
335,    1713,    575680,    000h 00m 01.713s,    000h 09m 35.680s
336,    1751,    577431,    000h 00m 01.751s,    000h 09m 37.431s
337,    1742,    579173,    000h 00m 01.742s,    000h 09m 39.173s
338,    1743,    580916,    000h 00m 01.743s,    000h 09m 40.916s
339,    1764,    582680,    000h 00m 01.764s,    000h 09m 42.680s
340,    1685,    584365,    000h 00m 01.685s,    000h 09m 44.365s
341,    1765,    586130,    000h 00m 01.765s,    000h 09m 46.130s
342,    1753,    587883,    000h 00m 01.753s,    000h 09m 47.883s
343,    1758,    589641,    000h 00m 01.758s,    000h 09m 49.641s
344,    1730,    591371,    000h 00m 01.730s,    000h 09m 51.371s
345,    1792,    593163,    000h 00m 01.792s,    000h 09m 53.163s
346,    1711,    594874,    000h 00m 01.711s,    000h 09m 54.874s
347,    1737,    596611,    000h 00m 01.737s,    000h 09m 56.611s
348,    1685,    598296,    000h 00m 01.685s,    000h 09m 58.296s
349,    1687,    599983,    000h 00m 01.687s,    000h 09m 59.983s
350,    1718,    601701,    000h 00m 01.718s,    000h 10m 01.701s
351,    1600,    603301,    000h 00m 01.600s,    000h 10m 03.301s
352,    1746,    605047,    000h 00m 01.746s,    000h 10m 05.047s
353,    1724,    606771,    000h 00m 01.724s,    000h 10m 06.771s
354,    1642,    608413,    000h 00m 01.642s,    000h 10m 08.413s
355,    1765,    610178,    000h 00m 01.765s,    000h 10m 10.178s
356,    1691,    611869,    000h 00m 01.691s,    000h 10m 11.869s
357,    1639,    613508,    000h 00m 01.639s,    000h 10m 13.508s
358,    1708,    615216,    000h 00m 01.708s,    000h 10m 15.216s
359,    1707,    616923,    000h 00m 01.707s,    000h 10m 16.923s
360,    1750,    618673,    000h 00m 01.750s,    000h 10m 18.673s
361,    1740,    620413,    000h 00m 01.740s,    000h 10m 20.413s
362,    1729,    622142,    000h 00m 01.729s,    000h 10m 22.142s
363,    1652,    623794,    000h 00m 01.652s,    000h 10m 23.794s
364,    1667,    625461,    000h 00m 01.667s,    000h 10m 25.461s
365,    1629,    627090,    000h 00m 01.629s,    000h 10m 27.090s
366,    1662,    628752,    000h 00m 01.662s,    000h 10m 28.752s
367,    1734,    630486,    000h 00m 01.734s,    000h 10m 30.486s
368,    1737,    632223,    000h 00m 01.737s,    000h 10m 32.223s
369,    1593,    633816,    000h 00m 01.593s,    000h 10m 33.816s
370,    1734,    635550,    000h 00m 01.734s,    000h 10m 35.550s
371,    1690,    637240,    000h 00m 01.690s,    000h 10m 37.240s
372,    1699,    638939,    000h 00m 01.699s,    000h 10m 38.939s
373,    1695,    640634,    000h 00m 01.695s,    000h 10m 40.634s
374,    1734,    642368,    000h 00m 01.734s,    000h 10m 42.368s
375,    1662,    644030,    000h 00m 01.662s,    000h 10m 44.030s
376,    1726,    645756,    000h 00m 01.726s,    000h 10m 45.756s
377,    1718,    647474,    000h 00m 01.718s,    000h 10m 47.474s
378,    1746,    649220,    000h 00m 01.746s,    000h 10m 49.220s
379,    1712,    650932,    000h 00m 01.712s,    000h 10m 50.932s
380,    1711,    652643,    000h 00m 01.711s,    000h 10m 52.643s
381,    1699,    654342,    000h 00m 01.699s,    000h 10m 54.342s
382,    1656,    655998,    000h 00m 01.656s,    000h 10m 55.998s
383,    1765,    657763,    000h 00m 01.765s,    000h 10m 57.763s
384,    1716,    659479,    000h 00m 01.716s,    000h 10m 59.479s
385,    1750,    661229,    000h 00m 01.750s,    000h 11m 01.229s
386,    1720,    662949,    000h 00m 01.720s,    000h 11m 02.949s
387,    1729,    664678,    000h 00m 01.729s,    000h 11m 04.678s
388,    1626,    666304,    000h 00m 01.626s,    000h 11m 06.304s
389,    1765,    668069,    000h 00m 01.765s,    000h 11m 08.069s
390,    1753,    669822,    000h 00m 01.753s,    000h 11m 09.822s
391,    1708,    671530,    000h 00m 01.708s,    000h 11m 11.530s
392,    1712,    673242,    000h 00m 01.712s,    000h 11m 13.242s
393,    1677,    674919,    000h 00m 01.677s,    000h 11m 14.919s
394,    1724,    676643,    000h 00m 01.724s,    000h 11m 16.643s
395,    1755,    678398,    000h 00m 01.755s,    000h 11m 18.398s
396,    1721,    680119,    000h 00m 01.721s,    000h 11m 20.119s
397,    1688,    681807,    000h 00m 01.688s,    000h 11m 21.807s
398,    1744,    683551,    000h 00m 01.744s,    000h 11m 23.551s
399,    1703,    685254,    000h 00m 01.703s,    000h 11m 25.254s
400,    1669,    686923,    000h 00m 01.669s,    000h 11m 26.923s
401,    1744,    688667,    000h 00m 01.744s,    000h 11m 28.667s
402,    1746,    690413,    000h 00m 01.746s,    000h 11m 30.413s
403,    1631,    692044,    000h 00m 01.631s,    000h 11m 32.044s
404,    1733,    693777,    000h 00m 01.733s,    000h 11m 33.777s
405,    1747,    695524,    000h 00m 01.747s,    000h 11m 35.524s
406,    1746,    697270,    000h 00m 01.746s,    000h 11m 37.270s
407,    1661,    698931,    000h 00m 01.661s,    000h 11m 38.931s
408,    1674,    700605,    000h 00m 01.674s,    000h 11m 40.605s
409,    1633,    702238,    000h 00m 01.633s,    000h 11m 42.238s
410,    1778,    704016,    000h 00m 01.778s,    000h 11m 44.016s
411,    1771,    705787,    000h 00m 01.771s,    000h 11m 45.787s
412,    1749,    707536,    000h 00m 01.749s,    000h 11m 47.536s
413,    1615,    709151,    000h 00m 01.615s,    000h 11m 49.151s
414,    1754,    710905,    000h 00m 01.754s,    000h 11m 50.905s
415,    1743,    712648,    000h 00m 01.743s,    000h 11m 52.648s
416,    1715,    714363,    000h 00m 01.715s,    000h 11m 54.363s
417,    1755,    716118,    000h 00m 01.755s,    000h 11m 56.118s
418,    1710,    717828,    000h 00m 01.710s,    000h 11m 57.828s
419,    1605,    719433,    000h 00m 01.605s,    000h 11m 59.433s
420,    1780,    721213,    000h 00m 01.780s,    000h 12m 01.213s
421,    1790,    723003,    000h 00m 01.790s,    000h 12m 03.003s
422,    1774,    724777,    000h 00m 01.774s,    000h 12m 04.777s
423,    1712,    726489,    000h 00m 01.712s,    000h 12m 06.489s
424,    1764,    728253,    000h 00m 01.764s,    000h 12m 08.253s
425,    1753,    730006,    000h 00m 01.753s,    000h 12m 10.006s
426,    1721,    731727,    000h 00m 01.721s,    000h 12m 11.727s
427,    1748,    733475,    000h 00m 01.748s,    000h 12m 13.475s
428,    1603,    735078,    000h 00m 01.603s,    000h 12m 15.078s
429,    1749,    736827,    000h 00m 01.749s,    000h 12m 16.827s
430,    1732,    738559,    000h 00m 01.732s,    000h 12m 18.559s
431,    1735,    740294,    000h 00m 01.735s,    000h 12m 20.294s
432,    1751,    742045,    000h 00m 01.751s,    000h 12m 22.045s
433,    1643,    743688,    000h 00m 01.643s,    000h 12m 23.688s
434,    1751,    745439,    000h 00m 01.751s,    000h 12m 25.439s
435,    1690,    747129,    000h 00m 01.690s,    000h 12m 27.129s
436,    1734,    748863,    000h 00m 01.734s,    000h 12m 28.863s
437,    1756,    750619,    000h 00m 01.756s,    000h 12m 30.619s
438,    1779,    752398,    000h 00m 01.779s,    000h 12m 32.398s
439,    1746,    754144,    000h 00m 01.746s,    000h 12m 34.144s
440,    1761,    755905,    000h 00m 01.761s,    000h 12m 35.905s
441,    1680,    757585,    000h 00m 01.680s,    000h 12m 37.585s
442,    1625,    759210,    000h 00m 01.625s,    000h 12m 39.210s
443,    1738,    760948,    000h 00m 01.738s,    000h 12m 40.948s
444,    1644,    762592,    000h 00m 01.644s,    000h 12m 42.592s
445,    1775,    764367,    000h 00m 01.775s,    000h 12m 44.367s
446,    1631,    765998,    000h 00m 01.631s,    000h 12m 45.998s
447,    1770,    767768,    000h 00m 01.770s,    000h 12m 47.768s
448,    1731,    769499,    000h 00m 01.731s,    000h 12m 49.499s
449,    1745,    771244,    000h 00m 01.745s,    000h 12m 51.244s
450,    1754,    772998,    000h 00m 01.754s,    000h 12m 52.998s
451,    1721,    774719,    000h 00m 01.721s,    000h 12m 54.719s
452,    1732,    776451,    000h 00m 01.732s,    000h 12m 56.451s
453,    1731,    778182,    000h 00m 01.731s,    000h 12m 58.182s
454,    1717,    779899,    000h 00m 01.717s,    000h 12m 59.899s
455,    1768,    781667,    000h 00m 01.768s,    000h 13m 01.667s
456,    1654,    783321,    000h 00m 01.654s,    000h 13m 03.321s
457,    1623,    784944,    000h 00m 01.623s,    000h 13m 04.944s
458,    1685,    786629,    000h 00m 01.685s,    000h 13m 06.629s
459,    1742,    788371,    000h 00m 01.742s,    000h 13m 08.371s
460,    1705,    790076,    000h 00m 01.705s,    000h 13m 10.076s
461,    1758,    791834,    000h 00m 01.758s,    000h 13m 11.834s
462,    1754,    793588,    000h 00m 01.754s,    000h 13m 13.588s
463,    1694,    795282,    000h 00m 01.694s,    000h 13m 15.282s
464,    1752,    797034,    000h 00m 01.752s,    000h 13m 17.034s
465,    1718,    798752,    000h 00m 01.718s,    000h 13m 18.752s
466,    1711,    800463,    000h 00m 01.711s,    000h 13m 20.463s
467,    1745,    802208,    000h 00m 01.745s,    000h 13m 22.208s
468,    1674,    803882,    000h 00m 01.674s,    000h 13m 23.882s
469,    1715,    805597,    000h 00m 01.715s,    000h 13m 25.597s
470,    1773,    807370,    000h 00m 01.773s,    000h 13m 27.370s
471,    1706,    809076,    000h 00m 01.706s,    000h 13m 29.076s
472,    1637,    810713,    000h 00m 01.637s,    000h 13m 30.713s
473,    1752,    812465,    000h 00m 01.752s,    000h 13m 32.465s
474,    1740,    814205,    000h 00m 01.740s,    000h 13m 34.205s
475,    1666,    815871,    000h 00m 01.666s,    000h 13m 35.871s
476,    1639,    817510,    000h 00m 01.639s,    000h 13m 37.510s
477,    1775,    819285,    000h 00m 01.775s,    000h 13m 39.285s
478,    1633,    820918,    000h 00m 01.633s,    000h 13m 40.918s
479,    1738,    822656,    000h 00m 01.738s,    000h 13m 42.656s
480,    1630,    824286,    000h 00m 01.630s,    000h 13m 44.286s
481,    1745,    826031,    000h 00m 01.745s,    000h 13m 46.031s
482,    1671,    827702,    000h 00m 01.671s,    000h 13m 47.702s
483,    1738,    829440,    000h 00m 01.738s,    000h 13m 49.440s
484,    1662,    831102,    000h 00m 01.662s,    000h 13m 51.102s
485,    1658,    832760,    000h 00m 01.658s,    000h 13m 52.760s
486,    1765,    834525,    000h 00m 01.765s,    000h 13m 54.525s
487,    1669,    836194,    000h 00m 01.669s,    000h 13m 56.194s
488,    1750,    837944,    000h 00m 01.750s,    000h 13m 57.944s
489,    1679,    839623,    000h 00m 01.679s,    000h 13m 59.623s
490,    1746,    841369,    000h 00m 01.746s,    000h 14m 01.369s
491,    1765,    843134,    000h 00m 01.765s,    000h 14m 03.134s
492,    1741,    844875,    000h 00m 01.741s,    000h 14m 04.875s
493,    1720,    846595,    000h 00m 01.720s,    000h 14m 06.595s
494,    1650,    848245,    000h 00m 01.650s,    000h 14m 08.245s
495,    1739,    849984,    000h 00m 01.739s,    000h 14m 09.984s
496,    1767,    851751,    000h 00m 01.767s,    000h 14m 11.751s
497,    1754,    853505,    000h 00m 01.754s,    000h 14m 13.505s
498,    1666,    855171,    000h 00m 01.666s,    000h 14m 15.171s
499,    1650,    856821,    000h 00m 01.650s,    000h 14m 16.821s
500,    1772,    858593,    000h 00m 01.772s,    000h 14m 18.593s
501,    1727,    860320,    000h 00m 01.727s,    000h 14m 20.320s
502,    1750,    862070,    000h 00m 01.750s,    000h 14m 22.070s
503,    1762,    863832,    000h 00m 01.762s,    000h 14m 23.832s
504,    1716,    865548,    000h 00m 01.716s,    000h 14m 25.548s
505,    1610,    867158,    000h 00m 01.610s,    000h 14m 27.158s
506,    1634,    868792,    000h 00m 01.634s,    000h 14m 28.792s
507,    1721,    870513,    000h 00m 01.721s,    000h 14m 30.513s
508,    1715,    872228,    000h 00m 01.715s,    000h 14m 32.228s
509,    1749,    873977,    000h 00m 01.749s,    000h 14m 33.977s
510,    1748,    875725,    000h 00m 01.748s,    000h 14m 35.725s
511,    1748,    877473,    000h 00m 01.748s,    000h 14m 37.473s
512,    1704,    879177,    000h 00m 01.704s,    000h 14m 39.177s
513,    1771,    880948,    000h 00m 01.771s,    000h 14m 40.948s
514,    1683,    882631,    000h 00m 01.683s,    000h 14m 42.631s
515,    1749,    884380,    000h 00m 01.749s,    000h 14m 44.380s
516,    1682,    886062,    000h 00m 01.682s,    000h 14m 46.062s
517,    1712,    887774,    000h 00m 01.712s,    000h 14m 47.774s
518,    1675,    889449,    000h 00m 01.675s,    000h 14m 49.449s
519,    1690,    891139,    000h 00m 01.690s,    000h 14m 51.139s
520,    1644,    892783,    000h 00m 01.644s,    000h 14m 52.783s
521,    1722,    894505,    000h 00m 01.722s,    000h 14m 54.505s
522,    1666,    896171,    000h 00m 01.666s,    000h 14m 56.171s
523,    1631,    897802,    000h 00m 01.631s,    000h 14m 57.802s
524,    1712,    899514,    000h 00m 01.712s,    000h 14m 59.514s
525,    1747,    901261,    000h 00m 01.747s,    000h 15m 01.261s
526,    1751,    903012,    000h 00m 01.751s,    000h 15m 03.012s
527,    1656,    904668,    000h 00m 01.656s,    000h 15m 04.668s
528,    1670,    906338,    000h 00m 01.670s,    000h 15m 06.338s
529,    1751,    908089,    000h 00m 01.751s,    000h 15m 08.089s
530,    1788,    909877,    000h 00m 01.788s,    000h 15m 09.877s
531,    1661,    911538,    000h 00m 01.661s,    000h 15m 11.538s
532,    1719,    913257,    000h 00m 01.719s,    000h 15m 13.257s
533,    1673,    914930,    000h 00m 01.673s,    000h 15m 14.930s
534,    1756,    916686,    000h 00m 01.756s,    000h 15m 16.686s
535,    1706,    918392,    000h 00m 01.706s,    000h 15m 18.392s
536,    1746,    920138,    000h 00m 01.746s,    000h 15m 20.138s
537,    1635,    921773,    000h 00m 01.635s,    000h 15m 21.773s
538,    1716,    923489,    000h 00m 01.716s,    000h 15m 23.489s
539,    1735,    925224,    000h 00m 01.735s,    000h 15m 25.224s
540,    1744,    926968,    000h 00m 01.744s,    000h 15m 26.968s
541,    1717,    928685,    000h 00m 01.717s,    000h 15m 28.685s
542,    1712,    930397,    000h 00m 01.712s,    000h 15m 30.397s
543,    1751,    932148,    000h 00m 01.751s,    000h 15m 32.148s
544,    1702,    933850,    000h 00m 01.702s,    000h 15m 33.850s
545,    1740,    935590,    000h 00m 01.740s,    000h 15m 35.590s
546,    1714,    937304,    000h 00m 01.714s,    000h 15m 37.304s
547,    1684,    938988,    000h 00m 01.684s,    000h 15m 38.988s
548,    1724,    940712,    000h 00m 01.724s,    000h 15m 40.712s
549,    1734,    942446,    000h 00m 01.734s,    000h 15m 42.446s
550,    1735,    944181,    000h 00m 01.735s,    000h 15m 44.181s
551,    1631,    945812,    000h 00m 01.631s,    000h 15m 45.812s
552,    1747,    947559,    000h 00m 01.747s,    000h 15m 47.559s
553,    1725,    949284,    000h 00m 01.725s,    000h 15m 49.284s
554,    1713,    950997,    000h 00m 01.713s,    000h 15m 50.997s
555,    1752,    952749,    000h 00m 01.752s,    000h 15m 52.749s
556,    1678,    954427,    000h 00m 01.678s,    000h 15m 54.427s
557,    1724,    956151,    000h 00m 01.724s,    000h 15m 56.151s
558,    1642,    957793,    000h 00m 01.642s,    000h 15m 57.793s
559,    1665,    959458,    000h 00m 01.665s,    000h 15m 59.458s
560,    1734,    961192,    000h 00m 01.734s,    000h 16m 01.192s
561,    1750,    962942,    000h 00m 01.750s,    000h 16m 02.942s
562,    1755,    964697,    000h 00m 01.755s,    000h 16m 04.697s
563,    1714,    966411,    000h 00m 01.714s,    000h 16m 06.411s
564,    1719,    968130,    000h 00m 01.719s,    000h 16m 08.130s
565,    1694,    969824,    000h 00m 01.694s,    000h 16m 09.824s
566,    1741,    971565,    000h 00m 01.741s,    000h 16m 11.565s
567,    1621,    973186,    000h 00m 01.621s,    000h 16m 13.186s
568,    1724,    974910,    000h 00m 01.724s,    000h 16m 14.910s
569,    1746,    976656,    000h 00m 01.746s,    000h 16m 16.656s
570,    1733,    978389,    000h 00m 01.733s,    000h 16m 18.389s
571,    1732,    980121,    000h 00m 01.732s,    000h 16m 20.121s
572,    1747,    981868,    000h 00m 01.747s,    000h 16m 21.868s
573,    1713,    983581,    000h 00m 01.713s,    000h 16m 23.581s
574,    1749,    985330,    000h 00m 01.749s,    000h 16m 25.330s
575,    1736,    987066,    000h 00m 01.736s,    000h 16m 27.066s
576,    1690,    988756,    000h 00m 01.690s,    000h 16m 28.756s
577,    1746,    990502,    000h 00m 01.746s,    000h 16m 30.502s
578,    1754,    992256,    000h 00m 01.754s,    000h 16m 32.256s
579,    1687,    993943,    000h 00m 01.687s,    000h 16m 33.943s
580,    1719,    995662,    000h 00m 01.719s,    000h 16m 35.662s
581,    1735,    997397,    000h 00m 01.735s,    000h 16m 37.397s
582,    1612,    999009,    000h 00m 01.612s,    000h 16m 39.009s
583,    1742,    1000751,    000h 00m 01.742s,    000h 16m 40.751s
584,    1696,    1002447,    000h 00m 01.696s,    000h 16m 42.447s
585,    1740,    1004187,    000h 00m 01.740s,    000h 16m 44.187s
586,    1742,    1005929,    000h 00m 01.742s,    000h 16m 45.929s
587,    1746,    1007675,    000h 00m 01.746s,    000h 16m 47.675s
588,    1748,    1009423,    000h 00m 01.748s,    000h 16m 49.423s
589,    1655,    1011078,    000h 00m 01.655s,    000h 16m 51.078s
590,    1650,    1012728,    000h 00m 01.650s,    000h 16m 52.728s
591,    1714,    1014442,    000h 00m 01.714s,    000h 16m 54.442s
592,    1715,    1016157,    000h 00m 01.715s,    000h 16m 56.157s
593,    1762,    1017919,    000h 00m 01.762s,    000h 16m 57.919s
594,    1753,    1019672,    000h 00m 01.753s,    000h 16m 59.672s
595,    1806,    1021478,    000h 00m 01.806s,    000h 17m 01.478s
596,    1788,    1023266,    000h 00m 01.788s,    000h 17m 03.266s
597,    1714,    1024980,    000h 00m 01.714s,    000h 17m 04.980s
598,    1704,    1026684,    000h 00m 01.704s,    000h 17m 06.684s
599,    1679,    1028363,    000h 00m 01.679s,    000h 17m 08.363s
600,    1745,    1030108,    000h 00m 01.745s,    000h 17m 10.108s
601,    1757,    1031865,    000h 00m 01.757s,    000h 17m 11.865s
602,    1761,    1033626,    000h 00m 01.761s,    000h 17m 13.626s
603,    1671,    1035297,    000h 00m 01.671s,    000h 17m 15.297s
604,    1637,    1036934,    000h 00m 01.637s,    000h 17m 16.934s
605,    1719,    1038653,    000h 00m 01.719s,    000h 17m 18.653s
606,    1801,    1040454,    000h 00m 01.801s,    000h 17m 20.454s
607,    1715,    1042169,    000h 00m 01.715s,    000h 17m 22.169s
608,    1623,    1043792,    000h 00m 01.623s,    000h 17m 23.792s
609,    1715,    1045507,    000h 00m 01.715s,    000h 17m 25.507s
610,    1694,    1047201,    000h 00m 01.694s,    000h 17m 27.201s
611,    1742,    1048943,    000h 00m 01.742s,    000h 17m 28.943s
612,    1727,    1050670,    000h 00m 01.727s,    000h 17m 30.670s
613,    1740,    1052410,    000h 00m 01.740s,    000h 17m 32.410s
614,    1731,    1054141,    000h 00m 01.731s,    000h 17m 34.141s
615,    1797,    1055938,    000h 00m 01.797s,    000h 17m 35.938s
616,    1734,    1057672,    000h 00m 01.734s,    000h 17m 37.672s
617,    1746,    1059418,    000h 00m 01.746s,    000h 17m 39.418s
618,    1697,    1061115,    000h 00m 01.697s,    000h 17m 41.115s
619,    1618,    1062733,    000h 00m 01.618s,    000h 17m 42.733s
620,    1645,    1064378,    000h 00m 01.645s,    000h 17m 44.378s
621,    1724,    1066102,    000h 00m 01.724s,    000h 17m 46.102s
622,    1749,    1067851,    000h 00m 01.749s,    000h 17m 47.851s
623,    1671,    1069522,    000h 00m 01.671s,    000h 17m 49.522s
624,    1735,    1071257,    000h 00m 01.735s,    000h 17m 51.257s
625,    1679,    1072936,    000h 00m 01.679s,    000h 17m 52.936s
626,    1629,    1074565,    000h 00m 01.629s,    000h 17m 54.565s
627,    1748,    1076313,    000h 00m 01.748s,    000h 17m 56.313s
628,    1713,    1078026,    000h 00m 01.713s,    000h 17m 58.026s
629,    1633,    1079659,    000h 00m 01.633s,    000h 17m 59.659s
630,    1641,    1081300,    000h 00m 01.641s,    000h 18m 01.300s
631,    1749,    1083049,    000h 00m 01.749s,    000h 18m 03.049s
632,    1765,    1084814,    000h 00m 01.765s,    000h 18m 04.814s
633,    1748,    1086562,    000h 00m 01.748s,    000h 18m 06.562s
634,    1746,    1088308,    000h 00m 01.746s,    000h 18m 08.308s
635,    1717,    1090025,    000h 00m 01.717s,    000h 18m 10.025s
636,    1713,    1091738,    000h 00m 01.713s,    000h 18m 11.738s
637,    1625,    1093363,    000h 00m 01.625s,    000h 18m 13.363s
638,    1708,    1095071,    000h 00m 01.708s,    000h 18m 15.071s
639,    1749,    1096820,    000h 00m 01.749s,    000h 18m 16.820s
640,    1721,    1098541,    000h 00m 01.721s,    000h 18m 18.541s
641,    1761,    1100302,    000h 00m 01.761s,    000h 18m 20.302s
642,    1736,    1102038,    000h 00m 01.736s,    000h 18m 22.038s
643,    1734,    1103772,    000h 00m 01.734s,    000h 18m 23.772s
644,    1758,    1105530,    000h 00m 01.758s,    000h 18m 25.530s
645,    1621,    1107151,    000h 00m 01.621s,    000h 18m 27.151s
646,    1643,    1108794,    000h 00m 01.643s,    000h 18m 28.794s
647,    1721,    1110515,    000h 00m 01.721s,    000h 18m 30.515s
648,    1737,    1112252,    000h 00m 01.737s,    000h 18m 32.252s
649,    1716,    1113968,    000h 00m 01.716s,    000h 18m 33.968s
650,    1625,    1115593,    000h 00m 01.625s,    000h 18m 35.593s
651,    1722,    1117315,    000h 00m 01.722s,    000h 18m 37.315s
652,    1723,    1119038,    000h 00m 01.723s,    000h 18m 39.038s
653,    1757,    1120795,    000h 00m 01.757s,    000h 18m 40.795s
654,    1679,    1122474,    000h 00m 01.679s,    000h 18m 42.474s
655,    1687,    1124161,    000h 00m 01.687s,    000h 18m 44.161s
656,    1718,    1125879,    000h 00m 01.718s,    000h 18m 45.879s
657,    1736,    1127615,    000h 00m 01.736s,    000h 18m 47.615s
658,    1709,    1129324,    000h 00m 01.709s,    000h 18m 49.324s
659,    1768,    1131092,    000h 00m 01.768s,    000h 18m 51.092s
660,    1635,    1132727,    000h 00m 01.635s,    000h 18m 52.727s
661,    1795,    1134522,    000h 00m 01.795s,    000h 18m 54.522s
662,    1694,    1136216,    000h 00m 01.694s,    000h 18m 56.216s
663,    1750,    1137966,    000h 00m 01.750s,    000h 18m 57.966s
664,    1734,    1139700,    000h 00m 01.734s,    000h 18m 59.700s
665,    1752,    1141452,    000h 00m 01.752s,    000h 19m 01.452s
666,    1703,    1143155,    000h 00m 01.703s,    000h 19m 03.155s
667,    1720,    1144875,    000h 00m 01.720s,    000h 19m 04.875s
668,    1682,    1146557,    000h 00m 01.682s,    000h 19m 06.557s
669,    1746,    1148303,    000h 00m 01.746s,    000h 19m 08.303s
670,    1704,    1150007,    000h 00m 01.704s,    000h 19m 10.007s
671,    1689,    1151696,    000h 00m 01.689s,    000h 19m 11.696s
672,    1754,    1153450,    000h 00m 01.754s,    000h 19m 13.450s
673,    1748,    1155198,    000h 00m 01.748s,    000h 19m 15.198s
674,    1760,    1156958,    000h 00m 01.760s,    000h 19m 16.958s
675,    1720,    1158678,    000h 00m 01.720s,    000h 19m 18.678s
676,    1752,    1160430,    000h 00m 01.752s,    000h 19m 20.430s
677,    1745,    1162175,    000h 00m 01.745s,    000h 19m 22.175s
678,    1745,    1163920,    000h 00m 01.745s,    000h 19m 23.920s
679,    1742,    1165662,    000h 00m 01.742s,    000h 19m 25.662s
680,    1745,    1167407,    000h 00m 01.745s,    000h 19m 27.407s
681,    1613,    1169020,    000h 00m 01.613s,    000h 19m 29.020s
682,    1684,    1170704,    000h 00m 01.684s,    000h 19m 30.704s
683,    1752,    1172456,    000h 00m 01.752s,    000h 19m 32.456s
684,    1710,    1174166,    000h 00m 01.710s,    000h 19m 34.166s
685,    1787,    1175953,    000h 00m 01.787s,    000h 19m 35.953s
686,    1659,    1177612,    000h 00m 01.659s,    000h 19m 37.612s
687,    1683,    1179295,    000h 00m 01.683s,    000h 19m 39.295s
688,    1727,    1181022,    000h 00m 01.727s,    000h 19m 41.022s
689,    1610,    1182632,    000h 00m 01.610s,    000h 19m 42.632s
690,    1648,    1184280,    000h 00m 01.648s,    000h 19m 44.280s
691,    1737,    1186017,    000h 00m 01.737s,    000h 19m 46.017s
692,    1736,    1187753,    000h 00m 01.736s,    000h 19m 47.753s
693,    1762,    1189515,    000h 00m 01.762s,    000h 19m 49.515s
694,    1716,    1191231,    000h 00m 01.716s,    000h 19m 51.231s
695,    1743,    1192974,    000h 00m 01.743s,    000h 19m 52.974s
696,    1663,    1194637,    000h 00m 01.663s,    000h 19m 54.637s
697,    1735,    1196372,    000h 00m 01.735s,    000h 19m 56.372s
698,    1695,    1198067,    000h 00m 01.695s,    000h 19m 58.067s
699,    1628,    1199695,    000h 00m 01.628s,    000h 19m 59.695s
700,    1736,    1201431,    000h 00m 01.736s,    000h 20m 01.431s
701,    1696,    1203127,    000h 00m 01.696s,    000h 20m 03.127s
702,    1744,    1204871,    000h 00m 01.744s,    000h 20m 04.871s
703,    1746,    1206617,    000h 00m 01.746s,    000h 20m 06.617s
704,    1663,    1208280,    000h 00m 01.663s,    000h 20m 08.280s
705,    1751,    1210031,    000h 00m 01.751s,    000h 20m 10.031s
706,    1734,    1211765,    000h 00m 01.734s,    000h 20m 11.765s
707,    1713,    1213478,    000h 00m 01.713s,    000h 20m 13.478s
708,    1755,    1215233,    000h 00m 01.755s,    000h 20m 15.233s
709,    1617,    1216850,    000h 00m 01.617s,    000h 20m 16.850s
710,    1670,    1218520,    000h 00m 01.670s,    000h 20m 18.520s
711,    1726,    1220246,    000h 00m 01.726s,    000h 20m 20.246s
712,    1755,    1222001,    000h 00m 01.755s,    000h 20m 22.001s
713,    1617,    1223618,    000h 00m 01.617s,    000h 20m 23.618s
714,    1657,    1225275,    000h 00m 01.657s,    000h 20m 25.275s
715,    1723,    1226998,    000h 00m 01.723s,    000h 20m 26.998s
716,    1709,    1228707,    000h 00m 01.709s,    000h 20m 28.707s
717,    1649,    1230356,    000h 00m 01.649s,    000h 20m 30.356s
718,    1721,    1232077,    000h 00m 01.721s,    000h 20m 32.077s
719,    1631,    1233708,    000h 00m 01.631s,    000h 20m 33.708s
720,    1749,    1235457,    000h 00m 01.749s,    000h 20m 35.457s
721,    1723,    1237180,    000h 00m 01.723s,    000h 20m 37.180s
722,    1758,    1238938,    000h 00m 01.758s,    000h 20m 38.938s
723,    1730,    1240668,    000h 00m 01.730s,    000h 20m 40.668s
724,    1706,    1242374,    000h 00m 01.706s,    000h 20m 42.374s
725,    1615,    1243989,    000h 00m 01.615s,    000h 20m 43.989s
726,    1664,    1245653,    000h 00m 01.664s,    000h 20m 45.653s
727,    1730,    1247383,    000h 00m 01.730s,    000h 20m 47.383s
728,    1758,    1249141,    000h 00m 01.758s,    000h 20m 49.141s
729,    1689,    1250830,    000h 00m 01.689s,    000h 20m 50.830s
730,    1709,    1252539,    000h 00m 01.709s,    000h 20m 52.539s
731,    1746,    1254285,    000h 00m 01.746s,    000h 20m 54.285s
732,    1701,    1255986,    000h 00m 01.701s,    000h 20m 55.986s
733,    1764,    1257750,    000h 00m 01.764s,    000h 20m 57.750s
734,    1726,    1259476,    000h 00m 01.726s,    000h 20m 59.476s
735,    1673,    1261149,    000h 00m 01.673s,    000h 21m 01.149s
736,    1724,    1262873,    000h 00m 01.724s,    000h 21m 02.873s
737,    1644,    1264517,    000h 00m 01.644s,    000h 21m 04.517s
738,    1755,    1266272,    000h 00m 01.755s,    000h 21m 06.272s
739,    1702,    1267974,    000h 00m 01.702s,    000h 21m 07.974s
740,    1668,    1269642,    000h 00m 01.668s,    000h 21m 09.642s
741,    1667,    1271309,    000h 00m 01.667s,    000h 21m 11.309s
742,    1715,    1273024,    000h 00m 01.715s,    000h 21m 13.024s
743,    1674,    1274698,    000h 00m 01.674s,    000h 21m 14.698s
744,    1671,    1276369,    000h 00m 01.671s,    000h 21m 16.369s
745,    1689,    1278058,    000h 00m 01.689s,    000h 21m 18.058s
746,    1644,    1279702,    000h 00m 01.644s,    000h 21m 19.702s
747,    1620,    1281322,    000h 00m 01.620s,    000h 21m 21.322s
748,    1738,    1283060,    000h 00m 01.738s,    000h 21m 23.060s
749,    1750,    1284810,    000h 00m 01.750s,    000h 21m 24.810s
750,    1635,    1286445,    000h 00m 01.635s,    000h 21m 26.445s
751,    1719,    1288164,    000h 00m 01.719s,    000h 21m 28.164s
752,    1740,    1289904,    000h 00m 01.740s,    000h 21m 29.904s
753,    1744,    1291648,    000h 00m 01.744s,    000h 21m 31.648s
754,    1738,    1293386,    000h 00m 01.738s,    000h 21m 33.386s
755,    1727,    1295113,    000h 00m 01.727s,    000h 21m 35.113s
756,    1696,    1296809,    000h 00m 01.696s,    000h 21m 36.809s
757,    1742,    1298551,    000h 00m 01.742s,    000h 21m 38.551s
758,    1737,    1300288,    000h 00m 01.737s,    000h 21m 40.288s
759,    1621,    1301909,    000h 00m 01.621s,    000h 21m 41.909s
760,    1679,    1303588,    000h 00m 01.679s,    000h 21m 43.588s
761,    1786,    1305374,    000h 00m 01.786s,    000h 21m 45.374s
762,    1738,    1307112,    000h 00m 01.738s,    000h 21m 47.112s
763,    1598,    1308710,    000h 00m 01.598s,    000h 21m 48.710s
764,    1746,    1310456,    000h 00m 01.746s,    000h 21m 50.456s
765,    1702,    1312158,    000h 00m 01.702s,    000h 21m 52.158s
766,    1609,    1313767,    000h 00m 01.609s,    000h 21m 53.767s
767,    1740,    1315507,    000h 00m 01.740s,    000h 21m 55.507s
768,    1749,    1317256,    000h 00m 01.749s,    000h 21m 57.256s
769,    1618,    1318874,    000h 00m 01.618s,    000h 21m 58.874s
770,    1737,    1320611,    000h 00m 01.737s,    000h 22m 00.611s
771,    1739,    1322350,    000h 00m 01.739s,    000h 22m 02.350s
772,    1615,    1323965,    000h 00m 01.615s,    000h 22m 03.965s
773,    1693,    1325658,    000h 00m 01.693s,    000h 22m 05.658s
774,    1710,    1327368,    000h 00m 01.710s,    000h 22m 07.368s
775,    1647,    1329015,    000h 00m 01.647s,    000h 22m 09.015s
776,    1745,    1330760,    000h 00m 01.745s,    000h 22m 10.760s
777,    1666,    1332426,    000h 00m 01.666s,    000h 22m 12.426s
778,    1739,    1334165,    000h 00m 01.739s,    000h 22m 14.165s
779,    1754,    1335919,    000h 00m 01.754s,    000h 22m 15.919s
780,    1697,    1337616,    000h 00m 01.697s,    000h 22m 17.616s
781,    1722,    1339338,    000h 00m 01.722s,    000h 22m 19.338s
782,    1744,    1341082,    000h 00m 01.744s,    000h 22m 21.082s
783,    1759,    1342841,    000h 00m 01.759s,    000h 22m 22.841s
784,    1758,    1344599,    000h 00m 01.758s,    000h 22m 24.599s
785,    1712,    1346311,    000h 00m 01.712s,    000h 22m 26.311s
786,    1745,    1348056,    000h 00m 01.745s,    000h 22m 28.056s
787,    1741,    1349797,    000h 00m 01.741s,    000h 22m 29.797s
788,    1704,    1351501,    000h 00m 01.704s,    000h 22m 31.501s
789,    1728,    1353229,    000h 00m 01.728s,    000h 22m 33.229s
790,    1754,    1354983,    000h 00m 01.754s,    000h 22m 34.983s
791,    1737,    1356720,    000h 00m 01.737s,    000h 22m 36.720s
792,    1718,    1358438,    000h 00m 01.718s,    000h 22m 38.438s
793,    1750,    1360188,    000h 00m 01.750s,    000h 22m 40.188s
794,    1636,    1361824,    000h 00m 01.636s,    000h 22m 41.824s
795,    1751,    1363575,    000h 00m 01.751s,    000h 22m 43.575s
796,    1729,    1365304,    000h 00m 01.729s,    000h 22m 45.304s
797,    1746,    1367050,    000h 00m 01.746s,    000h 22m 47.050s
798,    1773,    1368823,    000h 00m 01.773s,    000h 22m 48.823s
799,    1633,    1370456,    000h 00m 01.633s,    000h 22m 50.456s
800,    1741,    1372197,    000h 00m 01.741s,    000h 22m 52.197s
801,    1695,    1373892,    000h 00m 01.695s,    000h 22m 53.892s
802,    1739,    1375631,    000h 00m 01.739s,    000h 22m 55.631s
803,    1815,    1377446,    000h 00m 01.815s,    000h 22m 57.446s
804,    1766,    1379212,    000h 00m 01.766s,    000h 22m 59.212s
805,    1707,    1380919,    000h 00m 01.707s,    000h 23m 00.919s
806,    1676,    1382595,    000h 00m 01.676s,    000h 23m 02.595s
807,    1781,    1384376,    000h 00m 01.781s,    000h 23m 04.376s
808,    1711,    1386087,    000h 00m 01.711s,    000h 23m 06.087s
809,    1769,    1387856,    000h 00m 01.769s,    000h 23m 07.856s
810,    1690,    1389546,    000h 00m 01.690s,    000h 23m 09.546s
811,    1761,    1391307,    000h 00m 01.761s,    000h 23m 11.307s
812,    1656,    1392963,    000h 00m 01.656s,    000h 23m 12.963s
813,    1743,    1394706,    000h 00m 01.743s,    000h 23m 14.706s
814,    1729,    1396435,    000h 00m 01.729s,    000h 23m 16.435s
815,    1782,    1398217,    000h 00m 01.782s,    000h 23m 18.217s
816,    1703,    1399920,    000h 00m 01.703s,    000h 23m 19.920s
817,    1658,    1401578,    000h 00m 01.658s,    000h 23m 21.578s
818,    1659,    1403237,    000h 00m 01.659s,    000h 23m 23.237s
819,    1726,    1404963,    000h 00m 01.726s,    000h 23m 24.963s
820,    1756,    1406719,    000h 00m 01.756s,    000h 23m 26.719s
821,    1707,    1408426,    000h 00m 01.707s,    000h 23m 28.426s
822,    1704,    1410130,    000h 00m 01.704s,    000h 23m 30.130s
823,    1757,    1411887,    000h 00m 01.757s,    000h 23m 31.887s
824,    1749,    1413636,    000h 00m 01.749s,    000h 23m 33.636s
825,    1732,    1415368,    000h 00m 01.732s,    000h 23m 35.368s
826,    1674,    1417042,    000h 00m 01.674s,    000h 23m 37.042s
827,    1643,    1418685,    000h 00m 01.643s,    000h 23m 38.685s
828,    1616,    1420301,    000h 00m 01.616s,    000h 23m 40.301s
829,    1661,    1421962,    000h 00m 01.661s,    000h 23m 41.962s
830,    1708,    1423670,    000h 00m 01.708s,    000h 23m 43.670s
831,    1692,    1425362,    000h 00m 01.692s,    000h 23m 45.362s
832,    1697,    1427059,    000h 00m 01.697s,    000h 23m 47.059s
833,    1636,    1428695,    000h 00m 01.636s,    000h 23m 48.695s
834,    1758,    1430453,    000h 00m 01.758s,    000h 23m 50.453s
835,    1691,    1432144,    000h 00m 01.691s,    000h 23m 52.144s
836,    1743,    1433887,    000h 00m 01.743s,    000h 23m 53.887s
837,    1747,    1435634,    000h 00m 01.747s,    000h 23m 55.634s
838,    1766,    1437400,    000h 00m 01.766s,    000h 23m 57.400s
839,    1727,    1439127,    000h 00m 01.727s,    000h 23m 59.127s
840,    1648,    1440775,    000h 00m 01.648s,    000h 24m 00.775s
841,    1740,    1442515,    000h 00m 01.740s,    000h 24m 02.515s
842,    1703,    1444218,    000h 00m 01.703s,    000h 24m 04.218s
843,    1753,    1445971,    000h 00m 01.753s,    000h 24m 05.971s
844,    1690,    1447661,    000h 00m 01.690s,    000h 24m 07.661s
845,    1719,    1449380,    000h 00m 01.719s,    000h 24m 09.380s
846,    1742,    1451122,    000h 00m 01.742s,    000h 24m 11.122s
847,    1631,    1452753,    000h 00m 01.631s,    000h 24m 12.753s
848,    1716,    1454469,    000h 00m 01.716s,    000h 24m 14.469s
849,    1706,    1456175,    000h 00m 01.706s,    000h 24m 16.175s
850,    1799,    1457974,    000h 00m 01.799s,    000h 24m 17.974s
851,    1702,    1459676,    000h 00m 01.702s,    000h 24m 19.676s
852,    1766,    1461442,    000h 00m 01.766s,    000h 24m 21.442s
853,    1749,    1463191,    000h 00m 01.749s,    000h 24m 23.191s
854,    1740,    1464931,    000h 00m 01.740s,    000h 24m 24.931s
855,    1747,    1466678,    000h 00m 01.747s,    000h 24m 26.678s
856,    1697,    1468375,    000h 00m 01.697s,    000h 24m 28.375s
857,    1765,    1470140,    000h 00m 01.765s,    000h 24m 30.140s
858,    1741,    1471881,    000h 00m 01.741s,    000h 24m 31.881s
859,    1753,    1473634,    000h 00m 01.753s,    000h 24m 33.634s
860,    1725,    1475359,    000h 00m 01.725s,    000h 24m 35.359s
861,    1643,    1477002,    000h 00m 01.643s,    000h 24m 37.002s
862,    1654,    1478656,    000h 00m 01.654s,    000h 24m 38.656s
863,    1640,    1480296,    000h 00m 01.640s,    000h 24m 40.296s
864,    1733,    1482029,    000h 00m 01.733s,    000h 24m 42.029s
865,    1593,    1483622,    000h 00m 01.593s,    000h 24m 43.622s
866,    1665,    1485287,    000h 00m 01.665s,    000h 24m 45.287s
867,    1749,    1487036,    000h 00m 01.749s,    000h 24m 47.036s
868,    1748,    1488784,    000h 00m 01.748s,    000h 24m 48.784s
869,    1694,    1490478,    000h 00m 01.694s,    000h 24m 50.478s
870,    1738,    1492216,    000h 00m 01.738s,    000h 24m 52.216s
871,    1754,    1493970,    000h 00m 01.754s,    000h 24m 53.970s
872,    1741,    1495711,    000h 00m 01.741s,    000h 24m 55.711s
873,    1748,    1497459,    000h 00m 01.748s,    000h 24m 57.459s
874,    1710,    1499169,    000h 00m 01.710s,    000h 24m 59.169s
875,    1731,    1500900,    000h 00m 01.731s,    000h 25m 00.900s
876,    1710,    1502610,    000h 00m 01.710s,    000h 25m 02.610s
877,    1750,    1504360,    000h 00m 01.750s,    000h 25m 04.360s
878,    1676,    1506036,    000h 00m 01.676s,    000h 25m 06.036s
879,    1762,    1507798,    000h 00m 01.762s,    000h 25m 07.798s
880,    1743,    1509541,    000h 00m 01.743s,    000h 25m 09.541s
881,    1764,    1511305,    000h 00m 01.764s,    000h 25m 11.305s
882,    1722,    1513027,    000h 00m 01.722s,    000h 25m 13.027s
883,    1680,    1514707,    000h 00m 01.680s,    000h 25m 14.707s
884,    1759,    1516466,    000h 00m 01.759s,    000h 25m 16.466s
885,    1741,    1518207,    000h 00m 01.741s,    000h 25m 18.207s
886,    1719,    1519926,    000h 00m 01.719s,    000h 25m 19.926s
887,    1684,    1521610,    000h 00m 01.684s,    000h 25m 21.610s
888,    1732,    1523342,    000h 00m 01.732s,    000h 25m 23.342s
889,    1767,    1525109,    000h 00m 01.767s,    000h 25m 25.109s
890,    1761,    1526870,    000h 00m 01.761s,    000h 25m 26.870s
891,    1736,    1528606,    000h 00m 01.736s,    000h 25m 28.606s
892,    1729,    1530335,    000h 00m 01.729s,    000h 25m 30.335s
893,    1634,    1531969,    000h 00m 01.634s,    000h 25m 31.969s
894,    1691,    1533660,    000h 00m 01.691s,    000h 25m 33.660s
895,    1727,    1535387,    000h 00m 01.727s,    000h 25m 35.387s
896,    1713,    1537100,    000h 00m 01.713s,    000h 25m 37.100s
897,    1690,    1538790,    000h 00m 01.690s,    000h 25m 38.790s
898,    1722,    1540512,    000h 00m 01.722s,    000h 25m 40.512s
899,    1717,    1542229,    000h 00m 01.717s,    000h 25m 42.229s
900,    1734,    1543963,    000h 00m 01.734s,    000h 25m 43.963s
901,    1636,    1545599,    000h 00m 01.636s,    000h 25m 45.599s
902,    1703,    1547302,    000h 00m 01.703s,    000h 25m 47.302s
903,    1664,    1548966,    000h 00m 01.664s,    000h 25m 48.966s
904,    1709,    1550675,    000h 00m 01.709s,    000h 25m 50.675s
905,    1783,    1552458,    000h 00m 01.783s,    000h 25m 52.458s
906,    1749,    1554207,    000h 00m 01.749s,    000h 25m 54.207s
907,    1756,    1555963,    000h 00m 01.756s,    000h 25m 55.963s
908,    1692,    1557655,    000h 00m 01.692s,    000h 25m 57.655s
909,    1702,    1559357,    000h 00m 01.702s,    000h 25m 59.357s
910,    1741,    1561098,    000h 00m 01.741s,    000h 26m 01.098s
911,    1725,    1562823,    000h 00m 01.725s,    000h 26m 02.823s
912,    1635,    1564458,    000h 00m 01.635s,    000h 26m 04.458s
913,    1767,    1566225,    000h 00m 01.767s,    000h 26m 06.225s
914,    1728,    1567953,    000h 00m 01.728s,    000h 26m 07.953s
915,    1663,    1569616,    000h 00m 01.663s,    000h 26m 09.616s
916,    1735,    1571351,    000h 00m 01.735s,    000h 26m 11.351s
917,    1775,    1573126,    000h 00m 01.775s,    000h 26m 13.126s
918,    1754,    1574880,    000h 00m 01.754s,    000h 26m 14.880s
919,    1593,    1576473,    000h 00m 01.593s,    000h 26m 16.473s
920,    1623,    1578096,    000h 00m 01.623s,    000h 26m 18.096s
921,    1737,    1579833,    000h 00m 01.737s,    000h 26m 19.833s
922,    1677,    1581510,    000h 00m 01.677s,    000h 26m 21.510s
923,    1700,    1583210,    000h 00m 01.700s,    000h 26m 23.210s
924,    1740,    1584950,    000h 00m 01.740s,    000h 26m 24.950s
925,    1633,    1586583,    000h 00m 01.633s,    000h 26m 26.583s
926,    1712,    1588295,    000h 00m 01.712s,    000h 26m 28.295s
927,    1678,    1589973,    000h 00m 01.678s,    000h 26m 29.973s
928,    1620,    1591593,    000h 00m 01.620s,    000h 26m 31.593s
929,    1751,    1593344,    000h 00m 01.751s,    000h 26m 33.344s
930,    1771,    1595115,    000h 00m 01.771s,    000h 26m 35.115s
931,    1754,    1596869,    000h 00m 01.754s,    000h 26m 36.869s
932,    1672,    1598541,    000h 00m 01.672s,    000h 26m 38.541s
933,    1763,    1600304,    000h 00m 01.763s,    000h 26m 40.304s
934,    1680,    1601984,    000h 00m 01.680s,    000h 26m 41.984s
935,    1678,    1603662,    000h 00m 01.678s,    000h 26m 43.662s
936,    1713,    1605375,    000h 00m 01.713s,    000h 26m 45.375s
937,    1634,    1607009,    000h 00m 01.634s,    000h 26m 47.009s
938,    1744,    1608753,    000h 00m 01.744s,    000h 26m 48.753s
939,    1796,    1610549,    000h 00m 01.796s,    000h 26m 50.549s
940,    1623,    1612172,    000h 00m 01.623s,    000h 26m 52.172s
941,    1758,    1613930,    000h 00m 01.758s,    000h 26m 53.930s
942,    1735,    1615665,    000h 00m 01.735s,    000h 26m 55.665s
943,    1749,    1617414,    000h 00m 01.749s,    000h 26m 57.414s
944,    1732,    1619146,    000h 00m 01.732s,    000h 26m 59.146s
945,    1739,    1620885,    000h 00m 01.739s,    000h 27m 00.885s
946,    1734,    1622619,    000h 00m 01.734s,    000h 27m 02.619s
947,    1710,    1624329,    000h 00m 01.710s,    000h 27m 04.329s
948,    1646,    1625975,    000h 00m 01.646s,    000h 27m 05.975s
949,    1726,    1627701,    000h 00m 01.726s,    000h 27m 07.701s
950,    1671,    1629372,    000h 00m 01.671s,    000h 27m 09.372s
951,    1723,    1631095,    000h 00m 01.723s,    000h 27m 11.095s
952,    1684,    1632779,    000h 00m 01.684s,    000h 27m 12.779s
953,    1745,    1634524,    000h 00m 01.745s,    000h 27m 14.524s
954,    1794,    1636318,    000h 00m 01.794s,    000h 27m 16.318s
955,    1745,    1638063,    000h 00m 01.745s,    000h 27m 18.063s
956,    1762,    1639825,    000h 00m 01.762s,    000h 27m 19.825s
957,    1703,    1641528,    000h 00m 01.703s,    000h 27m 21.528s
958,    1741,    1643269,    000h 00m 01.741s,    000h 27m 23.269s
959,    1759,    1645028,    000h 00m 01.759s,    000h 27m 25.028s
960,    1696,    1646724,    000h 00m 01.696s,    000h 27m 26.724s
961,    1677,    1648401,    000h 00m 01.677s,    000h 27m 28.401s
962,    1691,    1650092,    000h 00m 01.691s,    000h 27m 30.092s
963,    1669,    1651761,    000h 00m 01.669s,    000h 27m 31.761s
964,    1748,    1653509,    000h 00m 01.748s,    000h 27m 33.509s
965,    1609,    1655118,    000h 00m 01.609s,    000h 27m 35.118s
966,    1751,    1656869,    000h 00m 01.751s,    000h 27m 36.869s
967,    1648,    1658517,    000h 00m 01.648s,    000h 27m 38.517s
968,    1712,    1660229,    000h 00m 01.712s,    000h 27m 40.229s
969,    1750,    1661979,    000h 00m 01.750s,    000h 27m 41.979s
970,    1722,    1663701,    000h 00m 01.722s,    000h 27m 43.701s
971,    1735,    1665436,    000h 00m 01.735s,    000h 27m 45.436s
972,    1749,    1667185,    000h 00m 01.749s,    000h 27m 47.185s
973,    1644,    1668829,    000h 00m 01.644s,    000h 27m 48.829s
974,    1674,    1670503,    000h 00m 01.674s,    000h 27m 50.503s
975,    1619,    1672122,    000h 00m 01.619s,    000h 27m 52.122s
976,    1782,    1673904,    000h 00m 01.782s,    000h 27m 53.904s
977,    1750,    1675654,    000h 00m 01.750s,    000h 27m 55.654s
978,    1754,    1677408,    000h 00m 01.754s,    000h 27m 57.408s
979,    1695,    1679103,    000h 00m 01.695s,    000h 27m 59.103s
980,    1707,    1680810,    000h 00m 01.707s,    000h 28m 00.810s
981,    1699,    1682509,    000h 00m 01.699s,    000h 28m 02.509s
982,    1745,    1684254,    000h 00m 01.745s,    000h 28m 04.254s
983,    1749,    1686003,    000h 00m 01.749s,    000h 28m 06.003s
984,    1792,    1687795,    000h 00m 01.792s,    000h 28m 07.795s
985,    1745,    1689540,    000h 00m 01.745s,    000h 28m 09.540s
986,    1748,    1691288,    000h 00m 01.748s,    000h 28m 11.288s
987,    1650,    1692938,    000h 00m 01.650s,    000h 28m 12.938s
988,    1637,    1694575,    000h 00m 01.637s,    000h 28m 14.575s
989,    1757,    1696332,    000h 00m 01.757s,    000h 28m 16.332s
990,    1756,    1698088,    000h 00m 01.756s,    000h 28m 18.088s
991,    1640,    1699728,    000h 00m 01.640s,    000h 28m 19.728s
992,    1713,    1701441,    000h 00m 01.713s,    000h 28m 21.441s
993,    1683,    1703124,    000h 00m 01.683s,    000h 28m 23.124s
994,    1744,    1704868,    000h 00m 01.744s,    000h 28m 24.868s
995,    1724,    1706592,    000h 00m 01.724s,    000h 28m 26.592s
996,    1646,    1708238,    000h 00m 01.646s,    000h 28m 28.238s
997,    1755,    1709993,    000h 00m 01.755s,    000h 28m 29.993s
998,    1761,    1711754,    000h 00m 01.761s,    000h 28m 31.754s
999,    1779,    1713533,    000h 00m 01.779s,    000h 28m 33.533s
1000,    1733,    1715266,    000h 00m 01.733s,    000h 28m 35.266s
1001,    1764,    1717030,    000h 00m 01.764s,    000h 28m 37.030s
1002,    1680,    1718710,    000h 00m 01.680s,    000h 28m 38.710s
1003,    1786,    1720496,    000h 00m 01.786s,    000h 28m 40.496s
1004,    1695,    1722191,    000h 00m 01.695s,    000h 28m 42.191s
1005,    1665,    1723856,    000h 00m 01.665s,    000h 28m 43.856s
1006,    1727,    1725583,    000h 00m 01.727s,    000h 28m 45.583s
1007,    1684,    1727267,    000h 00m 01.684s,    000h 28m 47.267s
1008,    1704,    1728971,    000h 00m 01.704s,    000h 28m 48.971s
1009,    1732,    1730703,    000h 00m 01.732s,    000h 28m 50.703s
1010,    1689,    1732392,    000h 00m 01.689s,    000h 28m 52.392s
1011,    1734,    1734126,    000h 00m 01.734s,    000h 28m 54.126s
1012,    1760,    1735886,    000h 00m 01.760s,    000h 28m 55.886s
1013,    1711,    1737597,    000h 00m 01.711s,    000h 28m 57.597s
1014,    1734,    1739331,    000h 00m 01.734s,    000h 28m 59.331s
1015,    1734,    1741065,    000h 00m 01.734s,    000h 29m 01.065s
1016,    1692,    1742757,    000h 00m 01.692s,    000h 29m 02.757s
1017,    1715,    1744472,    000h 00m 01.715s,    000h 29m 04.472s
1018,    1725,    1746197,    000h 00m 01.725s,    000h 29m 06.197s
1019,    1711,    1747908,    000h 00m 01.711s,    000h 29m 07.908s
1020,    1619,    1749527,    000h 00m 01.619s,    000h 29m 09.527s
1021,    1740,    1751267,    000h 00m 01.740s,    000h 29m 11.267s
1022,    1717,    1752984,    000h 00m 01.717s,    000h 29m 12.984s
1023,    1764,    1754748,    000h 00m 01.764s,    000h 29m 14.748s
1024,    1708,    1756456,    000h 00m 01.708s,    000h 29m 16.456s
1025,    1737,    1758193,    000h 00m 01.737s,    000h 29m 18.193s
