pass,    time (ms),    total time (ms),    time,     total_time
1,    2331,    2331,    000h 00m 02.331s,    000h 00m 02.331s
2,    2407,    4738,    000h 00m 02.407s,    000h 00m 04.738s
3,    2366,    7104,    000h 00m 02.366s,    000h 00m 07.104s
4,    2367,    9471,    000h 00m 02.367s,    000h 00m 09.471s
5,    2263,    11734,    000h 00m 02.263s,    000h 00m 11.734s
6,    2233,    13967,    000h 00m 02.233s,    000h 00m 13.967s
7,    2447,    16414,    000h 00m 02.447s,    000h 00m 16.414s
8,    2270,    18684,    000h 00m 02.270s,    000h 00m 18.684s
9,    2347,    21031,    000h 00m 02.347s,    000h 00m 21.031s
10,    2181,    23212,    000h 00m 02.181s,    000h 00m 23.212s
11,    2166,    25378,    000h 00m 02.166s,    000h 00m 25.378s
12,    2358,    27736,    000h 00m 02.358s,    000h 00m 27.736s
13,    2338,    30074,    000h 00m 02.338s,    000h 00m 30.074s
14,    2404,    32478,    000h 00m 02.404s,    000h 00m 32.478s
15,    2415,    34893,    000h 00m 02.415s,    000h 00m 34.893s
16,    2165,    37058,    000h 00m 02.165s,    000h 00m 37.058s
17,    2206,    39264,    000h 00m 02.206s,    000h 00m 39.264s
18,    2287,    41551,    000h 00m 02.287s,    000h 00m 41.551s
19,    2335,    43886,    000h 00m 02.335s,    000h 00m 43.886s
20,    2205,    46091,    000h 00m 02.205s,    000h 00m 46.091s
21,    2290,    48381,    000h 00m 02.290s,    000h 00m 48.381s
22,    2192,    50573,    000h 00m 02.192s,    000h 00m 50.573s
23,    2226,    52799,    000h 00m 02.226s,    000h 00m 52.799s
24,    2320,    55119,    000h 00m 02.320s,    000h 00m 55.119s
25,    2222,    57341,    000h 00m 02.222s,    000h 00m 57.341s
26,    2390,    59731,    000h 00m 02.390s,    000h 00m 59.731s
27,    2311,    62042,    000h 00m 02.311s,    000h 01m 02.042s
28,    2252,    64294,    000h 00m 02.252s,    000h 01m 04.294s
29,    2114,    66408,    000h 00m 02.114s,    000h 01m 06.408s
30,    2263,    68671,    000h 00m 02.263s,    000h 01m 08.671s
31,    2348,    71019,    000h 00m 02.348s,    000h 01m 11.019s
32,    2278,    73297,    000h 00m 02.278s,    000h 01m 13.297s
33,    2258,    75555,    000h 00m 02.258s,    000h 01m 15.555s
34,    2078,    77633,    000h 00m 02.078s,    000h 01m 17.633s
35,    2343,    79976,    000h 00m 02.343s,    000h 01m 19.976s
36,    2015,    81991,    000h 00m 02.015s,    000h 01m 21.991s
37,    2209,    84200,    000h 00m 02.209s,    000h 01m 24.200s
38,    2255,    86455,    000h 00m 02.255s,    000h 01m 26.455s
39,    2216,    88671,    000h 00m 02.216s,    000h 01m 28.671s
40,    2335,    91006,    000h 00m 02.335s,    000h 01m 31.006s
41,    2278,    93284,    000h 00m 02.278s,    000h 01m 33.284s
42,    2191,    95475,    000h 00m 02.191s,    000h 01m 35.475s
43,    2106,    97581,    000h 00m 02.106s,    000h 01m 37.581s
44,    2349,    99930,    000h 00m 02.349s,    000h 01m 39.930s
45,    2295,    102225,    000h 00m 02.295s,    000h 01m 42.225s
46,    2289,    104514,    000h 00m 02.289s,    000h 01m 44.514s
47,    2175,    106689,    000h 00m 02.175s,    000h 01m 46.689s
48,    2211,    108900,    000h 00m 02.211s,    000h 01m 48.900s
49,    2392,    111292,    000h 00m 02.392s,    000h 01m 51.292s
50,    2236,    113528,    000h 00m 02.236s,    000h 01m 53.528s
51,    2327,    115855,    000h 00m 02.327s,    000h 01m 55.855s
52,    2199,    118054,    000h 00m 02.199s,    000h 01m 58.054s
53,    2073,    120127,    000h 00m 02.073s,    000h 02m 00.127s
54,    2326,    122453,    000h 00m 02.326s,    000h 02m 02.453s
55,    2193,    124646,    000h 00m 02.193s,    000h 02m 04.646s
56,    2227,    126873,    000h 00m 02.227s,    000h 02m 06.873s
57,    2296,    129169,    000h 00m 02.296s,    000h 02m 09.169s
58,    2059,    131228,    000h 00m 02.059s,    000h 02m 11.228s
59,    2371,    133599,    000h 00m 02.371s,    000h 02m 13.599s
60,    2175,    135774,    000h 00m 02.175s,    000h 02m 15.774s
61,    2153,    137927,    000h 00m 02.153s,    000h 02m 17.927s
62,    2098,    140025,    000h 00m 02.098s,    000h 02m 20.025s
63,    2230,    142255,    000h 00m 02.230s,    000h 02m 22.255s
64,    2176,    144431,    000h 00m 02.176s,    000h 02m 24.431s
65,    2228,    146659,    000h 00m 02.228s,    000h 02m 26.659s
66,    2247,    148906,    000h 00m 02.247s,    000h 02m 28.906s
67,    2339,    151245,    000h 00m 02.339s,    000h 02m 31.245s
68,    2408,    153653,    000h 00m 02.408s,    000h 02m 33.653s
69,    19817,    173470,    000h 00m 19.817s,    000h 02m 53.470s
70,    34001,    207471,    000h 00m 34.001s,    000h 03m 27.471s
71,    34589,    242060,    000h 00m 34.589s,    000h 04m 02.060s
72,    27924,    269984,    000h 00m 27.924s,    000h 04m 29.984s
73,    2268,    272252,    000h 00m 02.268s,    000h 04m 32.252s
74,    2375,    274627,    000h 00m 02.375s,    000h 04m 34.627s
75,    2108,    276735,    000h 00m 02.108s,    000h 04m 36.735s
76,    2304,    279039,    000h 00m 02.304s,    000h 04m 39.039s
77,    2317,    281356,    000h 00m 02.317s,    000h 04m 41.356s
78,    2240,    283596,    000h 00m 02.240s,    000h 04m 43.596s
79,    2319,    285915,    000h 00m 02.319s,    000h 04m 45.915s
80,    2337,    288252,    000h 00m 02.337s,    000h 04m 48.252s
81,    2320,    290572,    000h 00m 02.320s,    000h 04m 50.572s
82,    2164,    292736,    000h 00m 02.164s,    000h 04m 52.736s
83,    2111,    294847,    000h 00m 02.111s,    000h 04m 54.847s
84,    2278,    297125,    000h 00m 02.278s,    000h 04m 57.125s
85,    2226,    299351,    000h 00m 02.226s,    000h 04m 59.351s
86,    2113,    301464,    000h 00m 02.113s,    000h 05m 01.464s
87,    2297,    303761,    000h 00m 02.297s,    000h 05m 03.761s
88,    19101,    322862,    000h 00m 19.101s,    000h 05m 22.862s
89,    31100,    353962,    000h 00m 31.100s,    000h 05m 53.962s
90,    32237,    386199,    000h 00m 32.237s,    000h 06m 26.199s
91,    16184,    402383,    000h 00m 16.184s,    000h 06m 42.383s
92,    2343,    404726,    000h 00m 02.343s,    000h 06m 44.726s
93,    2392,    407118,    000h 00m 02.392s,    000h 06m 47.118s
94,    2245,    409363,    000h 00m 02.245s,    000h 06m 49.363s
95,    2238,    411601,    000h 00m 02.238s,    000h 06m 51.601s
96,    2325,    413926,    000h 00m 02.325s,    000h 06m 53.926s
97,    2326,    416252,    000h 00m 02.326s,    000h 06m 56.252s
98,    2182,    418434,    000h 00m 02.182s,    000h 06m 58.434s
99,    2144,    420578,    000h 00m 02.144s,    000h 07m 00.578s
100,    2248,    422826,    000h 00m 02.248s,    000h 07m 02.826s
101,    2350,    425176,    000h 00m 02.350s,    000h 07m 05.176s
102,    2250,    427426,    000h 00m 02.250s,    000h 07m 07.426s
103,    2325,    429751,    000h 00m 02.325s,    000h 07m 09.751s
104,    2214,    431965,    000h 00m 02.214s,    000h 07m 11.965s
105,    2333,    434298,    000h 00m 02.333s,    000h 07m 14.298s
106,    2137,    436435,    000h 00m 02.137s,    000h 07m 16.435s
107,    2287,    438722,    000h 00m 02.287s,    000h 07m 18.722s
108,    2308,    441030,    000h 00m 02.308s,    000h 07m 21.030s
109,    2271,    443301,    000h 00m 02.271s,    000h 07m 23.301s
110,    2296,    445597,    000h 00m 02.296s,    000h 07m 25.597s
111,    2317,    447914,    000h 00m 02.317s,    000h 07m 27.914s
112,    2367,    450281,    000h 00m 02.367s,    000h 07m 30.281s
113,    2267,    452548,    000h 00m 02.267s,    000h 07m 32.548s
114,    3959,    456507,    000h 00m 03.959s,    000h 07m 36.507s
115,    33767,    490274,    000h 00m 33.767s,    000h 08m 10.274s
116,    27392,    517666,    000h 00m 27.392s,    000h 08m 37.666s
117,    11044,    528710,    000h 00m 11.044s,    000h 08m 48.710s
118,    2387,    531097,    000h 00m 02.387s,    000h 08m 51.097s
119,    2122,    533219,    000h 00m 02.122s,    000h 08m 53.219s
120,    2452,    535671,    000h 00m 02.452s,    000h 08m 55.671s
121,    2379,    538050,    000h 00m 02.379s,    000h 08m 58.050s
122,    2144,    540194,    000h 00m 02.144s,    000h 09m 00.194s
123,    2139,    542333,    000h 00m 02.139s,    000h 09m 02.333s
124,    2361,    544694,    000h 00m 02.361s,    000h 09m 04.694s
125,    2232,    546926,    000h 00m 02.232s,    000h 09m 06.926s
126,    2179,    549105,    000h 00m 02.179s,    000h 09m 09.105s
127,    2355,    551460,    000h 00m 02.355s,    000h 09m 11.460s
128,    2321,    553781,    000h 00m 02.321s,    000h 09m 13.781s
129,    2200,    555981,    000h 00m 02.200s,    000h 09m 15.981s
130,    2365,    558346,    000h 00m 02.365s,    000h 09m 18.346s
131,    2299,    560645,    000h 00m 02.299s,    000h 09m 20.645s
132,    2292,    562937,    000h 00m 02.292s,    000h 09m 22.937s
133,    2257,    565194,    000h 00m 02.257s,    000h 09m 25.194s
134,    2281,    567475,    000h 00m 02.281s,    000h 09m 27.475s
135,    2215,    569690,    000h 00m 02.215s,    000h 09m 29.690s
136,    2246,    571936,    000h 00m 02.246s,    000h 09m 31.936s
137,    2232,    574168,    000h 00m 02.232s,    000h 09m 34.168s
138,    2163,    576331,    000h 00m 02.163s,    000h 09m 36.331s
139,    2251,    578582,    000h 00m 02.251s,    000h 09m 38.582s
140,    2229,    580811,    000h 00m 02.229s,    000h 09m 40.811s
141,    2386,    583197,    000h 00m 02.386s,    000h 09m 43.197s
142,    2327,    585524,    000h 00m 02.327s,    000h 09m 45.524s
143,    2325,    587849,    000h 00m 02.325s,    000h 09m 47.849s
144,    2246,    590095,    000h 00m 02.246s,    000h 09m 50.095s
145,    2308,    592403,    000h 00m 02.308s,    000h 09m 52.403s
146,    2283,    594686,    000h 00m 02.283s,    000h 09m 54.686s
147,    2343,    597029,    000h 00m 02.343s,    000h 09m 57.029s
148,    2121,    599150,    000h 00m 02.121s,    000h 09m 59.150s
149,    2284,    601434,    000h 00m 02.284s,    000h 10m 01.434s
150,    2248,    603682,    000h 00m 02.248s,    000h 10m 03.682s
151,    2240,    605922,    000h 00m 02.240s,    000h 10m 05.922s
152,    2173,    608095,    000h 00m 02.173s,    000h 10m 08.095s
153,    2253,    610348,    000h 00m 02.253s,    000h 10m 10.348s
154,    2325,    612673,    000h 00m 02.325s,    000h 10m 12.673s
155,    2281,    614954,    000h 00m 02.281s,    000h 10m 14.954s
156,    2364,    617318,    000h 00m 02.364s,    000h 10m 17.318s
157,    2345,    619663,    000h 00m 02.345s,    000h 10m 19.663s
158,    2329,    621992,    000h 00m 02.329s,    000h 10m 21.992s
159,    2356,    624348,    000h 00m 02.356s,    000h 10m 24.348s
160,    2188,    626536,    000h 00m 02.188s,    000h 10m 26.536s
161,    2319,    628855,    000h 00m 02.319s,    000h 10m 28.855s
162,    2316,    631171,    000h 00m 02.316s,    000h 10m 31.171s
163,    2194,    633365,    000h 00m 02.194s,    000h 10m 33.365s
164,    2189,    635554,    000h 00m 02.189s,    000h 10m 35.554s
165,    2383,    637937,    000h 00m 02.383s,    000h 10m 37.937s
166,    2100,    640037,    000h 00m 02.100s,    000h 10m 40.037s
167,    2376,    642413,    000h 00m 02.376s,    000h 10m 42.413s
168,    2247,    644660,    000h 00m 02.247s,    000h 10m 44.660s
169,    2292,    646952,    000h 00m 02.292s,    000h 10m 46.952s
170,    2400,    649352,    000h 00m 02.400s,    000h 10m 49.352s
171,    2399,    651751,    000h 00m 02.399s,    000h 10m 51.751s
172,    2354,    654105,    000h 00m 02.354s,    000h 10m 54.105s
173,    2364,    656469,    000h 00m 02.364s,    000h 10m 56.469s
174,    2213,    658682,    000h 00m 02.213s,    000h 10m 58.682s
175,    2382,    661064,    000h 00m 02.382s,    000h 11m 01.064s
176,    2145,    663209,    000h 00m 02.145s,    000h 11m 03.209s
177,    16066,    679275,    000h 00m 16.066s,    000h 11m 19.275s
178,    36276,    715551,    000h 00m 36.276s,    000h 11m 55.551s
179,    34808,    750359,    000h 00m 34.808s,    000h 12m 30.359s
180,    32740,    783099,    000h 00m 32.740s,    000h 13m 03.099s
181,    33422,    816521,    000h 00m 33.422s,    000h 13m 36.521s
182,    34626,    851147,    000h 00m 34.626s,    000h 14m 11.147s
183,    34573,    885720,    000h 00m 34.573s,    000h 14m 45.720s
184,    12173,    897893,    000h 00m 12.173s,    000h 14m 57.893s
185,    2448,    900341,    000h 00m 02.448s,    000h 15m 00.341s
186,    2142,    902483,    000h 00m 02.142s,    000h 15m 02.483s
187,    2367,    904850,    000h 00m 02.367s,    000h 15m 04.850s
188,    2099,    906949,    000h 00m 02.099s,    000h 15m 06.949s
189,    2141,    909090,    000h 00m 02.141s,    000h 15m 09.090s
190,    2193,    911283,    000h 00m 02.193s,    000h 15m 11.283s
191,    2272,    913555,    000h 00m 02.272s,    000h 15m 13.555s
192,    2272,    915827,    000h 00m 02.272s,    000h 15m 15.827s
193,    2102,    917929,    000h 00m 02.102s,    000h 15m 17.929s
194,    2377,    920306,    000h 00m 02.377s,    000h 15m 20.306s
195,    2328,    922634,    000h 00m 02.328s,    000h 15m 22.634s
196,    2114,    924748,    000h 00m 02.114s,    000h 15m 24.748s
197,    2265,    927013,    000h 00m 02.265s,    000h 15m 27.013s
198,    2202,    929215,    000h 00m 02.202s,    000h 15m 29.215s
199,    2209,    931424,    000h 00m 02.209s,    000h 15m 31.424s
200,    2269,    933693,    000h 00m 02.269s,    000h 15m 33.693s
201,    22474,    956167,    000h 00m 22.474s,    000h 15m 56.167s
202,    31708,    987875,    000h 00m 31.708s,    000h 16m 27.875s
203,    34655,    1022530,    000h 00m 34.655s,    000h 17m 02.530s
204,    33759,    1056289,    000h 00m 33.759s,    000h 17m 36.289s
205,    34194,    1090483,    000h 00m 34.194s,    000h 18m 10.483s
206,    34143,    1124626,    000h 00m 34.143s,    000h 18m 44.626s
207,    36292,    1160918,    000h 00m 36.292s,    000h 19m 20.918s
208,    30311,    1191229,    000h 00m 30.311s,    000h 19m 51.229s
209,    34502,    1225731,    000h 00m 34.502s,    000h 20m 25.731s
210,    32828,    1258559,    000h 00m 32.828s,    000h 20m 58.559s
211,    33925,    1292484,    000h 00m 33.925s,    000h 21m 32.484s
212,    34415,    1326899,    000h 00m 34.415s,    000h 22m 06.899s
213,    31183,    1358082,    000h 00m 31.183s,    000h 22m 38.082s
214,    31441,    1389523,    000h 00m 31.441s,    000h 23m 09.523s
215,    33347,    1422870,    000h 00m 33.347s,    000h 23m 42.870s
216,    41658,    1464528,    000h 00m 41.658s,    000h 24m 24.528s
217,    33776,    1498304,    000h 00m 33.776s,    000h 24m 58.304s
218,    33154,    1531458,    000h 00m 33.154s,    000h 25m 31.458s
219,    35376,    1566834,    000h 00m 35.376s,    000h 26m 06.834s
220,    31837,    1598671,    000h 00m 31.837s,    000h 26m 38.671s
221,    32636,    1631307,    000h 00m 32.636s,    000h 27m 11.307s
222,    34078,    1665385,    000h 00m 34.078s,    000h 27m 45.385s
223,    34360,    1699745,    000h 00m 34.360s,    000h 28m 19.745s
224,    33971,    1733716,    000h 00m 33.971s,    000h 28m 53.716s
225,    34520,    1768236,    000h 00m 34.520s,    000h 29m 28.236s
226,    36306,    1804542,    000h 00m 36.306s,    000h 30m 04.542s
227,    35365,    1839907,    000h 00m 35.365s,    000h 30m 39.907s
228,    32357,    1872264,    000h 00m 32.357s,    000h 31m 12.264s
229,    34210,    1906474,    000h 00m 34.210s,    000h 31m 46.474s
230,    34238,    1940712,    000h 00m 34.238s,    000h 32m 20.712s
231,    35208,    1975920,    000h 00m 35.208s,    000h 32m 55.920s
232,    34429,    2010349,    000h 00m 34.429s,    000h 33m 30.349s
233,    35254,    2045603,    000h 00m 35.254s,    000h 34m 05.603s
234,    34108,    2079711,    000h 00m 34.108s,    000h 34m 39.711s
235,    37257,    2116968,    000h 00m 37.257s,    000h 35m 16.968s
236,    34947,    2151915,    000h 00m 34.947s,    000h 35m 51.915s
237,    34317,    2186232,    000h 00m 34.317s,    000h 36m 26.232s
238,    35545,    2221777,    000h 00m 35.545s,    000h 37m 01.777s
239,    35424,    2257201,    000h 00m 35.424s,    000h 37m 37.201s
240,    35458,    2292659,    000h 00m 35.458s,    000h 38m 12.659s
241,    33413,    2326072,    000h 00m 33.413s,    000h 38m 46.072s
242,    31287,    2357359,    000h 00m 31.287s,    000h 39m 17.359s
243,    36518,    2393877,    000h 00m 36.518s,    000h 39m 53.877s
244,    37003,    2430880,    000h 00m 37.003s,    000h 40m 30.880s
245,    31274,    2462154,    000h 00m 31.274s,    000h 41m 02.154s
246,    33407,    2495561,    000h 00m 33.407s,    000h 41m 35.561s
247,    34767,    2530328,    000h 00m 34.767s,    000h 42m 10.328s
248,    33552,    2563880,    000h 00m 33.552s,    000h 42m 43.880s
249,    34750,    2598630,    000h 00m 34.750s,    000h 43m 18.630s
250,    32744,    2631374,    000h 00m 32.744s,    000h 43m 51.374s
251,    34486,    2665860,    000h 00m 34.486s,    000h 44m 25.860s
252,    33985,    2699845,    000h 00m 33.985s,    000h 44m 59.845s
253,    31965,    2731810,    000h 00m 31.965s,    000h 45m 31.810s
254,    33241,    2765051,    000h 00m 33.241s,    000h 46m 05.051s
255,    33841,    2798892,    000h 00m 33.841s,    000h 46m 38.892s
256,    34890,    2833782,    000h 00m 34.890s,    000h 47m 13.782s
257,    34955,    2868737,    000h 00m 34.955s,    000h 47m 48.737s
258,    33758,    2902495,    000h 00m 33.758s,    000h 48m 22.495s
259,    35180,    2937675,    000h 00m 35.180s,    000h 48m 57.675s
260,    34046,    2971721,    000h 00m 34.046s,    000h 49m 31.721s
261,    35333,    3007054,    000h 00m 35.333s,    000h 50m 07.054s
262,    35293,    3042347,    000h 00m 35.293s,    000h 50m 42.347s
263,    36345,    3078692,    000h 00m 36.345s,    000h 51m 18.692s
264,    35707,    3114399,    000h 00m 35.707s,    000h 51m 54.399s
265,    34716,    3149115,    000h 00m 34.716s,    000h 52m 29.115s
266,    34339,    3183454,    000h 00m 34.339s,    000h 53m 03.454s
267,    35025,    3218479,    000h 00m 35.025s,    000h 53m 38.479s
268,    33853,    3252332,    000h 00m 33.853s,    000h 54m 12.332s
269,    34726,    3287058,    000h 00m 34.726s,    000h 54m 47.058s
270,    34822,    3321880,    000h 00m 34.822s,    000h 55m 21.880s
271,    38176,    3360056,    000h 00m 38.176s,    000h 56m 00.056s
272,    32052,    3392108,    000h 00m 32.052s,    000h 56m 32.108s
273,    32831,    3424939,    000h 00m 32.831s,    000h 57m 04.939s
274,    33709,    3458648,    000h 00m 33.709s,    000h 57m 38.648s
275,    34580,    3493228,    000h 00m 34.580s,    000h 58m 13.228s
276,    31882,    3525110,    000h 00m 31.882s,    000h 58m 45.110s
277,    31023,    3556133,    000h 00m 31.023s,    000h 59m 16.133s
278,    34148,    3590281,    000h 00m 34.148s,    000h 59m 50.281s
279,    34341,    3624622,    000h 00m 34.341s,    001h 00m 24.622s
280,    37919,    3662541,    000h 00m 37.919s,    001h 01m 02.541s
281,    33317,    3695858,    000h 00m 33.317s,    001h 01m 35.858s
282,    34286,    3730144,    000h 00m 34.286s,    001h 02m 10.144s
283,    32303,    3762447,    000h 00m 32.303s,    001h 02m 42.447s
284,    35088,    3797535,    000h 00m 35.088s,    001h 03m 17.535s
285,    31790,    3829325,    000h 00m 31.790s,    001h 03m 49.325s
286,    32346,    3861671,    000h 00m 32.346s,    001h 04m 21.671s
287,    33018,    3894689,    000h 00m 33.018s,    001h 04m 54.689s
288,    30781,    3925470,    000h 00m 30.781s,    001h 05m 25.470s
289,    33573,    3959043,    000h 00m 33.573s,    001h 05m 59.043s
290,    33565,    3992608,    000h 00m 33.565s,    001h 06m 32.608s
291,    34138,    4026746,    000h 00m 34.138s,    001h 07m 06.746s
292,    31710,    4058456,    000h 00m 31.710s,    001h 07m 38.456s
293,    35580,    4094036,    000h 00m 35.580s,    001h 08m 14.036s
294,    33245,    4127281,    000h 00m 33.245s,    001h 08m 47.281s
295,    30878,    4158159,    000h 00m 30.878s,    001h 09m 18.159s
296,    35674,    4193833,    000h 00m 35.674s,    001h 09m 53.833s
297,    32946,    4226779,    000h 00m 32.946s,    001h 10m 26.779s
298,    33280,    4260059,    000h 00m 33.280s,    001h 11m 00.059s
299,    33298,    4293357,    000h 00m 33.298s,    001h 11m 33.357s
300,    31316,    4324673,    000h 00m 31.316s,    001h 12m 04.673s
301,    31730,    4356403,    000h 00m 31.730s,    001h 12m 36.403s
302,    34246,    4390649,    000h 00m 34.246s,    001h 13m 10.649s
303,    34893,    4425542,    000h 00m 34.893s,    001h 13m 45.542s
304,    31650,    4457192,    000h 00m 31.650s,    001h 14m 17.192s
305,    33872,    4491064,    000h 00m 33.872s,    001h 14m 51.064s
306,    35127,    4526191,    000h 00m 35.127s,    001h 15m 26.191s
307,    32777,    4558968,    000h 00m 32.777s,    001h 15m 58.968s
308,    31042,    4590010,    000h 00m 31.042s,    001h 16m 30.010s
309,    30630,    4620640,    000h 00m 30.630s,    001h 17m 00.640s
310,    36370,    4657010,    000h 00m 36.370s,    001h 17m 37.010s
311,    35044,    4692054,    000h 00m 35.044s,    001h 18m 12.054s
312,    34481,    4726535,    000h 00m 34.481s,    001h 18m 46.535s
313,    35141,    4761676,    000h 00m 35.141s,    001h 19m 21.676s
314,    34729,    4796405,    000h 00m 34.729s,    001h 19m 56.405s
315,    35339,    4831744,    000h 00m 35.339s,    001h 20m 31.744s
316,    35302,    4867046,    000h 00m 35.302s,    001h 21m 07.046s
317,    32495,    4899541,    000h 00m 32.495s,    001h 21m 39.541s
318,    34606,    4934147,    000h 00m 34.606s,    001h 22m 14.147s
319,    37105,    4971252,    000h 00m 37.105s,    001h 22m 51.252s
320,    32022,    5003274,    000h 00m 32.022s,    001h 23m 23.274s
321,    31685,    5034959,    000h 00m 31.685s,    001h 23m 54.959s
322,    31064,    5066023,    000h 00m 31.064s,    001h 24m 26.023s
323,    30999,    5097022,    000h 00m 30.999s,    001h 24m 57.022s
324,    34486,    5131508,    000h 00m 34.486s,    001h 25m 31.508s
325,    35818,    5167326,    000h 00m 35.818s,    001h 26m 07.326s
326,    34068,    5201394,    000h 00m 34.068s,    001h 26m 41.394s
327,    34557,    5235951,    000h 00m 34.557s,    001h 27m 15.951s
328,    31451,    5267402,    000h 00m 31.451s,    001h 27m 47.402s
329,    35037,    5302439,    000h 00m 35.037s,    001h 28m 22.439s
330,    32330,    5334769,    000h 00m 32.330s,    001h 28m 54.769s
331,    39896,    5374665,    000h 00m 39.896s,    001h 29m 34.665s
332,    37199,    5411864,    000h 00m 37.199s,    001h 30m 11.864s
333,    34333,    5446197,    000h 00m 34.333s,    001h 30m 46.197s
334,    33771,    5479968,    000h 00m 33.771s,    001h 31m 19.968s
335,    32138,    5512106,    000h 00m 32.138s,    001h 31m 52.106s
336,    32194,    5544300,    000h 00m 32.194s,    001h 32m 24.300s
337,    35035,    5579335,    000h 00m 35.035s,    001h 32m 59.335s
338,    37353,    5616688,    000h 00m 37.353s,    001h 33m 36.688s
339,    4256,    5620944,    000h 00m 04.256s,    001h 33m 40.944s
340,    2164,    5623108,    000h 00m 02.164s,    001h 33m 43.108s
341,    2118,    5625226,    000h 00m 02.118s,    001h 33m 45.226s
342,    2380,    5627606,    000h 00m 02.380s,    001h 33m 47.606s
343,    2409,    5630015,    000h 00m 02.409s,    001h 33m 50.015s
344,    2324,    5632339,    000h 00m 02.324s,    001h 33m 52.339s
345,    2285,    5634624,    000h 00m 02.285s,    001h 33m 54.624s
346,    2393,    5637017,    000h 00m 02.393s,    001h 33m 57.017s
347,    2130,    5639147,    000h 00m 02.130s,    001h 33m 59.147s
348,    2213,    5641360,    000h 00m 02.213s,    001h 34m 01.360s
349,    2419,    5643779,    000h 00m 02.419s,    001h 34m 03.779s
350,    2280,    5646059,    000h 00m 02.280s,    001h 34m 06.059s
351,    2155,    5648214,    000h 00m 02.155s,    001h 34m 08.214s
352,    2098,    5650312,    000h 00m 02.098s,    001h 34m 10.312s
353,    2153,    5652465,    000h 00m 02.153s,    001h 34m 12.465s
354,    2136,    5654601,    000h 00m 02.136s,    001h 34m 14.601s
355,    2268,    5656869,    000h 00m 02.268s,    001h 34m 16.869s
356,    2235,    5659104,    000h 00m 02.235s,    001h 34m 19.104s
357,    2332,    5661436,    000h 00m 02.332s,    001h 34m 21.436s
358,    2351,    5663787,    000h 00m 02.351s,    001h 34m 23.787s
359,    2208,    5665995,    000h 00m 02.208s,    001h 34m 25.995s
360,    2326,    5668321,    000h 00m 02.326s,    001h 34m 28.321s
361,    2172,    5670493,    000h 00m 02.172s,    001h 34m 30.493s
362,    2077,    5672570,    000h 00m 02.077s,    001h 34m 32.570s
363,    2194,    5674764,    000h 00m 02.194s,    001h 34m 34.764s
364,    2336,    5677100,    000h 00m 02.336s,    001h 34m 37.100s
365,    2201,    5679301,    000h 00m 02.201s,    001h 34m 39.301s
366,    2255,    5681556,    000h 00m 02.255s,    001h 34m 41.556s
367,    2256,    5683812,    000h 00m 02.256s,    001h 34m 43.812s
368,    2291,    5686103,    000h 00m 02.291s,    001h 34m 46.103s
369,    2158,    5688261,    000h 00m 02.158s,    001h 34m 48.261s
370,    2200,    5690461,    000h 00m 02.200s,    001h 34m 50.461s
371,    2178,    5692639,    000h 00m 02.178s,    001h 34m 52.639s
372,    2175,    5694814,    000h 00m 02.175s,    001h 34m 54.814s
373,    2388,    5697202,    000h 00m 02.388s,    001h 34m 57.202s
374,    2330,    5699532,    000h 00m 02.330s,    001h 34m 59.532s
375,    2071,    5701603,    000h 00m 02.071s,    001h 35m 01.603s
376,    2378,    5703981,    000h 00m 02.378s,    001h 35m 03.981s
377,    2232,    5706213,    000h 00m 02.232s,    001h 35m 06.213s
378,    2307,    5708520,    000h 00m 02.307s,    001h 35m 08.520s
379,    2336,    5710856,    000h 00m 02.336s,    001h 35m 10.856s
380,    2092,    5712948,    000h 00m 02.092s,    001h 35m 12.948s
381,    2166,    5715114,    000h 00m 02.166s,    001h 35m 15.114s
382,    2327,    5717441,    000h 00m 02.327s,    001h 35m 17.441s
383,    2292,    5719733,    000h 00m 02.292s,    001h 35m 19.733s
384,    2248,    5721981,    000h 00m 02.248s,    001h 35m 21.981s
385,    2220,    5724201,    000h 00m 02.220s,    001h 35m 24.201s
386,    2287,    5726488,    000h 00m 02.287s,    001h 35m 26.488s
387,    2151,    5728639,    000h 00m 02.151s,    001h 35m 28.639s
388,    2216,    5730855,    000h 00m 02.216s,    001h 35m 30.855s
389,    2086,    5732941,    000h 00m 02.086s,    001h 35m 32.941s
390,    2223,    5735164,    000h 00m 02.223s,    001h 35m 35.164s
391,    2299,    5737463,    000h 00m 02.299s,    001h 35m 37.463s
392,    2235,    5739698,    000h 00m 02.235s,    001h 35m 39.698s
393,    2276,    5741974,    000h 00m 02.276s,    001h 35m 41.974s
394,    2167,    5744141,    000h 00m 02.167s,    001h 35m 44.141s
395,    2317,    5746458,    000h 00m 02.317s,    001h 35m 46.458s
396,    2311,    5748769,    000h 00m 02.311s,    001h 35m 48.769s
397,    2287,    5751056,    000h 00m 02.287s,    001h 35m 51.056s
398,    2306,    5753362,    000h 00m 02.306s,    001h 35m 53.362s
399,    2345,    5755707,    000h 00m 02.345s,    001h 35m 55.707s
400,    2227,    5757934,    000h 00m 02.227s,    001h 35m 57.934s
401,    2248,    5760182,    000h 00m 02.248s,    001h 36m 00.182s
402,    2288,    5762470,    000h 00m 02.288s,    001h 36m 02.470s
403,    2362,    5764832,    000h 00m 02.362s,    001h 36m 04.832s
404,    2170,    5767002,    000h 00m 02.170s,    001h 36m 07.002s
405,    2349,    5769351,    000h 00m 02.349s,    001h 36m 09.351s
406,    2165,    5771516,    000h 00m 02.165s,    001h 36m 11.516s
407,    2264,    5773780,    000h 00m 02.264s,    001h 36m 13.780s
408,    2248,    5776028,    000h 00m 02.248s,    001h 36m 16.028s
409,    2224,    5778252,    000h 00m 02.224s,    001h 36m 18.252s
410,    2337,    5780589,    000h 00m 02.337s,    001h 36m 20.589s
411,    2398,    5782987,    000h 00m 02.398s,    001h 36m 22.987s
412,    2211,    5785198,    000h 00m 02.211s,    001h 36m 25.198s
413,    2143,    5787341,    000h 00m 02.143s,    001h 36m 27.341s
414,    2244,    5789585,    000h 00m 02.244s,    001h 36m 29.585s
415,    2239,    5791824,    000h 00m 02.239s,    001h 36m 31.824s
416,    2211,    5794035,    000h 00m 02.211s,    001h 36m 34.035s
417,    2114,    5796149,    000h 00m 02.114s,    001h 36m 36.149s
418,    2312,    5798461,    000h 00m 02.312s,    001h 36m 38.461s
419,    2337,    5800798,    000h 00m 02.337s,    001h 36m 40.798s
420,    2324,    5803122,    000h 00m 02.324s,    001h 36m 43.122s
421,    2319,    5805441,    000h 00m 02.319s,    001h 36m 45.441s
422,    2333,    5807774,    000h 00m 02.333s,    001h 36m 47.774s
423,    2294,    5810068,    000h 00m 02.294s,    001h 36m 50.068s
424,    2360,    5812428,    000h 00m 02.360s,    001h 36m 52.428s
425,    2319,    5814747,    000h 00m 02.319s,    001h 36m 54.747s
426,    2263,    5817010,    000h 00m 02.263s,    001h 36m 57.010s
427,    2247,    5819257,    000h 00m 02.247s,    001h 36m 59.257s
428,    2270,    5821527,    000h 00m 02.270s,    001h 37m 01.527s
429,    2144,    5823671,    000h 00m 02.144s,    001h 37m 03.671s
430,    2355,    5826026,    000h 00m 02.355s,    001h 37m 06.026s
431,    2217,    5828243,    000h 00m 02.217s,    001h 37m 08.243s
432,    2168,    5830411,    000h 00m 02.168s,    001h 37m 10.411s
433,    2363,    5832774,    000h 00m 02.363s,    001h 37m 12.774s
434,    2262,    5835036,    000h 00m 02.262s,    001h 37m 15.036s
435,    2333,    5837369,    000h 00m 02.333s,    001h 37m 17.369s
436,    2366,    5839735,    000h 00m 02.366s,    001h 37m 19.735s
437,    2059,    5841794,    000h 00m 02.059s,    001h 37m 21.794s
438,    2346,    5844140,    000h 00m 02.346s,    001h 37m 24.140s
439,    2294,    5846434,    000h 00m 02.294s,    001h 37m 26.434s
440,    2263,    5848697,    000h 00m 02.263s,    001h 37m 28.697s
441,    2355,    5851052,    000h 00m 02.355s,    001h 37m 31.052s
442,    2219,    5853271,    000h 00m 02.219s,    001h 37m 33.271s
443,    2207,    5855478,    000h 00m 02.207s,    001h 37m 35.478s
444,    2277,    5857755,    000h 00m 02.277s,    001h 37m 37.755s
445,    2088,    5859843,    000h 00m 02.088s,    001h 37m 39.843s
446,    2099,    5861942,    000h 00m 02.099s,    001h 37m 41.942s
447,    2242,    5864184,    000h 00m 02.242s,    001h 37m 44.184s
448,    2325,    5866509,    000h 00m 02.325s,    001h 37m 46.509s
449,    2310,    5868819,    000h 00m 02.310s,    001h 37m 48.819s
450,    2288,    5871107,    000h 00m 02.288s,    001h 37m 51.107s
451,    2217,    5873324,    000h 00m 02.217s,    001h 37m 53.324s
452,    2313,    5875637,    000h 00m 02.313s,    001h 37m 55.637s
453,    2306,    5877943,    000h 00m 02.306s,    001h 37m 57.943s
454,    2327,    5880270,    000h 00m 02.327s,    001h 38m 00.270s
455,    2206,    5882476,    000h 00m 02.206s,    001h 38m 02.476s
456,    2322,    5884798,    000h 00m 02.322s,    001h 38m 04.798s
457,    2208,    5887006,    000h 00m 02.208s,    001h 38m 07.006s
458,    2329,    5889335,    000h 00m 02.329s,    001h 38m 09.335s
459,    2361,    5891696,    000h 00m 02.361s,    001h 38m 11.696s
460,    2214,    5893910,    000h 00m 02.214s,    001h 38m 13.910s
461,    2198,    5896108,    000h 00m 02.198s,    001h 38m 16.108s
462,    2318,    5898426,    000h 00m 02.318s,    001h 38m 18.426s
463,    2238,    5900664,    000h 00m 02.238s,    001h 38m 20.664s
464,    2336,    5903000,    000h 00m 02.336s,    001h 38m 23.000s
465,    2258,    5905258,    000h 00m 02.258s,    001h 38m 25.258s
466,    2035,    5907293,    000h 00m 02.035s,    001h 38m 27.293s
467,    2130,    5909423,    000h 00m 02.130s,    001h 38m 29.423s
468,    2348,    5911771,    000h 00m 02.348s,    001h 38m 31.771s
469,    2248,    5914019,    000h 00m 02.248s,    001h 38m 34.019s
470,    2250,    5916269,    000h 00m 02.250s,    001h 38m 36.269s
471,    2216,    5918485,    000h 00m 02.216s,    001h 38m 38.485s
472,    2291,    5920776,    000h 00m 02.291s,    001h 38m 40.776s
473,    2290,    5923066,    000h 00m 02.290s,    001h 38m 43.066s
474,    2337,    5925403,    000h 00m 02.337s,    001h 38m 45.403s
475,    2214,    5927617,    000h 00m 02.214s,    001h 38m 47.617s
476,    2170,    5929787,    000h 00m 02.170s,    001h 38m 49.787s
477,    2274,    5932061,    000h 00m 02.274s,    001h 38m 52.061s
478,    2342,    5934403,    000h 00m 02.342s,    001h 38m 54.403s
479,    2241,    5936644,    000h 00m 02.241s,    001h 38m 56.644s
480,    2401,    5939045,    000h 00m 02.401s,    001h 38m 59.045s
481,    2347,    5941392,    000h 00m 02.347s,    001h 39m 01.392s
482,    2369,    5943761,    000h 00m 02.369s,    001h 39m 03.761s
483,    2080,    5945841,    000h 00m 02.080s,    001h 39m 05.841s
484,    2375,    5948216,    000h 00m 02.375s,    001h 39m 08.216s
485,    2357,    5950573,    000h 00m 02.357s,    001h 39m 10.573s
486,    2133,    5952706,    000h 00m 02.133s,    001h 39m 12.706s
487,    2180,    5954886,    000h 00m 02.180s,    001h 39m 14.886s
488,    2215,    5957101,    000h 00m 02.215s,    001h 39m 17.101s
489,    2274,    5959375,    000h 00m 02.274s,    001h 39m 19.375s
490,    2235,    5961610,    000h 00m 02.235s,    001h 39m 21.610s
491,    2237,    5963847,    000h 00m 02.237s,    001h 39m 23.847s
492,    2238,    5966085,    000h 00m 02.238s,    001h 39m 26.085s
493,    2184,    5968269,    000h 00m 02.184s,    001h 39m 28.269s
494,    2225,    5970494,    000h 00m 02.225s,    001h 39m 30.494s
495,    2133,    5972627,    000h 00m 02.133s,    001h 39m 32.627s
496,    2324,    5974951,    000h 00m 02.324s,    001h 39m 34.951s
497,    2162,    5977113,    000h 00m 02.162s,    001h 39m 37.113s
498,    2292,    5979405,    000h 00m 02.292s,    001h 39m 39.405s
499,    2263,    5981668,    000h 00m 02.263s,    001h 39m 41.668s
500,    2297,    5983965,    000h 00m 02.297s,    001h 39m 43.965s
501,    2076,    5986041,    000h 00m 02.076s,    001h 39m 46.041s
502,    2285,    5988326,    000h 00m 02.285s,    001h 39m 48.326s
503,    2185,    5990511,    000h 00m 02.185s,    001h 39m 50.511s
504,    2323,    5992834,    000h 00m 02.323s,    001h 39m 52.834s
505,    2031,    5994865,    000h 00m 02.031s,    001h 39m 54.865s
506,    2341,    5997206,    000h 00m 02.341s,    001h 39m 57.206s
507,    2350,    5999556,    000h 00m 02.350s,    001h 39m 59.556s
508,    2262,    6001818,    000h 00m 02.262s,    001h 40m 01.818s
509,    2332,    6004150,    000h 00m 02.332s,    001h 40m 04.150s
510,    2232,    6006382,    000h 00m 02.232s,    001h 40m 06.382s
511,    2309,    6008691,    000h 00m 02.309s,    001h 40m 08.691s
512,    2128,    6010819,    000h 00m 02.128s,    001h 40m 10.819s
513,    2273,    6013092,    000h 00m 02.273s,    001h 40m 13.092s
514,    2125,    6015217,    000h 00m 02.125s,    001h 40m 15.217s
515,    2297,    6017514,    000h 00m 02.297s,    001h 40m 17.514s
516,    2371,    6019885,    000h 00m 02.371s,    001h 40m 19.885s
517,    2330,    6022215,    000h 00m 02.330s,    001h 40m 22.215s
518,    2343,    6024558,    000h 00m 02.343s,    001h 40m 24.558s
519,    2291,    6026849,    000h 00m 02.291s,    001h 40m 26.849s
520,    2122,    6028971,    000h 00m 02.122s,    001h 40m 28.971s
521,    2296,    6031267,    000h 00m 02.296s,    001h 40m 31.267s
522,    2353,    6033620,    000h 00m 02.353s,    001h 40m 33.620s
523,    2343,    6035963,    000h 00m 02.343s,    001h 40m 35.963s
524,    2212,    6038175,    000h 00m 02.212s,    001h 40m 38.175s
525,    2101,    6040276,    000h 00m 02.101s,    001h 40m 40.276s
526,    2333,    6042609,    000h 00m 02.333s,    001h 40m 42.609s
527,    2266,    6044875,    000h 00m 02.266s,    001h 40m 44.875s
528,    2212,    6047087,    000h 00m 02.212s,    001h 40m 47.087s
529,    2254,    6049341,    000h 00m 02.254s,    001h 40m 49.341s
530,    2244,    6051585,    000h 00m 02.244s,    001h 40m 51.585s
531,    2261,    6053846,    000h 00m 02.261s,    001h 40m 53.846s
532,    2251,    6056097,    000h 00m 02.251s,    001h 40m 56.097s
533,    2356,    6058453,    000h 00m 02.356s,    001h 40m 58.453s
534,    2110,    6060563,    000h 00m 02.110s,    001h 41m 00.563s
535,    2261,    6062824,    000h 00m 02.261s,    001h 41m 02.824s
536,    2362,    6065186,    000h 00m 02.362s,    001h 41m 05.186s
537,    2266,    6067452,    000h 00m 02.266s,    001h 41m 07.452s
538,    2288,    6069740,    000h 00m 02.288s,    001h 41m 09.740s
539,    2267,    6072007,    000h 00m 02.267s,    001h 41m 12.007s
540,    2147,    6074154,    000h 00m 02.147s,    001h 41m 14.154s
541,    2213,    6076367,    000h 00m 02.213s,    001h 41m 16.367s
542,    2240,    6078607,    000h 00m 02.240s,    001h 41m 18.607s
543,    2149,    6080756,    000h 00m 02.149s,    001h 41m 20.756s
544,    2286,    6083042,    000h 00m 02.286s,    001h 41m 23.042s
545,    2122,    6085164,    000h 00m 02.122s,    001h 41m 25.164s
546,    2152,    6087316,    000h 00m 02.152s,    001h 41m 27.316s
547,    2144,    6089460,    000h 00m 02.144s,    001h 41m 29.460s
548,    2305,    6091765,    000h 00m 02.305s,    001h 41m 31.765s
549,    2312,    6094077,    000h 00m 02.312s,    001h 41m 34.077s
550,    2173,    6096250,    000h 00m 02.173s,    001h 41m 36.250s
551,    2209,    6098459,    000h 00m 02.209s,    001h 41m 38.459s
552,    2357,    6100816,    000h 00m 02.357s,    001h 41m 40.816s
553,    2280,    6103096,    000h 00m 02.280s,    001h 41m 43.096s
554,    2328,    6105424,    000h 00m 02.328s,    001h 41m 45.424s
555,    2232,    6107656,    000h 00m 02.232s,    001h 41m 47.656s
556,    2286,    6109942,    000h 00m 02.286s,    001h 41m 49.942s
557,    2335,    6112277,    000h 00m 02.335s,    001h 41m 52.277s
558,    2051,    6114328,    000h 00m 02.051s,    001h 41m 54.328s
559,    2258,    6116586,    000h 00m 02.258s,    001h 41m 56.586s
560,    2355,    6118941,    000h 00m 02.355s,    001h 41m 58.941s
561,    2290,    6121231,    000h 00m 02.290s,    001h 42m 01.231s
562,    2273,    6123504,    000h 00m 02.273s,    001h 42m 03.504s
563,    2324,    6125828,    000h 00m 02.324s,    001h 42m 05.828s
564,    2359,    6128187,    000h 00m 02.359s,    001h 42m 08.187s
565,    2345,    6130532,    000h 00m 02.345s,    001h 42m 10.532s
566,    2264,    6132796,    000h 00m 02.264s,    001h 42m 12.796s
567,    2067,    6134863,    000h 00m 02.067s,    001h 42m 14.863s
568,    2308,    6137171,    000h 00m 02.308s,    001h 42m 17.171s
569,    2119,    6139290,    000h 00m 02.119s,    001h 42m 19.290s
570,    2085,    6141375,    000h 00m 02.085s,    001h 42m 21.375s
571,    2303,    6143678,    000h 00m 02.303s,    001h 42m 23.678s
572,    2151,    6145829,    000h 00m 02.151s,    001h 42m 25.829s
573,    2287,    6148116,    000h 00m 02.287s,    001h 42m 28.116s
574,    2359,    6150475,    000h 00m 02.359s,    001h 42m 30.475s
575,    2295,    6152770,    000h 00m 02.295s,    001h 42m 32.770s
576,    2397,    6155167,    000h 00m 02.397s,    001h 42m 35.167s
577,    2078,    6157245,    000h 00m 02.078s,    001h 42m 37.245s
578,    2173,    6159418,    000h 00m 02.173s,    001h 42m 39.418s
579,    2269,    6161687,    000h 00m 02.269s,    001h 42m 41.687s
580,    2056,    6163743,    000h 00m 02.056s,    001h 42m 43.743s
581,    2146,    6165889,    000h 00m 02.146s,    001h 42m 45.889s
582,    2322,    6168211,    000h 00m 02.322s,    001h 42m 48.211s
583,    2072,    6170283,    000h 00m 02.072s,    001h 42m 50.283s
584,    2253,    6172536,    000h 00m 02.253s,    001h 42m 52.536s
585,    2160,    6174696,    000h 00m 02.160s,    001h 42m 54.696s
586,    2224,    6176920,    000h 00m 02.224s,    001h 42m 56.920s
587,    2244,    6179164,    000h 00m 02.244s,    001h 42m 59.164s
588,    2137,    6181301,    000h 00m 02.137s,    001h 43m 01.301s
589,    2190,    6183491,    000h 00m 02.190s,    001h 43m 03.491s
590,    2113,    6185604,    000h 00m 02.113s,    001h 43m 05.604s
591,    2215,    6187819,    000h 00m 02.215s,    001h 43m 07.819s
592,    2266,    6190085,    000h 00m 02.266s,    001h 43m 10.085s
593,    2332,    6192417,    000h 00m 02.332s,    001h 43m 12.417s
594,    2192,    6194609,    000h 00m 02.192s,    001h 43m 14.609s
595,    2144,    6196753,    000h 00m 02.144s,    001h 43m 16.753s
596,    2214,    6198967,    000h 00m 02.214s,    001h 43m 18.967s
597,    2218,    6201185,    000h 00m 02.218s,    001h 43m 21.185s
598,    2369,    6203554,    000h 00m 02.369s,    001h 43m 23.554s
599,    2180,    6205734,    000h 00m 02.180s,    001h 43m 25.734s
600,    2299,    6208033,    000h 00m 02.299s,    001h 43m 28.033s
601,    2389,    6210422,    000h 00m 02.389s,    001h 43m 30.422s
602,    2290,    6212712,    000h 00m 02.290s,    001h 43m 32.712s
603,    2355,    6215067,    000h 00m 02.355s,    001h 43m 35.067s
604,    2311,    6217378,    000h 00m 02.311s,    001h 43m 37.378s
605,    2338,    6219716,    000h 00m 02.338s,    001h 43m 39.716s
606,    2329,    6222045,    000h 00m 02.329s,    001h 43m 42.045s
607,    2371,    6224416,    000h 00m 02.371s,    001h 43m 44.416s
608,    2257,    6226673,    000h 00m 02.257s,    001h 43m 46.673s
609,    2338,    6229011,    000h 00m 02.338s,    001h 43m 49.011s
610,    2346,    6231357,    000h 00m 02.346s,    001h 43m 51.357s
611,    2360,    6233717,    000h 00m 02.360s,    001h 43m 53.717s
612,    2200,    6235917,    000h 00m 02.200s,    001h 43m 55.917s
613,    2160,    6238077,    000h 00m 02.160s,    001h 43m 58.077s
614,    2199,    6240276,    000h 00m 02.199s,    001h 44m 00.276s
615,    2373,    6242649,    000h 00m 02.373s,    001h 44m 02.649s
616,    2424,    6245073,    000h 00m 02.424s,    001h 44m 05.073s
617,    2144,    6247217,    000h 00m 02.144s,    001h 44m 07.217s
618,    2158,    6249375,    000h 00m 02.158s,    001h 44m 09.375s
619,    2299,    6251674,    000h 00m 02.299s,    001h 44m 11.674s
620,    2081,    6253755,    000h 00m 02.081s,    001h 44m 13.755s
621,    2091,    6255846,    000h 00m 02.091s,    001h 44m 15.846s
622,    2206,    6258052,    000h 00m 02.206s,    001h 44m 18.052s
623,    2339,    6260391,    000h 00m 02.339s,    001h 44m 20.391s
624,    2279,    6262670,    000h 00m 02.279s,    001h 44m 22.670s
625,    2343,    6265013,    000h 00m 02.343s,    001h 44m 25.013s
626,    2284,    6267297,    000h 00m 02.284s,    001h 44m 27.297s
627,    2338,    6269635,    000h 00m 02.338s,    001h 44m 29.635s
628,    2340,    6271975,    000h 00m 02.340s,    001h 44m 31.975s
629,    2075,    6274050,    000h 00m 02.075s,    001h 44m 34.050s
630,    2209,    6276259,    000h 00m 02.209s,    001h 44m 36.259s
631,    2384,    6278643,    000h 00m 02.384s,    001h 44m 38.643s
632,    2107,    6280750,    000h 00m 02.107s,    001h 44m 40.750s
633,    2082,    6282832,    000h 00m 02.082s,    001h 44m 42.832s
634,    2383,    6285215,    000h 00m 02.383s,    001h 44m 45.215s
635,    2350,    6287565,    000h 00m 02.350s,    001h 44m 47.565s
636,    2366,    6289931,    000h 00m 02.366s,    001h 44m 49.931s
637,    2291,    6292222,    000h 00m 02.291s,    001h 44m 52.222s
638,    2131,    6294353,    000h 00m 02.131s,    001h 44m 54.353s
639,    2274,    6296627,    000h 00m 02.274s,    001h 44m 56.627s
640,    2094,    6298721,    000h 00m 02.094s,    001h 44m 58.721s
641,    2357,    6301078,    000h 00m 02.357s,    001h 45m 01.078s
642,    2383,    6303461,    000h 00m 02.383s,    001h 45m 03.461s
643,    2342,    6305803,    000h 00m 02.342s,    001h 45m 05.803s
644,    2072,    6307875,    000h 00m 02.072s,    001h 45m 07.875s
645,    2319,    6310194,    000h 00m 02.319s,    001h 45m 10.194s
646,    2151,    6312345,    000h 00m 02.151s,    001h 45m 12.345s
647,    2152,    6314497,    000h 00m 02.152s,    001h 45m 14.497s
648,    2212,    6316709,    000h 00m 02.212s,    001h 45m 16.709s
649,    2241,    6318950,    000h 00m 02.241s,    001h 45m 18.950s
650,    2299,    6321249,    000h 00m 02.299s,    001h 45m 21.249s
651,    2321,    6323570,    000h 00m 02.321s,    001h 45m 23.570s
652,    2270,    6325840,    000h 00m 02.270s,    001h 45m 25.840s
653,    2034,    6327874,    000h 00m 02.034s,    001h 45m 27.874s
654,    2116,    6329990,    000h 00m 02.116s,    001h 45m 29.990s
655,    2309,    6332299,    000h 00m 02.309s,    001h 45m 32.299s
656,    2287,    6334586,    000h 00m 02.287s,    001h 45m 34.586s
657,    2165,    6336751,    000h 00m 02.165s,    001h 45m 36.751s
658,    2345,    6339096,    000h 00m 02.345s,    001h 45m 39.096s
659,    2272,    6341368,    000h 00m 02.272s,    001h 45m 41.368s
660,    2115,    6343483,    000h 00m 02.115s,    001h 45m 43.483s
661,    2353,    6345836,    000h 00m 02.353s,    001h 45m 45.836s
662,    2389,    6348225,    000h 00m 02.389s,    001h 45m 48.225s
663,    2301,    6350526,    000h 00m 02.301s,    001h 45m 50.526s
664,    2343,    6352869,    000h 00m 02.343s,    001h 45m 52.869s
665,    2095,    6354964,    000h 00m 02.095s,    001h 45m 54.964s
666,    2309,    6357273,    000h 00m 02.309s,    001h 45m 57.273s
667,    2361,    6359634,    000h 00m 02.361s,    001h 45m 59.634s
668,    2261,    6361895,    000h 00m 02.261s,    001h 46m 01.895s
669,    2282,    6364177,    000h 00m 02.282s,    001h 46m 04.177s
670,    2345,    6366522,    000h 00m 02.345s,    001h 46m 06.522s
671,    2382,    6368904,    000h 00m 02.382s,    001h 46m 08.904s
672,    2355,    6371259,    000h 00m 02.355s,    001h 46m 11.259s
673,    2340,    6373599,    000h 00m 02.340s,    001h 46m 13.599s
674,    2323,    6375922,    000h 00m 02.323s,    001h 46m 15.922s
675,    2313,    6378235,    000h 00m 02.313s,    001h 46m 18.235s
676,    2341,    6380576,    000h 00m 02.341s,    001h 46m 20.576s
677,    2310,    6382886,    000h 00m 02.310s,    001h 46m 22.886s
678,    2227,    6385113,    000h 00m 02.227s,    001h 46m 25.113s
679,    2357,    6387470,    000h 00m 02.357s,    001h 46m 27.470s
680,    2379,    6389849,    000h 00m 02.379s,    001h 46m 29.849s
681,    2300,    6392149,    000h 00m 02.300s,    001h 46m 32.149s
682,    2338,    6394487,    000h 00m 02.338s,    001h 46m 34.487s
683,    2157,    6396644,    000h 00m 02.157s,    001h 46m 36.644s
684,    2359,    6399003,    000h 00m 02.359s,    001h 46m 39.003s
685,    2384,    6401387,    000h 00m 02.384s,    001h 46m 41.387s
686,    2121,    6403508,    000h 00m 02.121s,    001h 46m 43.508s
687,    2287,    6405795,    000h 00m 02.287s,    001h 46m 45.795s
688,    2234,    6408029,    000h 00m 02.234s,    001h 46m 48.029s
689,    2378,    6410407,    000h 00m 02.378s,    001h 46m 50.407s
690,    2163,    6412570,    000h 00m 02.163s,    001h 46m 52.570s
691,    2270,    6414840,    000h 00m 02.270s,    001h 46m 54.840s
692,    2369,    6417209,    000h 00m 02.369s,    001h 46m 57.209s
693,    2063,    6419272,    000h 00m 02.063s,    001h 46m 59.272s
694,    2277,    6421549,    000h 00m 02.277s,    001h 47m 01.549s
695,    2349,    6423898,    000h 00m 02.349s,    001h 47m 03.898s
696,    2304,    6426202,    000h 00m 02.304s,    001h 47m 06.202s
697,    2140,    6428342,    000h 00m 02.140s,    001h 47m 08.342s
698,    2237,    6430579,    000h 00m 02.237s,    001h 47m 10.579s
699,    2161,    6432740,    000h 00m 02.161s,    001h 47m 12.740s
700,    2301,    6435041,    000h 00m 02.301s,    001h 47m 15.041s
701,    2242,    6437283,    000h 00m 02.242s,    001h 47m 17.283s
702,    2324,    6439607,    000h 00m 02.324s,    001h 47m 19.607s
703,    2191,    6441798,    000h 00m 02.191s,    001h 47m 21.798s
704,    2109,    6443907,    000h 00m 02.109s,    001h 47m 23.907s
705,    2323,    6446230,    000h 00m 02.323s,    001h 47m 26.230s
706,    2124,    6448354,    000h 00m 02.124s,    001h 47m 28.354s
707,    2203,    6450557,    000h 00m 02.203s,    001h 47m 30.557s
708,    2309,    6452866,    000h 00m 02.309s,    001h 47m 32.866s
709,    2210,    6455076,    000h 00m 02.210s,    001h 47m 35.076s
710,    2075,    6457151,    000h 00m 02.075s,    001h 47m 37.151s
711,    2106,    6459257,    000h 00m 02.106s,    001h 47m 39.257s
712,    2224,    6461481,    000h 00m 02.224s,    001h 47m 41.481s
713,    2303,    6463784,    000h 00m 02.303s,    001h 47m 43.784s
714,    2240,    6466024,    000h 00m 02.240s,    001h 47m 46.024s
715,    2064,    6468088,    000h 00m 02.064s,    001h 47m 48.088s
716,    2305,    6470393,    000h 00m 02.305s,    001h 47m 50.393s
717,    2135,    6472528,    000h 00m 02.135s,    001h 47m 52.528s
718,    2343,    6474871,    000h 00m 02.343s,    001h 47m 54.871s
719,    2295,    6477166,    000h 00m 02.295s,    001h 47m 57.166s
720,    2337,    6479503,    000h 00m 02.337s,    001h 47m 59.503s
721,    2170,    6481673,    000h 00m 02.170s,    001h 48m 01.673s
722,    2209,    6483882,    000h 00m 02.209s,    001h 48m 03.882s
723,    2162,    6486044,    000h 00m 02.162s,    001h 48m 06.044s
724,    2376,    6488420,    000h 00m 02.376s,    001h 48m 08.420s
725,    2350,    6490770,    000h 00m 02.350s,    001h 48m 10.770s
726,    2045,    6492815,    000h 00m 02.045s,    001h 48m 12.815s
727,    2198,    6495013,    000h 00m 02.198s,    001h 48m 15.013s
728,    2160,    6497173,    000h 00m 02.160s,    001h 48m 17.173s
729,    2301,    6499474,    000h 00m 02.301s,    001h 48m 19.474s
730,    2299,    6501773,    000h 00m 02.299s,    001h 48m 21.773s
731,    2160,    6503933,    000h 00m 02.160s,    001h 48m 23.933s
732,    2306,    6506239,    000h 00m 02.306s,    001h 48m 26.239s
733,    2138,    6508377,    000h 00m 02.138s,    001h 48m 28.377s
734,    2285,    6510662,    000h 00m 02.285s,    001h 48m 30.662s
735,    2147,    6512809,    000h 00m 02.147s,    001h 48m 32.809s
736,    2373,    6515182,    000h 00m 02.373s,    001h 48m 35.182s
737,    2232,    6517414,    000h 00m 02.232s,    001h 48m 37.414s
738,    2330,    6519744,    000h 00m 02.330s,    001h 48m 39.744s
739,    2254,    6521998,    000h 00m 02.254s,    001h 48m 41.998s
740,    2323,    6524321,    000h 00m 02.323s,    001h 48m 44.321s
741,    2241,    6526562,    000h 00m 02.241s,    001h 48m 46.562s
742,    2239,    6528801,    000h 00m 02.239s,    001h 48m 48.801s
743,    2171,    6530972,    000h 00m 02.171s,    001h 48m 50.972s
744,    2209,    6533181,    000h 00m 02.209s,    001h 48m 53.181s
745,    2291,    6535472,    000h 00m 02.291s,    001h 48m 55.472s
746,    2280,    6537752,    000h 00m 02.280s,    001h 48m 57.752s
747,    2360,    6540112,    000h 00m 02.360s,    001h 49m 00.112s
748,    2123,    6542235,    000h 00m 02.123s,    001h 49m 02.235s
749,    2336,    6544571,    000h 00m 02.336s,    001h 49m 04.571s
750,    2273,    6546844,    000h 00m 02.273s,    001h 49m 06.844s
751,    2302,    6549146,    000h 00m 02.302s,    001h 49m 09.146s
752,    2264,    6551410,    000h 00m 02.264s,    001h 49m 11.410s
753,    2307,    6553717,    000h 00m 02.307s,    001h 49m 13.717s
754,    2250,    6555967,    000h 00m 02.250s,    001h 49m 15.967s
755,    2356,    6558323,    000h 00m 02.356s,    001h 49m 18.323s
756,    2338,    6560661,    000h 00m 02.338s,    001h 49m 20.661s
757,    2363,    6563024,    000h 00m 02.363s,    001h 49m 23.024s
758,    2385,    6565409,    000h 00m 02.385s,    001h 49m 25.409s
759,    2290,    6567699,    000h 00m 02.290s,    001h 49m 27.699s
760,    2367,    6570066,    000h 00m 02.367s,    001h 49m 30.066s
761,    2111,    6572177,    000h 00m 02.111s,    001h 49m 32.177s
762,    2292,    6574469,    000h 00m 02.292s,    001h 49m 34.469s
763,    2165,    6576634,    000h 00m 02.165s,    001h 49m 36.634s
764,    2109,    6578743,    000h 00m 02.109s,    001h 49m 38.743s
765,    2321,    6581064,    000h 00m 02.321s,    001h 49m 41.064s
766,    2061,    6583125,    000h 00m 02.061s,    001h 49m 43.125s
767,    2266,    6585391,    000h 00m 02.266s,    001h 49m 45.391s
768,    2023,    6587414,    000h 00m 02.023s,    001h 49m 47.414s
769,    2293,    6589707,    000h 00m 02.293s,    001h 49m 49.707s
770,    2139,    6591846,    000h 00m 02.139s,    001h 49m 51.846s
771,    2318,    6594164,    000h 00m 02.318s,    001h 49m 54.164s
772,    2125,    6596289,    000h 00m 02.125s,    001h 49m 56.289s
773,    2229,    6598518,    000h 00m 02.229s,    001h 49m 58.518s
774,    2100,    6600618,    000h 00m 02.100s,    001h 50m 00.618s
775,    2237,    6602855,    000h 00m 02.237s,    001h 50m 02.855s
776,    2291,    6605146,    000h 00m 02.291s,    001h 50m 05.146s
777,    2173,    6607319,    000h 00m 02.173s,    001h 50m 07.319s
778,    2297,    6609616,    000h 00m 02.297s,    001h 50m 09.616s
779,    2337,    6611953,    000h 00m 02.337s,    001h 50m 11.953s
780,    2355,    6614308,    000h 00m 02.355s,    001h 50m 14.308s
781,    2216,    6616524,    000h 00m 02.216s,    001h 50m 16.524s
782,    2323,    6618847,    000h 00m 02.323s,    001h 50m 18.847s
783,    2310,    6621157,    000h 00m 02.310s,    001h 50m 21.157s
784,    2353,    6623510,    000h 00m 02.353s,    001h 50m 23.510s
785,    2381,    6625891,    000h 00m 02.381s,    001h 50m 25.891s
786,    2155,    6628046,    000h 00m 02.155s,    001h 50m 28.046s
787,    2358,    6630404,    000h 00m 02.358s,    001h 50m 30.404s
788,    2209,    6632613,    000h 00m 02.209s,    001h 50m 32.613s
789,    2279,    6634892,    000h 00m 02.279s,    001h 50m 34.892s
790,    2029,    6636921,    000h 00m 02.029s,    001h 50m 36.921s
791,    2340,    6639261,    000h 00m 02.340s,    001h 50m 39.261s
792,    2267,    6641528,    000h 00m 02.267s,    001h 50m 41.528s
793,    2152,    6643680,    000h 00m 02.152s,    001h 50m 43.680s
794,    2150,    6645830,    000h 00m 02.150s,    001h 50m 45.830s
795,    2242,    6648072,    000h 00m 02.242s,    001h 50m 48.072s
796,    2093,    6650165,    000h 00m 02.093s,    001h 50m 50.165s
797,    2129,    6652294,    000h 00m 02.129s,    001h 50m 52.294s
798,    2353,    6654647,    000h 00m 02.353s,    001h 50m 54.647s
799,    2251,    6656898,    000h 00m 02.251s,    001h 50m 56.898s
800,    2348,    6659246,    000h 00m 02.348s,    001h 50m 59.246s
801,    2363,    6661609,    000h 00m 02.363s,    001h 51m 01.609s
802,    2216,    6663825,    000h 00m 02.216s,    001h 51m 03.825s
803,    2160,    6665985,    000h 00m 02.160s,    001h 51m 05.985s
804,    2282,    6668267,    000h 00m 02.282s,    001h 51m 08.267s
805,    2291,    6670558,    000h 00m 02.291s,    001h 51m 10.558s
806,    2070,    6672628,    000h 00m 02.070s,    001h 51m 12.628s
807,    2118,    6674746,    000h 00m 02.118s,    001h 51m 14.746s
808,    2156,    6676902,    000h 00m 02.156s,    001h 51m 16.902s
809,    2131,    6679033,    000h 00m 02.131s,    001h 51m 19.033s
810,    2288,    6681321,    000h 00m 02.288s,    001h 51m 21.321s
811,    2323,    6683644,    000h 00m 02.323s,    001h 51m 23.644s
812,    2207,    6685851,    000h 00m 02.207s,    001h 51m 25.851s
813,    2356,    6688207,    000h 00m 02.356s,    001h 51m 28.207s
814,    2348,    6690555,    000h 00m 02.348s,    001h 51m 30.555s
815,    2167,    6692722,    000h 00m 02.167s,    001h 51m 32.722s
816,    2339,    6695061,    000h 00m 02.339s,    001h 51m 35.061s
817,    2142,    6697203,    000h 00m 02.142s,    001h 51m 37.203s
818,    2251,    6699454,    000h 00m 02.251s,    001h 51m 39.454s
819,    2255,    6701709,    000h 00m 02.255s,    001h 51m 41.709s
820,    2181,    6703890,    000h 00m 02.181s,    001h 51m 43.890s
821,    2347,    6706237,    000h 00m 02.347s,    001h 51m 46.237s
822,    2367,    6708604,    000h 00m 02.367s,    001h 51m 48.604s
823,    2335,    6710939,    000h 00m 02.335s,    001h 51m 50.939s
824,    2332,    6713271,    000h 00m 02.332s,    001h 51m 53.271s
825,    2183,    6715454,    000h 00m 02.183s,    001h 51m 55.454s
826,    2261,    6717715,    000h 00m 02.261s,    001h 51m 57.715s
827,    2316,    6720031,    000h 00m 02.316s,    001h 52m 00.031s
828,    2099,    6722130,    000h 00m 02.099s,    001h 52m 02.130s
829,    2165,    6724295,    000h 00m 02.165s,    001h 52m 04.295s
830,    2146,    6726441,    000h 00m 02.146s,    001h 52m 06.441s
831,    2267,    6728708,    000h 00m 02.267s,    001h 52m 08.708s
832,    2405,    6731113,    000h 00m 02.405s,    001h 52m 11.113s
833,    2311,    6733424,    000h 00m 02.311s,    001h 52m 13.424s
834,    2382,    6735806,    000h 00m 02.382s,    001h 52m 15.806s
835,    2298,    6738104,    000h 00m 02.298s,    001h 52m 18.104s
836,    2310,    6740414,    000h 00m 02.310s,    001h 52m 20.414s
837,    2303,    6742717,    000h 00m 02.303s,    001h 52m 22.717s
838,    2182,    6744899,    000h 00m 02.182s,    001h 52m 24.899s
839,    2189,    6747088,    000h 00m 02.189s,    001h 52m 27.088s
840,    2299,    6749387,    000h 00m 02.299s,    001h 52m 29.387s
841,    2284,    6751671,    000h 00m 02.284s,    001h 52m 31.671s
842,    2225,    6753896,    000h 00m 02.225s,    001h 52m 33.896s
843,    2340,    6756236,    000h 00m 02.340s,    001h 52m 36.236s
844,    2280,    6758516,    000h 00m 02.280s,    001h 52m 38.516s
845,    2286,    6760802,    000h 00m 02.286s,    001h 52m 40.802s
846,    2224,    6763026,    000h 00m 02.224s,    001h 52m 43.026s
847,    2328,    6765354,    000h 00m 02.328s,    001h 52m 45.354s
848,    2106,    6767460,    000h 00m 02.106s,    001h 52m 47.460s
849,    2200,    6769660,    000h 00m 02.200s,    001h 52m 49.660s
850,    2231,    6771891,    000h 00m 02.231s,    001h 52m 51.891s
851,    2256,    6774147,    000h 00m 02.256s,    001h 52m 54.147s
852,    2324,    6776471,    000h 00m 02.324s,    001h 52m 56.471s
853,    2160,    6778631,    000h 00m 02.160s,    001h 52m 58.631s
854,    2329,    6780960,    000h 00m 02.329s,    001h 53m 00.960s
855,    2354,    6783314,    000h 00m 02.354s,    001h 53m 03.314s
856,    2094,    6785408,    000h 00m 02.094s,    001h 53m 05.408s
857,    2297,    6787705,    000h 00m 02.297s,    001h 53m 07.705s
858,    2193,    6789898,    000h 00m 02.193s,    001h 53m 09.898s
859,    2301,    6792199,    000h 00m 02.301s,    001h 53m 12.199s
860,    2136,    6794335,    000h 00m 02.136s,    001h 53m 14.335s
861,    2200,    6796535,    000h 00m 02.200s,    001h 53m 16.535s
862,    2114,    6798649,    000h 00m 02.114s,    001h 53m 18.649s
863,    2364,    6801013,    000h 00m 02.364s,    001h 53m 21.013s
864,    2358,    6803371,    000h 00m 02.358s,    001h 53m 23.371s
865,    2218,    6805589,    000h 00m 02.218s,    001h 53m 25.589s
866,    2315,    6807904,    000h 00m 02.315s,    001h 53m 27.904s
867,    2350,    6810254,    000h 00m 02.350s,    001h 53m 30.254s
868,    2236,    6812490,    000h 00m 02.236s,    001h 53m 32.490s
869,    2381,    6814871,    000h 00m 02.381s,    001h 53m 34.871s
870,    2363,    6817234,    000h 00m 02.363s,    001h 53m 37.234s
871,    2324,    6819558,    000h 00m 02.324s,    001h 53m 39.558s
872,    2238,    6821796,    000h 00m 02.238s,    001h 53m 41.796s
873,    2234,    6824030,    000h 00m 02.234s,    001h 53m 44.030s
874,    2324,    6826354,    000h 00m 02.324s,    001h 53m 46.354s
875,    2253,    6828607,    000h 00m 02.253s,    001h 53m 48.607s
876,    2268,    6830875,    000h 00m 02.268s,    001h 53m 50.875s
877,    2316,    6833191,    000h 00m 02.316s,    001h 53m 53.191s
878,    2255,    6835446,    000h 00m 02.255s,    001h 53m 55.446s
879,    2349,    6837795,    000h 00m 02.349s,    001h 53m 57.795s
880,    2282,    6840077,    000h 00m 02.282s,    001h 54m 00.077s
881,    2376,    6842453,    000h 00m 02.376s,    001h 54m 02.453s
882,    2255,    6844708,    000h 00m 02.255s,    001h 54m 04.708s
883,    2275,    6846983,    000h 00m 02.275s,    001h 54m 06.983s
884,    2295,    6849278,    000h 00m 02.295s,    001h 54m 09.278s
885,    2134,    6851412,    000h 00m 02.134s,    001h 54m 11.412s
886,    2304,    6853716,    000h 00m 02.304s,    001h 54m 13.716s
887,    2222,    6855938,    000h 00m 02.222s,    001h 54m 15.938s
888,    2095,    6858033,    000h 00m 02.095s,    001h 54m 18.033s
889,    2216,    6860249,    000h 00m 02.216s,    001h 54m 20.249s
890,    2295,    6862544,    000h 00m 02.295s,    001h 54m 22.544s
891,    2262,    6864806,    000h 00m 02.262s,    001h 54m 24.806s
892,    2301,    6867107,    000h 00m 02.301s,    001h 54m 27.107s
893,    2320,    6869427,    000h 00m 02.320s,    001h 54m 29.427s
894,    2055,    6871482,    000h 00m 02.055s,    001h 54m 31.482s
895,    2212,    6873694,    000h 00m 02.212s,    001h 54m 33.694s
896,    2273,    6875967,    000h 00m 02.273s,    001h 54m 35.967s
897,    2331,    6878298,    000h 00m 02.331s,    001h 54m 38.298s
898,    2240,    6880538,    000h 00m 02.240s,    001h 54m 40.538s
899,    2201,    6882739,    000h 00m 02.201s,    001h 54m 42.739s
900,    2307,    6885046,    000h 00m 02.307s,    001h 54m 45.046s
901,    2057,    6887103,    000h 00m 02.057s,    001h 54m 47.103s
902,    2287,    6889390,    000h 00m 02.287s,    001h 54m 49.390s
903,    2282,    6891672,    000h 00m 02.282s,    001h 54m 51.672s
904,    2170,    6893842,    000h 00m 02.170s,    001h 54m 53.842s
905,    2128,    6895970,    000h 00m 02.128s,    001h 54m 55.970s
906,    2210,    6898180,    000h 00m 02.210s,    001h 54m 58.180s
907,    2199,    6900379,    000h 00m 02.199s,    001h 55m 00.379s
908,    2284,    6902663,    000h 00m 02.284s,    001h 55m 02.663s
909,    2176,    6904839,    000h 00m 02.176s,    001h 55m 04.839s
910,    2252,    6907091,    000h 00m 02.252s,    001h 55m 07.091s
911,    2257,    6909348,    000h 00m 02.257s,    001h 55m 09.348s
912,    2172,    6911520,    000h 00m 02.172s,    001h 55m 11.520s
913,    2260,    6913780,    000h 00m 02.260s,    001h 55m 13.780s
914,    2267,    6916047,    000h 00m 02.267s,    001h 55m 16.047s
915,    2287,    6918334,    000h 00m 02.287s,    001h 55m 18.334s
916,    2347,    6920681,    000h 00m 02.347s,    001h 55m 20.681s
917,    2308,    6922989,    000h 00m 02.308s,    001h 55m 22.989s
918,    2089,    6925078,    000h 00m 02.089s,    001h 55m 25.078s
919,    2108,    6927186,    000h 00m 02.108s,    001h 55m 27.186s
920,    2348,    6929534,    000h 00m 02.348s,    001h 55m 29.534s
921,    2339,    6931873,    000h 00m 02.339s,    001h 55m 31.873s
922,    2303,    6934176,    000h 00m 02.303s,    001h 55m 34.176s
923,    2375,    6936551,    000h 00m 02.375s,    001h 55m 36.551s
924,    2300,    6938851,    000h 00m 02.300s,    001h 55m 38.851s
925,    2396,    6941247,    000h 00m 02.396s,    001h 55m 41.247s
926,    2283,    6943530,    000h 00m 02.283s,    001h 55m 43.530s
927,    2331,    6945861,    000h 00m 02.331s,    001h 55m 45.861s
928,    2323,    6948184,    000h 00m 02.323s,    001h 55m 48.184s
929,    2203,    6950387,    000h 00m 02.203s,    001h 55m 50.387s
930,    2335,    6952722,    000h 00m 02.335s,    001h 55m 52.722s
931,    2255,    6954977,    000h 00m 02.255s,    001h 55m 54.977s
932,    2351,    6957328,    000h 00m 02.351s,    001h 55m 57.328s
933,    2355,    6959683,    000h 00m 02.355s,    001h 55m 59.683s
934,    2307,    6961990,    000h 00m 02.307s,    001h 56m 01.990s
935,    2209,    6964199,    000h 00m 02.209s,    001h 56m 04.199s
936,    2369,    6966568,    000h 00m 02.369s,    001h 56m 06.568s
937,    2340,    6968908,    000h 00m 02.340s,    001h 56m 08.908s
938,    2227,    6971135,    000h 00m 02.227s,    001h 56m 11.135s
939,    2374,    6973509,    000h 00m 02.374s,    001h 56m 13.509s
940,    2247,    6975756,    000h 00m 02.247s,    001h 56m 15.756s
941,    2297,    6978053,    000h 00m 02.297s,    001h 56m 18.053s
942,    2122,    6980175,    000h 00m 02.122s,    001h 56m 20.175s
943,    2116,    6982291,    000h 00m 02.116s,    001h 56m 22.291s
944,    2211,    6984502,    000h 00m 02.211s,    001h 56m 24.502s
945,    2222,    6986724,    000h 00m 02.222s,    001h 56m 26.724s
946,    2327,    6989051,    000h 00m 02.327s,    001h 56m 29.051s
947,    2370,    6991421,    000h 00m 02.370s,    001h 56m 31.421s
948,    2321,    6993742,    000h 00m 02.321s,    001h 56m 33.742s
949,    2250,    6995992,    000h 00m 02.250s,    001h 56m 35.992s
950,    2141,    6998133,    000h 00m 02.141s,    001h 56m 38.133s
951,    2253,    7000386,    000h 00m 02.253s,    001h 56m 40.386s
952,    2258,    7002644,    000h 00m 02.258s,    001h 56m 42.644s
953,    2310,    7004954,    000h 00m 02.310s,    001h 56m 44.954s
954,    2306,    7007260,    000h 00m 02.306s,    001h 56m 47.260s
955,    2289,    7009549,    000h 00m 02.289s,    001h 56m 49.549s
956,    2383,    7011932,    000h 00m 02.383s,    001h 56m 51.932s
957,    2290,    7014222,    000h 00m 02.290s,    001h 56m 54.222s
958,    2087,    7016309,    000h 00m 02.087s,    001h 56m 56.309s
959,    2164,    7018473,    000h 00m 02.164s,    001h 56m 58.473s
960,    2329,    7020802,    000h 00m 02.329s,    001h 57m 00.802s
961,    2097,    7022899,    000h 00m 02.097s,    001h 57m 02.899s
962,    2326,    7025225,    000h 00m 02.326s,    001h 57m 05.225s
963,    2084,    7027309,    000h 00m 02.084s,    001h 57m 07.309s
964,    2137,    7029446,    000h 00m 02.137s,    001h 57m 09.446s
965,    2337,    7031783,    000h 00m 02.337s,    001h 57m 11.783s
966,    2343,    7034126,    000h 00m 02.343s,    001h 57m 14.126s
967,    2233,    7036359,    000h 00m 02.233s,    001h 57m 16.359s
968,    2358,    7038717,    000h 00m 02.358s,    001h 57m 18.717s
969,    2357,    7041074,    000h 00m 02.357s,    001h 57m 21.074s
970,    2115,    7043189,    000h 00m 02.115s,    001h 57m 23.189s
971,    2208,    7045397,    000h 00m 02.208s,    001h 57m 25.397s
972,    2041,    7047438,    000h 00m 02.041s,    001h 57m 27.438s
973,    2318,    7049756,    000h 00m 02.318s,    001h 57m 29.756s
974,    2321,    7052077,    000h 00m 02.321s,    001h 57m 32.077s
975,    2173,    7054250,    000h 00m 02.173s,    001h 57m 34.250s
976,    2338,    7056588,    000h 00m 02.338s,    001h 57m 36.588s
977,    2102,    7058690,    000h 00m 02.102s,    001h 57m 38.690s
978,    2116,    7060806,    000h 00m 02.116s,    001h 57m 40.806s
979,    2178,    7062984,    000h 00m 02.178s,    001h 57m 42.984s
980,    2296,    7065280,    000h 00m 02.296s,    001h 57m 45.280s
981,    2262,    7067542,    000h 00m 02.262s,    001h 57m 47.542s
982,    2328,    7069870,    000h 00m 02.328s,    001h 57m 49.870s
983,    2327,    7072197,    000h 00m 02.327s,    001h 57m 52.197s
984,    2185,    7074382,    000h 00m 02.185s,    001h 57m 54.382s
985,    2114,    7076496,    000h 00m 02.114s,    001h 57m 56.496s
986,    2247,    7078743,    000h 00m 02.247s,    001h 57m 58.743s
987,    2103,    7080846,    000h 00m 02.103s,    001h 58m 00.846s
988,    2299,    7083145,    000h 00m 02.299s,    001h 58m 03.145s
989,    2286,    7085431,    000h 00m 02.286s,    001h 58m 05.431s
990,    2357,    7087788,    000h 00m 02.357s,    001h 58m 07.788s
991,    2355,    7090143,    000h 00m 02.355s,    001h 58m 10.143s
992,    2223,    7092366,    000h 00m 02.223s,    001h 58m 12.366s
993,    2243,    7094609,    000h 00m 02.243s,    001h 58m 14.609s
994,    2337,    7096946,    000h 00m 02.337s,    001h 58m 16.946s
995,    2308,    7099254,    000h 00m 02.308s,    001h 58m 19.254s
996,    2221,    7101475,    000h 00m 02.221s,    001h 58m 21.475s
997,    2194,    7103669,    000h 00m 02.194s,    001h 58m 23.669s
998,    2357,    7106026,    000h 00m 02.357s,    001h 58m 26.026s
999,    2122,    7108148,    000h 00m 02.122s,    001h 58m 28.148s
1000,    2374,    7110522,    000h 00m 02.374s,    001h 58m 30.522s
1001,    2295,    7112817,    000h 00m 02.295s,    001h 58m 32.817s
1002,    2164,    7114981,    000h 00m 02.164s,    001h 58m 34.981s
1003,    2237,    7117218,    000h 00m 02.237s,    001h 58m 37.218s
1004,    2336,    7119554,    000h 00m 02.336s,    001h 58m 39.554s
1005,    2216,    7121770,    000h 00m 02.216s,    001h 58m 41.770s
1006,    2364,    7124134,    000h 00m 02.364s,    001h 58m 44.134s
1007,    2294,    7126428,    000h 00m 02.294s,    001h 58m 46.428s
1008,    2260,    7128688,    000h 00m 02.260s,    001h 58m 48.688s
1009,    2129,    7130817,    000h 00m 02.129s,    001h 58m 50.817s
1010,    2269,    7133086,    000h 00m 02.269s,    001h 58m 53.086s
1011,    2322,    7135408,    000h 00m 02.322s,    001h 58m 55.408s
1012,    2171,    7137579,    000h 00m 02.171s,    001h 58m 57.579s
1013,    2135,    7139714,    000h 00m 02.135s,    001h 58m 59.714s
1014,    2177,    7141891,    000h 00m 02.177s,    001h 59m 01.891s
1015,    2286,    7144177,    000h 00m 02.286s,    001h 59m 04.177s
1016,    2119,    7146296,    000h 00m 02.119s,    001h 59m 06.296s
1017,    2308,    7148604,    000h 00m 02.308s,    001h 59m 08.604s
1018,    2316,    7150920,    000h 00m 02.316s,    001h 59m 10.920s
1019,    2344,    7153264,    000h 00m 02.344s,    001h 59m 13.264s
1020,    2352,    7155616,    000h 00m 02.352s,    001h 59m 15.616s
1021,    2363,    7157979,    000h 00m 02.363s,    001h 59m 17.979s
1022,    2246,    7160225,    000h 00m 02.246s,    001h 59m 20.225s
1023,    2301,    7162526,    000h 00m 02.301s,    001h 59m 22.526s
1024,    2204,    7164730,    000h 00m 02.204s,    001h 59m 24.730s
1025,    2330,    7167060,    000h 00m 02.330s,    001h 59m 27.060s
1026,    2267,    7169327,    000h 00m 02.267s,    001h 59m 29.327s
1027,    2328,    7171655,    000h 00m 02.328s,    001h 59m 31.655s
1028,    2241,    7173896,    000h 00m 02.241s,    001h 59m 33.896s
1029,    2301,    7176197,    000h 00m 02.301s,    001h 59m 36.197s
1030,    2218,    7178415,    000h 00m 02.218s,    001h 59m 38.415s
1031,    2362,    7180777,    000h 00m 02.362s,    001h 59m 40.777s
1032,    2259,    7183036,    000h 00m 02.259s,    001h 59m 43.036s
1033,    2247,    7185283,    000h 00m 02.247s,    001h 59m 45.283s
1034,    2372,    7187655,    000h 00m 02.372s,    001h 59m 47.655s
1035,    2206,    7189861,    000h 00m 02.206s,    001h 59m 49.861s
1036,    2358,    7192219,    000h 00m 02.358s,    001h 59m 52.219s
1037,    2200,    7194419,    000h 00m 02.200s,    001h 59m 54.419s
1038,    2227,    7196646,    000h 00m 02.227s,    001h 59m 56.646s
1039,    2347,    7198993,    000h 00m 02.347s,    001h 59m 58.993s
1040,    2316,    7201309,    000h 00m 02.316s,    002h 00m 01.309s
1041,    2265,    7203574,    000h 00m 02.265s,    002h 00m 03.574s
1042,    2366,    7205940,    000h 00m 02.366s,    002h 00m 05.940s
1043,    2288,    7208228,    000h 00m 02.288s,    002h 00m 08.228s
1044,    2234,    7210462,    000h 00m 02.234s,    002h 00m 10.462s
1045,    2178,    7212640,    000h 00m 02.178s,    002h 00m 12.640s
1046,    2315,    7214955,    000h 00m 02.315s,    002h 00m 14.955s
1047,    2111,    7217066,    000h 00m 02.111s,    002h 00m 17.066s
1048,    2287,    7219353,    000h 00m 02.287s,    002h 00m 19.353s
1049,    2186,    7221539,    000h 00m 02.186s,    002h 00m 21.539s
1050,    2376,    7223915,    000h 00m 02.376s,    002h 00m 23.915s
1051,    2332,    7226247,    000h 00m 02.332s,    002h 00m 26.247s
1052,    2082,    7228329,    000h 00m 02.082s,    002h 00m 28.329s
1053,    2260,    7230589,    000h 00m 02.260s,    002h 00m 30.589s
1054,    2355,    7232944,    000h 00m 02.355s,    002h 00m 32.944s
1055,    2338,    7235282,    000h 00m 02.338s,    002h 00m 35.282s
1056,    2251,    7237533,    000h 00m 02.251s,    002h 00m 37.533s
1057,    2073,    7239606,    000h 00m 02.073s,    002h 00m 39.606s
1058,    2099,    7241705,    000h 00m 02.099s,    002h 00m 41.705s
1059,    2260,    7243965,    000h 00m 02.260s,    002h 00m 43.965s
1060,    2296,    7246261,    000h 00m 02.296s,    002h 00m 46.261s
1061,    2036,    7248297,    000h 00m 02.036s,    002h 00m 48.297s
1062,    2264,    7250561,    000h 00m 02.264s,    002h 00m 50.561s
1063,    2349,    7252910,    000h 00m 02.349s,    002h 00m 52.910s
1064,    2312,    7255222,    000h 00m 02.312s,    002h 00m 55.222s
1065,    2316,    7257538,    000h 00m 02.316s,    002h 00m 57.538s
1066,    2328,    7259866,    000h 00m 02.328s,    002h 00m 59.866s
1067,    2193,    7262059,    000h 00m 02.193s,    002h 01m 02.059s
1068,    2373,    7264432,    000h 00m 02.373s,    002h 01m 04.432s
1069,    2058,    7266490,    000h 00m 02.058s,    002h 01m 06.490s
1070,    2187,    7268677,    000h 00m 02.187s,    002h 01m 08.677s
1071,    2279,    7270956,    000h 00m 02.279s,    002h 01m 10.956s
1072,    2265,    7273221,    000h 00m 02.265s,    002h 01m 13.221s
1073,    2239,    7275460,    000h 00m 02.239s,    002h 01m 15.460s
1074,    2332,    7277792,    000h 00m 02.332s,    002h 01m 17.792s
1075,    2282,    7280074,    000h 00m 02.282s,    002h 01m 20.074s
1076,    2270,    7282344,    000h 00m 02.270s,    002h 01m 22.344s
1077,    2096,    7284440,    000h 00m 02.096s,    002h 01m 24.440s
1078,    2255,    7286695,    000h 00m 02.255s,    002h 01m 26.695s
1079,    2234,    7288929,    000h 00m 02.234s,    002h 01m 28.929s
1080,    2372,    7291301,    000h 00m 02.372s,    002h 01m 31.301s
1081,    2370,    7293671,    000h 00m 02.370s,    002h 01m 33.671s
1082,    2045,    7295716,    000h 00m 02.045s,    002h 01m 35.716s
1083,    2309,    7298025,    000h 00m 02.309s,    002h 01m 38.025s
1084,    2121,    7300146,    000h 00m 02.121s,    002h 01m 40.146s
1085,    2314,    7302460,    000h 00m 02.314s,    002h 01m 42.460s
1086,    2158,    7304618,    000h 00m 02.158s,    002h 01m 44.618s
1087,    2324,    7306942,    000h 00m 02.324s,    002h 01m 46.942s
1088,    2256,    7309198,    000h 00m 02.256s,    002h 01m 49.198s
1089,    2351,    7311549,    000h 00m 02.351s,    002h 01m 51.549s
1090,    2207,    7313756,    000h 00m 02.207s,    002h 01m 53.756s
1091,    2108,    7315864,    000h 00m 02.108s,    002h 01m 55.864s
1092,    2132,    7317996,    000h 00m 02.132s,    002h 01m 57.996s
1093,    2309,    7320305,    000h 00m 02.309s,    002h 02m 00.305s
1094,    2168,    7322473,    000h 00m 02.168s,    002h 02m 02.473s
1095,    2357,    7324830,    000h 00m 02.357s,    002h 02m 04.830s
1096,    2370,    7327200,    000h 00m 02.370s,    002h 02m 07.200s
1097,    2308,    7329508,    000h 00m 02.308s,    002h 02m 09.508s
1098,    2348,    7331856,    000h 00m 02.348s,    002h 02m 11.856s
1099,    2257,    7334113,    000h 00m 02.257s,    002h 02m 14.113s
1100,    2121,    7336234,    000h 00m 02.121s,    002h 02m 16.234s
1101,    2264,    7338498,    000h 00m 02.264s,    002h 02m 18.498s
1102,    2139,    7340637,    000h 00m 02.139s,    002h 02m 20.637s
1103,    2262,    7342899,    000h 00m 02.262s,    002h 02m 22.899s
1104,    2352,    7345251,    000h 00m 02.352s,    002h 02m 25.251s
1105,    2093,    7347344,    000h 00m 02.093s,    002h 02m 27.344s
1106,    2337,    7349681,    000h 00m 02.337s,    002h 02m 29.681s
1107,    2361,    7352042,    000h 00m 02.361s,    002h 02m 32.042s
1108,    2286,    7354328,    000h 00m 02.286s,    002h 02m 34.328s
1109,    2359,    7356687,    000h 00m 02.359s,    002h 02m 36.687s
1110,    2036,    7358723,    000h 00m 02.036s,    002h 02m 38.723s
1111,    2317,    7361040,    000h 00m 02.317s,    002h 02m 41.040s
1112,    2324,    7363364,    000h 00m 02.324s,    002h 02m 43.364s
1113,    2060,    7365424,    000h 00m 02.060s,    002h 02m 45.424s
1114,    2141,    7367565,    000h 00m 02.141s,    002h 02m 47.565s
1115,    2294,    7369859,    000h 00m 02.294s,    002h 02m 49.859s
1116,    2261,    7372120,    000h 00m 02.261s,    002h 02m 52.120s
1117,    2317,    7374437,    000h 00m 02.317s,    002h 02m 54.437s
1118,    2054,    7376491,    000h 00m 02.054s,    002h 02m 56.491s
1119,    2063,    7378554,    000h 00m 02.063s,    002h 02m 58.554s
1120,    2142,    7380696,    000h 00m 02.142s,    002h 03m 00.696s
1121,    2070,    7382766,    000h 00m 02.070s,    002h 03m 02.766s
1122,    2223,    7384989,    000h 00m 02.223s,    002h 03m 04.989s
1123,    2259,    7387248,    000h 00m 02.259s,    002h 03m 07.248s
1124,    2320,    7389568,    000h 00m 02.320s,    002h 03m 09.568s
1125,    2311,    7391879,    000h 00m 02.311s,    002h 03m 11.879s
1126,    2104,    7393983,    000h 00m 02.104s,    002h 03m 13.983s
1127,    2313,    7396296,    000h 00m 02.313s,    002h 03m 16.296s
1128,    2352,    7398648,    000h 00m 02.352s,    002h 03m 18.648s
1129,    2338,    7400986,    000h 00m 02.338s,    002h 03m 20.986s
1130,    2304,    7403290,    000h 00m 02.304s,    002h 03m 23.290s
1131,    2199,    7405489,    000h 00m 02.199s,    002h 03m 25.489s
1132,    2307,    7407796,    000h 00m 02.307s,    002h 03m 27.796s
1133,    2228,    7410024,    000h 00m 02.228s,    002h 03m 30.024s
1134,    2324,    7412348,    000h 00m 02.324s,    002h 03m 32.348s
1135,    2273,    7414621,    000h 00m 02.273s,    002h 03m 34.621s
1136,    2306,    7416927,    000h 00m 02.306s,    002h 03m 36.927s
1137,    2174,    7419101,    000h 00m 02.174s,    002h 03m 39.101s
1138,    2141,    7421242,    000h 00m 02.141s,    002h 03m 41.242s
1139,    2314,    7423556,    000h 00m 02.314s,    002h 03m 43.556s
1140,    2212,    7425768,    000h 00m 02.212s,    002h 03m 45.768s
1141,    2203,    7427971,    000h 00m 02.203s,    002h 03m 47.971s
1142,    2128,    7430099,    000h 00m 02.128s,    002h 03m 50.099s
1143,    2133,    7432232,    000h 00m 02.133s,    002h 03m 52.232s
1144,    2181,    7434413,    000h 00m 02.181s,    002h 03m 54.413s
1145,    2368,    7436781,    000h 00m 02.368s,    002h 03m 56.781s
1146,    2205,    7438986,    000h 00m 02.205s,    002h 03m 58.986s
1147,    2407,    7441393,    000h 00m 02.407s,    002h 04m 01.393s
1148,    2229,    7443622,    000h 00m 02.229s,    002h 04m 03.622s
1149,    2334,    7445956,    000h 00m 02.334s,    002h 04m 05.956s
1150,    2365,    7448321,    000h 00m 02.365s,    002h 04m 08.321s
1151,    2352,    7450673,    000h 00m 02.352s,    002h 04m 10.673s
1152,    2256,    7452929,    000h 00m 02.256s,    002h 04m 12.929s
1153,    2056,    7454985,    000h 00m 02.056s,    002h 04m 14.985s
1154,    2303,    7457288,    000h 00m 02.303s,    002h 04m 17.288s
1155,    2295,    7459583,    000h 00m 02.295s,    002h 04m 19.583s
1156,    2021,    7461604,    000h 00m 02.021s,    002h 04m 21.604s
1157,    2248,    7463852,    000h 00m 02.248s,    002h 04m 23.852s
1158,    2171,    7466023,    000h 00m 02.171s,    002h 04m 26.023s
1159,    2268,    7468291,    000h 00m 02.268s,    002h 04m 28.291s
1160,    2115,    7470406,    000h 00m 02.115s,    002h 04m 30.406s
1161,    2301,    7472707,    000h 00m 02.301s,    002h 04m 32.707s
1162,    2312,    7475019,    000h 00m 02.312s,    002h 04m 35.019s
1163,    2141,    7477160,    000h 00m 02.141s,    002h 04m 37.160s
1164,    2271,    7479431,    000h 00m 02.271s,    002h 04m 39.431s
1165,    2338,    7481769,    000h 00m 02.338s,    002h 04m 41.769s
1166,    2272,    7484041,    000h 00m 02.272s,    002h 04m 44.041s
1167,    2252,    7486293,    000h 00m 02.252s,    002h 04m 46.293s
1168,    2296,    7488589,    000h 00m 02.296s,    002h 04m 48.589s
1169,    2378,    7490967,    000h 00m 02.378s,    002h 04m 50.967s
1170,    2352,    7493319,    000h 00m 02.352s,    002h 04m 53.319s
1171,    2353,    7495672,    000h 00m 02.353s,    002h 04m 55.672s
1172,    2356,    7498028,    000h 00m 02.356s,    002h 04m 58.028s
1173,    2211,    7500239,    000h 00m 02.211s,    002h 05m 00.239s
1174,    2316,    7502555,    000h 00m 02.316s,    002h 05m 02.555s
1175,    2142,    7504697,    000h 00m 02.142s,    002h 05m 04.697s
1176,    2284,    7506981,    000h 00m 02.284s,    002h 05m 06.981s
1177,    2073,    7509054,    000h 00m 02.073s,    002h 05m 09.054s
1178,    2383,    7511437,    000h 00m 02.383s,    002h 05m 11.437s
1179,    2129,    7513566,    000h 00m 02.129s,    002h 05m 13.566s
1180,    2320,    7515886,    000h 00m 02.320s,    002h 05m 15.886s
1181,    2206,    7518092,    000h 00m 02.206s,    002h 05m 18.092s
1182,    2287,    7520379,    000h 00m 02.287s,    002h 05m 20.379s
1183,    2340,    7522719,    000h 00m 02.340s,    002h 05m 22.719s
1184,    2127,    7524846,    000h 00m 02.127s,    002h 05m 24.846s
1185,    2255,    7527101,    000h 00m 02.255s,    002h 05m 27.101s
1186,    2321,    7529422,    000h 00m 02.321s,    002h 05m 29.422s
1187,    2248,    7531670,    000h 00m 02.248s,    002h 05m 31.670s
1188,    2266,    7533936,    000h 00m 02.266s,    002h 05m 33.936s
1189,    2372,    7536308,    000h 00m 02.372s,    002h 05m 36.308s
1190,    2326,    7538634,    000h 00m 02.326s,    002h 05m 38.634s
1191,    2256,    7540890,    000h 00m 02.256s,    002h 05m 40.890s
1192,    2335,    7543225,    000h 00m 02.335s,    002h 05m 43.225s
1193,    2253,    7545478,    000h 00m 02.253s,    002h 05m 45.478s
1194,    2163,    7547641,    000h 00m 02.163s,    002h 05m 47.641s
1195,    2343,    7549984,    000h 00m 02.343s,    002h 05m 49.984s
1196,    2121,    7552105,    000h 00m 02.121s,    002h 05m 52.105s
1197,    2106,    7554211,    000h 00m 02.106s,    002h 05m 54.211s
1198,    2110,    7556321,    000h 00m 02.110s,    002h 05m 56.321s
1199,    2270,    7558591,    000h 00m 02.270s,    002h 05m 58.591s
1200,    2331,    7560922,    000h 00m 02.331s,    002h 06m 00.922s
1201,    2345,    7563267,    000h 00m 02.345s,    002h 06m 03.267s
