pass,    time (ms),    total time (ms),    time,     total_time
1,    1718,    1718,    000h 00m 01.718s,    000h 00m 01.718s
2,    1546,    3264,    000h 00m 01.546s,    000h 00m 03.264s
3,    1510,    4774,    000h 00m 01.510s,    000h 00m 04.774s
4,    1556,    6330,    000h 00m 01.556s,    000h 00m 06.330s
5,    1532,    7862,    000h 00m 01.532s,    000h 00m 07.862s
6,    1713,    9575,    000h 00m 01.713s,    000h 00m 09.575s
7,    1641,    11216,    000h 00m 01.641s,    000h 00m 11.216s
8,    1497,    12713,    000h 00m 01.497s,    000h 00m 12.713s
9,    1658,    14371,    000h 00m 01.658s,    000h 00m 14.371s
10,    1498,    15869,    000h 00m 01.498s,    000h 00m 15.869s
11,    1756,    17625,    000h 00m 01.756s,    000h 00m 17.625s
12,    1585,    19210,    000h 00m 01.585s,    000h 00m 19.210s
13,    1687,    20897,    000h 00m 01.687s,    000h 00m 20.897s
14,    1664,    22561,    000h 00m 01.664s,    000h 00m 22.561s
15,    1559,    24120,    000h 00m 01.559s,    000h 00m 24.120s
16,    1612,    25732,    000h 00m 01.612s,    000h 00m 25.732s
17,    1644,    27376,    000h 00m 01.644s,    000h 00m 27.376s
18,    1707,    29083,    000h 00m 01.707s,    000h 00m 29.083s
19,    1721,    30804,    000h 00m 01.721s,    000h 00m 30.804s
20,    1402,    32206,    000h 00m 01.402s,    000h 00m 32.206s
21,    1461,    33667,    000h 00m 01.461s,    000h 00m 33.667s
22,    1612,    35279,    000h 00m 01.612s,    000h 00m 35.279s
23,    1520,    36799,    000h 00m 01.520s,    000h 00m 36.799s
24,    1467,    38266,    000h 00m 01.467s,    000h 00m 38.266s
25,    1579,    39845,    000h 00m 01.579s,    000h 00m 39.845s
26,    1702,    41547,    000h 00m 01.702s,    000h 00m 41.547s
27,    1507,    43054,    000h 00m 01.507s,    000h 00m 43.054s
28,    1468,    44522,    000h 00m 01.468s,    000h 00m 44.522s
29,    1637,    46159,    000h 00m 01.637s,    000h 00m 46.159s
30,    1585,    47744,    000h 00m 01.585s,    000h 00m 47.744s
31,    1501,    49245,    000h 00m 01.501s,    000h 00m 49.245s
32,    1610,    50855,    000h 00m 01.610s,    000h 00m 50.855s
33,    1439,    52294,    000h 00m 01.439s,    000h 00m 52.294s
34,    1672,    53966,    000h 00m 01.672s,    000h 00m 53.966s
35,    1549,    55515,    000h 00m 01.549s,    000h 00m 55.515s
36,    1694,    57209,    000h 00m 01.694s,    000h 00m 57.209s
37,    1685,    58894,    000h 00m 01.685s,    000h 00m 58.894s
38,    1604,    60498,    000h 00m 01.604s,    000h 01m 00.498s
39,    1756,    62254,    000h 00m 01.756s,    000h 01m 02.254s
40,    1595,    63849,    000h 00m 01.595s,    000h 01m 03.849s
41,    1718,    65567,    000h 00m 01.718s,    000h 01m 05.567s
42,    1447,    67014,    000h 00m 01.447s,    000h 01m 07.014s
43,    1464,    68478,    000h 00m 01.464s,    000h 01m 08.478s
44,    1606,    70084,    000h 00m 01.606s,    000h 01m 10.084s
45,    1597,    71681,    000h 00m 01.597s,    000h 01m 11.681s
46,    1503,    73184,    000h 00m 01.503s,    000h 01m 13.184s
47,    1515,    74699,    000h 00m 01.515s,    000h 01m 14.699s
48,    1653,    76352,    000h 00m 01.653s,    000h 01m 16.352s
49,    1628,    77980,    000h 00m 01.628s,    000h 01m 17.980s
50,    1530,    79510,    000h 00m 01.530s,    000h 01m 19.510s
51,    1398,    80908,    000h 00m 01.398s,    000h 01m 20.908s
52,    1477,    82385,    000h 00m 01.477s,    000h 01m 22.385s
53,    1545,    83930,    000h 00m 01.545s,    000h 01m 23.930s
54,    1569,    85499,    000h 00m 01.569s,    000h 01m 25.499s
55,    1548,    87047,    000h 00m 01.548s,    000h 01m 27.047s
56,    1606,    88653,    000h 00m 01.606s,    000h 01m 28.653s
57,    1582,    90235,    000h 00m 01.582s,    000h 01m 30.235s
58,    1497,    91732,    000h 00m 01.497s,    000h 01m 31.732s
59,    1528,    93260,    000h 00m 01.528s,    000h 01m 33.260s
60,    1463,    94723,    000h 00m 01.463s,    000h 01m 34.723s
61,    1518,    96241,    000h 00m 01.518s,    000h 01m 36.241s
62,    1471,    97712,    000h 00m 01.471s,    000h 01m 37.712s
63,    1382,    99094,    000h 00m 01.382s,    000h 01m 39.094s
64,    1477,    100571,    000h 00m 01.477s,    000h 01m 40.571s
65,    1450,    102021,    000h 00m 01.450s,    000h 01m 42.021s
66,    1723,    103744,    000h 00m 01.723s,    000h 01m 43.744s
67,    1580,    105324,    000h 00m 01.580s,    000h 01m 45.324s
68,    1718,    107042,    000h 00m 01.718s,    000h 01m 47.042s
69,    1596,    108638,    000h 00m 01.596s,    000h 01m 48.638s
70,    1596,    110234,    000h 00m 01.596s,    000h 01m 50.234s
71,    1487,    111721,    000h 00m 01.487s,    000h 01m 51.721s
72,    1516,    113237,    000h 00m 01.516s,    000h 01m 53.237s
73,    1673,    114910,    000h 00m 01.673s,    000h 01m 54.910s
74,    1504,    116414,    000h 00m 01.504s,    000h 01m 56.414s
75,    1673,    118087,    000h 00m 01.673s,    000h 01m 58.087s
76,    1417,    119504,    000h 00m 01.417s,    000h 01m 59.504s
77,    1655,    121159,    000h 00m 01.655s,    000h 02m 01.159s
78,    1550,    122709,    000h 00m 01.550s,    000h 02m 02.709s
79,    1441,    124150,    000h 00m 01.441s,    000h 02m 04.150s
80,    1540,    125690,    000h 00m 01.540s,    000h 02m 05.690s
81,    1539,    127229,    000h 00m 01.539s,    000h 02m 07.229s
82,    1462,    128691,    000h 00m 01.462s,    000h 02m 08.691s
83,    1571,    130262,    000h 00m 01.571s,    000h 02m 10.262s
84,    1463,    131725,    000h 00m 01.463s,    000h 02m 11.725s
85,    1461,    133186,    000h 00m 01.461s,    000h 02m 13.186s
86,    1463,    134649,    000h 00m 01.463s,    000h 02m 14.649s
87,    1596,    136245,    000h 00m 01.596s,    000h 02m 16.245s
88,    1526,    137771,    000h 00m 01.526s,    000h 02m 17.771s
89,    1420,    139191,    000h 00m 01.420s,    000h 02m 19.191s
90,    1606,    140797,    000h 00m 01.606s,    000h 02m 20.797s
91,    1761,    142558,    000h 00m 01.761s,    000h 02m 22.558s
92,    1483,    144041,    000h 00m 01.483s,    000h 02m 24.041s
93,    1417,    145458,    000h 00m 01.417s,    000h 02m 25.458s
94,    1505,    146963,    000h 00m 01.505s,    000h 02m 26.963s
95,    1457,    148420,    000h 00m 01.457s,    000h 02m 28.420s
96,    1647,    150067,    000h 00m 01.647s,    000h 02m 30.067s
97,    1514,    151581,    000h 00m 01.514s,    000h 02m 31.581s
98,    1556,    153137,    000h 00m 01.556s,    000h 02m 33.137s
99,    1443,    154580,    000h 00m 01.443s,    000h 02m 34.580s
100,    1578,    156158,    000h 00m 01.578s,    000h 02m 36.158s
101,    1441,    157599,    000h 00m 01.441s,    000h 02m 37.599s
102,    1433,    159032,    000h 00m 01.433s,    000h 02m 39.032s
103,    1699,    160731,    000h 00m 01.699s,    000h 02m 40.731s
104,    1677,    162408,    000h 00m 01.677s,    000h 02m 42.408s
105,    1612,    164020,    000h 00m 01.612s,    000h 02m 44.020s
106,    1486,    165506,    000h 00m 01.486s,    000h 02m 45.506s
107,    1583,    167089,    000h 00m 01.583s,    000h 02m 47.089s
108,    1616,    168705,    000h 00m 01.616s,    000h 02m 48.705s
109,    1599,    170304,    000h 00m 01.599s,    000h 02m 50.304s
110,    1596,    171900,    000h 00m 01.596s,    000h 02m 51.900s
111,    1628,    173528,    000h 00m 01.628s,    000h 02m 53.528s
112,    1426,    174954,    000h 00m 01.426s,    000h 02m 54.954s
113,    1647,    176601,    000h 00m 01.647s,    000h 02m 56.601s
114,    1497,    178098,    000h 00m 01.497s,    000h 02m 58.098s
115,    1496,    179594,    000h 00m 01.496s,    000h 02m 59.594s
116,    1691,    181285,    000h 00m 01.691s,    000h 03m 01.285s
117,    1573,    182858,    000h 00m 01.573s,    000h 03m 02.858s
118,    1664,    184522,    000h 00m 01.664s,    000h 03m 04.522s
119,    1693,    186215,    000h 00m 01.693s,    000h 03m 06.215s
120,    1522,    187737,    000h 00m 01.522s,    000h 03m 07.737s
121,    1736,    189473,    000h 00m 01.736s,    000h 03m 09.473s
122,    1462,    190935,    000h 00m 01.462s,    000h 03m 10.935s
123,    1398,    192333,    000h 00m 01.398s,    000h 03m 12.333s
124,    1594,    193927,    000h 00m 01.594s,    000h 03m 13.927s
125,    1437,    195364,    000h 00m 01.437s,    000h 03m 15.364s
126,    1615,    196979,    000h 00m 01.615s,    000h 03m 16.979s
127,    1711,    198690,    000h 00m 01.711s,    000h 03m 18.690s
128,    1452,    200142,    000h 00m 01.452s,    000h 03m 20.142s
129,    1480,    201622,    000h 00m 01.480s,    000h 03m 21.622s
130,    1618,    203240,    000h 00m 01.618s,    000h 03m 23.240s
131,    1548,    204788,    000h 00m 01.548s,    000h 03m 24.788s
132,    1437,    206225,    000h 00m 01.437s,    000h 03m 26.225s
133,    1718,    207943,    000h 00m 01.718s,    000h 03m 27.943s
134,    1555,    209498,    000h 00m 01.555s,    000h 03m 29.498s
135,    1593,    211091,    000h 00m 01.593s,    000h 03m 31.091s
136,    1691,    212782,    000h 00m 01.691s,    000h 03m 32.782s
137,    1676,    214458,    000h 00m 01.676s,    000h 03m 34.458s
138,    1577,    216035,    000h 00m 01.577s,    000h 03m 36.035s
139,    1577,    217612,    000h 00m 01.577s,    000h 03m 37.612s
140,    1711,    219323,    000h 00m 01.711s,    000h 03m 39.323s
141,    1649,    220972,    000h 00m 01.649s,    000h 03m 40.972s
142,    1718,    222690,    000h 00m 01.718s,    000h 03m 42.690s
143,    1586,    224276,    000h 00m 01.586s,    000h 03m 44.276s
144,    1564,    225840,    000h 00m 01.564s,    000h 03m 45.840s
145,    1640,    227480,    000h 00m 01.640s,    000h 03m 47.480s
146,    1538,    229018,    000h 00m 01.538s,    000h 03m 49.018s
147,    1549,    230567,    000h 00m 01.549s,    000h 03m 50.567s
148,    1555,    232122,    000h 00m 01.555s,    000h 03m 52.122s
149,    1650,    233772,    000h 00m 01.650s,    000h 03m 53.772s
150,    1688,    235460,    000h 00m 01.688s,    000h 03m 55.460s
151,    1446,    236906,    000h 00m 01.446s,    000h 03m 56.906s
152,    1479,    238385,    000h 00m 01.479s,    000h 03m 58.385s
153,    1431,    239816,    000h 00m 01.431s,    000h 03m 59.816s
154,    1586,    241402,    000h 00m 01.586s,    000h 04m 01.402s
155,    1673,    243075,    000h 00m 01.673s,    000h 04m 03.075s
156,    1554,    244629,    000h 00m 01.554s,    000h 04m 04.629s
157,    1588,    246217,    000h 00m 01.588s,    000h 04m 06.217s
158,    1667,    247884,    000h 00m 01.667s,    000h 04m 07.884s
159,    1655,    249539,    000h 00m 01.655s,    000h 04m 09.539s
160,    1528,    251067,    000h 00m 01.528s,    000h 04m 11.067s
161,    1522,    252589,    000h 00m 01.522s,    000h 04m 12.589s
162,    1454,    254043,    000h 00m 01.454s,    000h 04m 14.043s
163,    1692,    255735,    000h 00m 01.692s,    000h 04m 15.735s
164,    1423,    257158,    000h 00m 01.423s,    000h 04m 17.158s
165,    1451,    258609,    000h 00m 01.451s,    000h 04m 18.609s
166,    1738,    260347,    000h 00m 01.738s,    000h 04m 20.347s
167,    1478,    261825,    000h 00m 01.478s,    000h 04m 21.825s
168,    1679,    263504,    000h 00m 01.679s,    000h 04m 23.504s
169,    1630,    265134,    000h 00m 01.630s,    000h 04m 25.134s
170,    1576,    266710,    000h 00m 01.576s,    000h 04m 26.710s
171,    1614,    268324,    000h 00m 01.614s,    000h 04m 28.324s
172,    1549,    269873,    000h 00m 01.549s,    000h 04m 29.873s
173,    1472,    271345,    000h 00m 01.472s,    000h 04m 31.345s
174,    1440,    272785,    000h 00m 01.440s,    000h 04m 32.785s
175,    1532,    274317,    000h 00m 01.532s,    000h 04m 34.317s
176,    1609,    275926,    000h 00m 01.609s,    000h 04m 35.926s
177,    1490,    277416,    000h 00m 01.490s,    000h 04m 37.416s
178,    1570,    278986,    000h 00m 01.570s,    000h 04m 38.986s
179,    1621,    280607,    000h 00m 01.621s,    000h 04m 40.607s
180,    1438,    282045,    000h 00m 01.438s,    000h 04m 42.045s
181,    1496,    283541,    000h 00m 01.496s,    000h 04m 43.541s
182,    1452,    284993,    000h 00m 01.452s,    000h 04m 44.993s
183,    1509,    286502,    000h 00m 01.509s,    000h 04m 46.502s
184,    1714,    288216,    000h 00m 01.714s,    000h 04m 48.216s
185,    1670,    289886,    000h 00m 01.670s,    000h 04m 49.886s
186,    1497,    291383,    000h 00m 01.497s,    000h 04m 51.383s
187,    1457,    292840,    000h 00m 01.457s,    000h 04m 52.840s
188,    1450,    294290,    000h 00m 01.450s,    000h 04m 54.290s
189,    1576,    295866,    000h 00m 01.576s,    000h 04m 55.866s
190,    1570,    297436,    000h 00m 01.570s,    000h 04m 57.436s
191,    1543,    298979,    000h 00m 01.543s,    000h 04m 58.979s
192,    1550,    300529,    000h 00m 01.550s,    000h 05m 00.529s
193,    1659,    302188,    000h 00m 01.659s,    000h 05m 02.188s
194,    1602,    303790,    000h 00m 01.602s,    000h 05m 03.790s
195,    1522,    305312,    000h 00m 01.522s,    000h 05m 05.312s
196,    1429,    306741,    000h 00m 01.429s,    000h 05m 06.741s
197,    1698,    308439,    000h 00m 01.698s,    000h 05m 08.439s
198,    1685,    310124,    000h 00m 01.685s,    000h 05m 10.124s
199,    1578,    311702,    000h 00m 01.578s,    000h 05m 11.702s
200,    1633,    313335,    000h 00m 01.633s,    000h 05m 13.335s
201,    1421,    314756,    000h 00m 01.421s,    000h 05m 14.756s
202,    1709,    316465,    000h 00m 01.709s,    000h 05m 16.465s
203,    1520,    317985,    000h 00m 01.520s,    000h 05m 17.985s
204,    1457,    319442,    000h 00m 01.457s,    000h 05m 19.442s
205,    1477,    320919,    000h 00m 01.477s,    000h 05m 20.919s
206,    1746,    322665,    000h 00m 01.746s,    000h 05m 22.665s
207,    1450,    324115,    000h 00m 01.450s,    000h 05m 24.115s
208,    1580,    325695,    000h 00m 01.580s,    000h 05m 25.695s
209,    1681,    327376,    000h 00m 01.681s,    000h 05m 27.376s
210,    1474,    328850,    000h 00m 01.474s,    000h 05m 28.850s
211,    1557,    330407,    000h 00m 01.557s,    000h 05m 30.407s
212,    1432,    331839,    000h 00m 01.432s,    000h 05m 31.839s
213,    1608,    333447,    000h 00m 01.608s,    000h 05m 33.447s
214,    1473,    334920,    000h 00m 01.473s,    000h 05m 34.920s
215,    1661,    336581,    000h 00m 01.661s,    000h 05m 36.581s
216,    1719,    338300,    000h 00m 01.719s,    000h 05m 38.300s
217,    1587,    339887,    000h 00m 01.587s,    000h 05m 39.887s
218,    1605,    341492,    000h 00m 01.605s,    000h 05m 41.492s
219,    1539,    343031,    000h 00m 01.539s,    000h 05m 43.031s
220,    1557,    344588,    000h 00m 01.557s,    000h 05m 44.588s
221,    1425,    346013,    000h 00m 01.425s,    000h 05m 46.013s
222,    1705,    347718,    000h 00m 01.705s,    000h 05m 47.718s
223,    1577,    349295,    000h 00m 01.577s,    000h 05m 49.295s
224,    1499,    350794,    000h 00m 01.499s,    000h 05m 50.794s
225,    1682,    352476,    000h 00m 01.682s,    000h 05m 52.476s
226,    1475,    353951,    000h 00m 01.475s,    000h 05m 53.951s
227,    1443,    355394,    000h 00m 01.443s,    000h 05m 55.394s
228,    1670,    357064,    000h 00m 01.670s,    000h 05m 57.064s
229,    1559,    358623,    000h 00m 01.559s,    000h 05m 58.623s
230,    1437,    360060,    000h 00m 01.437s,    000h 06m 00.060s
231,    1599,    361659,    000h 00m 01.599s,    000h 06m 01.659s
232,    1736,    363395,    000h 00m 01.736s,    000h 06m 03.395s
233,    1469,    364864,    000h 00m 01.469s,    000h 06m 04.864s
234,    1676,    366540,    000h 00m 01.676s,    000h 06m 06.540s
235,    1463,    368003,    000h 00m 01.463s,    000h 06m 08.003s
236,    1492,    369495,    000h 00m 01.492s,    000h 06m 09.495s
237,    1609,    371104,    000h 00m 01.609s,    000h 06m 11.104s
238,    1725,    372829,    000h 00m 01.725s,    000h 06m 12.829s
239,    1638,    374467,    000h 00m 01.638s,    000h 06m 14.467s
240,    1540,    376007,    000h 00m 01.540s,    000h 06m 16.007s
241,    1698,    377705,    000h 00m 01.698s,    000h 06m 17.705s
242,    1381,    379086,    000h 00m 01.381s,    000h 06m 19.086s
243,    1661,    380747,    000h 00m 01.661s,    000h 06m 20.747s
244,    1447,    382194,    000h 00m 01.447s,    000h 06m 22.194s
245,    1677,    383871,    000h 00m 01.677s,    000h 06m 23.871s
246,    1635,    385506,    000h 00m 01.635s,    000h 06m 25.506s
247,    1477,    386983,    000h 00m 01.477s,    000h 06m 26.983s
248,    1611,    388594,    000h 00m 01.611s,    000h 06m 28.594s
249,    1550,    390144,    000h 00m 01.550s,    000h 06m 30.144s
250,    1426,    391570,    000h 00m 01.426s,    000h 06m 31.570s
251,    1645,    393215,    000h 00m 01.645s,    000h 06m 33.215s
252,    1524,    394739,    000h 00m 01.524s,    000h 06m 34.739s
253,    1576,    396315,    000h 00m 01.576s,    000h 06m 36.315s
254,    1476,    397791,    000h 00m 01.476s,    000h 06m 37.791s
255,    1630,    399421,    000h 00m 01.630s,    000h 06m 39.421s
256,    1505,    400926,    000h 00m 01.505s,    000h 06m 40.926s
257,    1605,    402531,    000h 00m 01.605s,    000h 06m 42.531s
258,    1727,    404258,    000h 00m 01.727s,    000h 06m 44.258s
259,    1735,    405993,    000h 00m 01.735s,    000h 06m 45.993s
260,    1720,    407713,    000h 00m 01.720s,    000h 06m 47.713s
261,    1593,    409306,    000h 00m 01.593s,    000h 06m 49.306s
262,    1680,    410986,    000h 00m 01.680s,    000h 06m 50.986s
263,    1553,    412539,    000h 00m 01.553s,    000h 06m 52.539s
264,    1595,    414134,    000h 00m 01.595s,    000h 06m 54.134s
265,    1450,    415584,    000h 00m 01.450s,    000h 06m 55.584s
266,    1535,    417119,    000h 00m 01.535s,    000h 06m 57.119s
267,    1563,    418682,    000h 00m 01.563s,    000h 06m 58.682s
268,    1455,    420137,    000h 00m 01.455s,    000h 07m 00.137s
269,    1682,    421819,    000h 00m 01.682s,    000h 07m 01.819s
270,    1493,    423312,    000h 00m 01.493s,    000h 07m 03.312s
271,    1626,    424938,    000h 00m 01.626s,    000h 07m 04.938s
272,    1405,    426343,    000h 00m 01.405s,    000h 07m 06.343s
273,    1544,    427887,    000h 00m 01.544s,    000h 07m 07.887s
274,    1572,    429459,    000h 00m 01.572s,    000h 07m 09.459s
275,    1566,    431025,    000h 00m 01.566s,    000h 07m 11.025s
276,    1551,    432576,    000h 00m 01.551s,    000h 07m 12.576s
277,    1467,    434043,    000h 00m 01.467s,    000h 07m 14.043s
278,    1470,    435513,    000h 00m 01.470s,    000h 07m 15.513s
279,    1683,    437196,    000h 00m 01.683s,    000h 07m 17.196s
280,    1478,    438674,    000h 00m 01.478s,    000h 07m 18.674s
281,    1573,    440247,    000h 00m 01.573s,    000h 07m 20.247s
282,    1738,    441985,    000h 00m 01.738s,    000h 07m 21.985s
283,    1753,    443738,    000h 00m 01.753s,    000h 07m 23.738s
284,    1691,    445429,    000h 00m 01.691s,    000h 07m 25.429s
285,    1435,    446864,    000h 00m 01.435s,    000h 07m 26.864s
286,    1504,    448368,    000h 00m 01.504s,    000h 07m 28.368s
287,    1604,    449972,    000h 00m 01.604s,    000h 07m 29.972s
288,    1568,    451540,    000h 00m 01.568s,    000h 07m 31.540s
289,    1425,    452965,    000h 00m 01.425s,    000h 07m 32.965s
290,    1664,    454629,    000h 00m 01.664s,    000h 07m 34.629s
291,    1706,    456335,    000h 00m 01.706s,    000h 07m 36.335s
292,    1527,    457862,    000h 00m 01.527s,    000h 07m 37.862s
293,    1510,    459372,    000h 00m 01.510s,    000h 07m 39.372s
294,    1501,    460873,    000h 00m 01.501s,    000h 07m 40.873s
295,    1491,    462364,    000h 00m 01.491s,    000h 07m 42.364s
296,    1512,    463876,    000h 00m 01.512s,    000h 07m 43.876s
297,    1439,    465315,    000h 00m 01.439s,    000h 07m 45.315s
298,    1636,    466951,    000h 00m 01.636s,    000h 07m 46.951s
299,    1731,    468682,    000h 00m 01.731s,    000h 07m 48.682s
300,    1614,    470296,    000h 00m 01.614s,    000h 07m 50.296s
301,    1735,    472031,    000h 00m 01.735s,    000h 07m 52.031s
302,    1414,    473445,    000h 00m 01.414s,    000h 07m 53.445s
303,    1493,    474938,    000h 00m 01.493s,    000h 07m 54.938s
304,    1599,    476537,    000h 00m 01.599s,    000h 07m 56.537s
305,    1711,    478248,    000h 00m 01.711s,    000h 07m 58.248s
306,    1497,    479745,    000h 00m 01.497s,    000h 07m 59.745s
307,    1621,    481366,    000h 00m 01.621s,    000h 08m 01.366s
308,    1628,    482994,    000h 00m 01.628s,    000h 08m 02.994s
309,    1547,    484541,    000h 00m 01.547s,    000h 08m 04.541s
310,    1404,    485945,    000h 00m 01.404s,    000h 08m 05.945s
311,    1711,    487656,    000h 00m 01.711s,    000h 08m 07.656s
312,    1416,    489072,    000h 00m 01.416s,    000h 08m 09.072s
313,    1451,    490523,    000h 00m 01.451s,    000h 08m 10.523s
314,    1492,    492015,    000h 00m 01.492s,    000h 08m 12.015s
315,    1590,    493605,    000h 00m 01.590s,    000h 08m 13.605s
316,    1590,    495195,    000h 00m 01.590s,    000h 08m 15.195s
317,    1599,    496794,    000h 00m 01.599s,    000h 08m 16.794s
318,    1588,    498382,    000h 00m 01.588s,    000h 08m 18.382s
319,    1528,    499910,    000h 00m 01.528s,    000h 08m 19.910s
320,    1599,    501509,    000h 00m 01.599s,    000h 08m 21.509s
321,    1674,    503183,    000h 00m 01.674s,    000h 08m 23.183s
322,    1640,    504823,    000h 00m 01.640s,    000h 08m 24.823s
323,    1727,    506550,    000h 00m 01.727s,    000h 08m 26.550s
324,    1728,    508278,    000h 00m 01.728s,    000h 08m 28.278s
325,    1452,    509730,    000h 00m 01.452s,    000h 08m 29.730s
326,    1709,    511439,    000h 00m 01.709s,    000h 08m 31.439s
327,    1642,    513081,    000h 00m 01.642s,    000h 08m 33.081s
328,    1618,    514699,    000h 00m 01.618s,    000h 08m 34.699s
329,    1526,    516225,    000h 00m 01.526s,    000h 08m 36.225s
330,    1683,    517908,    000h 00m 01.683s,    000h 08m 37.908s
331,    1568,    519476,    000h 00m 01.568s,    000h 08m 39.476s
332,    1553,    521029,    000h 00m 01.553s,    000h 08m 41.029s
333,    1475,    522504,    000h 00m 01.475s,    000h 08m 42.504s
334,    1537,    524041,    000h 00m 01.537s,    000h 08m 44.041s
335,    1433,    525474,    000h 00m 01.433s,    000h 08m 45.474s
336,    1467,    526941,    000h 00m 01.467s,    000h 08m 46.941s
337,    1600,    528541,    000h 00m 01.600s,    000h 08m 48.541s
338,    1413,    529954,    000h 00m 01.413s,    000h 08m 49.954s
339,    1452,    531406,    000h 00m 01.452s,    000h 08m 51.406s
340,    1609,    533015,    000h 00m 01.609s,    000h 08m 53.015s
341,    1443,    534458,    000h 00m 01.443s,    000h 08m 54.458s
342,    1567,    536025,    000h 00m 01.567s,    000h 08m 56.025s
343,    1480,    537505,    000h 00m 01.480s,    000h 08m 57.505s
344,    1657,    539162,    000h 00m 01.657s,    000h 08m 59.162s
345,    1621,    540783,    000h 00m 01.621s,    000h 09m 00.783s
346,    1677,    542460,    000h 00m 01.677s,    000h 09m 02.460s
347,    1707,    544167,    000h 00m 01.707s,    000h 09m 04.167s
348,    1499,    545666,    000h 00m 01.499s,    000h 09m 05.666s
349,    1655,    547321,    000h 00m 01.655s,    000h 09m 07.321s
350,    1553,    548874,    000h 00m 01.553s,    000h 09m 08.874s
351,    1480,    550354,    000h 00m 01.480s,    000h 09m 10.354s
352,    1491,    551845,    000h 00m 01.491s,    000h 09m 11.845s
353,    1666,    553511,    000h 00m 01.666s,    000h 09m 13.511s
354,    1457,    554968,    000h 00m 01.457s,    000h 09m 14.968s
355,    1530,    556498,    000h 00m 01.530s,    000h 09m 16.498s
356,    1512,    558010,    000h 00m 01.512s,    000h 09m 18.010s
357,    1492,    559502,    000h 00m 01.492s,    000h 09m 19.502s
358,    1506,    561008,    000h 00m 01.506s,    000h 09m 21.008s
359,    1698,    562706,    000h 00m 01.698s,    000h 09m 22.706s
360,    1500,    564206,    000h 00m 01.500s,    000h 09m 24.206s
361,    1428,    565634,    000h 00m 01.428s,    000h 09m 25.634s
362,    1619,    567253,    000h 00m 01.619s,    000h 09m 27.253s
363,    1584,    568837,    000h 00m 01.584s,    000h 09m 28.837s
364,    1689,    570526,    000h 00m 01.689s,    000h 09m 30.526s
365,    1707,    572233,    000h 00m 01.707s,    000h 09m 32.233s
366,    1485,    573718,    000h 00m 01.485s,    000h 09m 33.718s
367,    1606,    575324,    000h 00m 01.606s,    000h 09m 35.324s
368,    1649,    576973,    000h 00m 01.649s,    000h 09m 36.973s
369,    1577,    578550,    000h 00m 01.577s,    000h 09m 38.550s
370,    1543,    580093,    000h 00m 01.543s,    000h 09m 40.093s
371,    1690,    581783,    000h 00m 01.690s,    000h 09m 41.783s
372,    1485,    583268,    000h 00m 01.485s,    000h 09m 43.268s
373,    1442,    584710,    000h 00m 01.442s,    000h 09m 44.710s
374,    1726,    586436,    000h 00m 01.726s,    000h 09m 46.436s
375,    1440,    587876,    000h 00m 01.440s,    000h 09m 47.876s
376,    1472,    589348,    000h 00m 01.472s,    000h 09m 49.348s
377,    1670,    591018,    000h 00m 01.670s,    000h 09m 51.018s
378,    1462,    592480,    000h 00m 01.462s,    000h 09m 52.480s
379,    1618,    594098,    000h 00m 01.618s,    000h 09m 54.098s
380,    1573,    595671,    000h 00m 01.573s,    000h 09m 55.671s
381,    1387,    597058,    000h 00m 01.387s,    000h 09m 57.058s
382,    1728,    598786,    000h 00m 01.728s,    000h 09m 58.786s
383,    1703,    600489,    000h 00m 01.703s,    000h 10m 00.489s
384,    1419,    601908,    000h 00m 01.419s,    000h 10m 01.908s
385,    1434,    603342,    000h 00m 01.434s,    000h 10m 03.342s
386,    1609,    604951,    000h 00m 01.609s,    000h 10m 04.951s
387,    1704,    606655,    000h 00m 01.704s,    000h 10m 06.655s
388,    1637,    608292,    000h 00m 01.637s,    000h 10m 08.292s
389,    1622,    609914,    000h 00m 01.622s,    000h 10m 09.914s
390,    1478,    611392,    000h 00m 01.478s,    000h 10m 11.392s
391,    1743,    613135,    000h 00m 01.743s,    000h 10m 13.135s
392,    1411,    614546,    000h 00m 01.411s,    000h 10m 14.546s
393,    1453,    615999,    000h 00m 01.453s,    000h 10m 15.999s
394,    1662,    617661,    000h 00m 01.662s,    000h 10m 17.661s
395,    1431,    619092,    000h 00m 01.431s,    000h 10m 19.092s
396,    1562,    620654,    000h 00m 01.562s,    000h 10m 20.654s
397,    1481,    622135,    000h 00m 01.481s,    000h 10m 22.135s
398,    1535,    623670,    000h 00m 01.535s,    000h 10m 23.670s
399,    1427,    625097,    000h 00m 01.427s,    000h 10m 25.097s
400,    1484,    626581,    000h 00m 01.484s,    000h 10m 26.581s
401,    1464,    628045,    000h 00m 01.464s,    000h 10m 28.045s
402,    1472,    629517,    000h 00m 01.472s,    000h 10m 29.517s
403,    1556,    631073,    000h 00m 01.556s,    000h 10m 31.073s
404,    1716,    632789,    000h 00m 01.716s,    000h 10m 32.789s
405,    1462,    634251,    000h 00m 01.462s,    000h 10m 34.251s
406,    1676,    635927,    000h 00m 01.676s,    000h 10m 35.927s
407,    1677,    637604,    000h 00m 01.677s,    000h 10m 37.604s
408,    1587,    639191,    000h 00m 01.587s,    000h 10m 39.191s
409,    1751,    640942,    000h 00m 01.751s,    000h 10m 40.942s
410,    1585,    642527,    000h 00m 01.585s,    000h 10m 42.527s
411,    1711,    644238,    000h 00m 01.711s,    000h 10m 44.238s
412,    1579,    645817,    000h 00m 01.579s,    000h 10m 45.817s
413,    1671,    647488,    000h 00m 01.671s,    000h 10m 47.488s
414,    1702,    649190,    000h 00m 01.702s,    000h 10m 49.190s
415,    1567,    650757,    000h 00m 01.567s,    000h 10m 50.757s
416,    1430,    652187,    000h 00m 01.430s,    000h 10m 52.187s
417,    1706,    653893,    000h 00m 01.706s,    000h 10m 53.893s
418,    1641,    655534,    000h 00m 01.641s,    000h 10m 55.534s
419,    1455,    656989,    000h 00m 01.455s,    000h 10m 56.989s
420,    1504,    658493,    000h 00m 01.504s,    000h 10m 58.493s
421,    1535,    660028,    000h 00m 01.535s,    000h 11m 00.028s
422,    1729,    661757,    000h 00m 01.729s,    000h 11m 01.757s
423,    1537,    663294,    000h 00m 01.537s,    000h 11m 03.294s
424,    1564,    664858,    000h 00m 01.564s,    000h 11m 04.858s
425,    1424,    666282,    000h 00m 01.424s,    000h 11m 06.282s
426,    1679,    667961,    000h 00m 01.679s,    000h 11m 07.961s
427,    1576,    669537,    000h 00m 01.576s,    000h 11m 09.537s
428,    1524,    671061,    000h 00m 01.524s,    000h 11m 11.061s
429,    1663,    672724,    000h 00m 01.663s,    000h 11m 12.724s
430,    1606,    674330,    000h 00m 01.606s,    000h 11m 14.330s
431,    1675,    676005,    000h 00m 01.675s,    000h 11m 16.005s
432,    1575,    677580,    000h 00m 01.575s,    000h 11m 17.580s
433,    1615,    679195,    000h 00m 01.615s,    000h 11m 19.195s
434,    1532,    680727,    000h 00m 01.532s,    000h 11m 20.727s
435,    1507,    682234,    000h 00m 01.507s,    000h 11m 22.234s
436,    1555,    683789,    000h 00m 01.555s,    000h 11m 23.789s
437,    1425,    685214,    000h 00m 01.425s,    000h 11m 25.214s
438,    1557,    686771,    000h 00m 01.557s,    000h 11m 26.771s
439,    1705,    688476,    000h 00m 01.705s,    000h 11m 28.476s
440,    1604,    690080,    000h 00m 01.604s,    000h 11m 30.080s
441,    1720,    691800,    000h 00m 01.720s,    000h 11m 31.800s
442,    1472,    693272,    000h 00m 01.472s,    000h 11m 33.272s
443,    1483,    694755,    000h 00m 01.483s,    000h 11m 34.755s
444,    1428,    696183,    000h 00m 01.428s,    000h 11m 36.183s
445,    1486,    697669,    000h 00m 01.486s,    000h 11m 37.669s
446,    1554,    699223,    000h 00m 01.554s,    000h 11m 39.223s
447,    1633,    700856,    000h 00m 01.633s,    000h 11m 40.856s
448,    1454,    702310,    000h 00m 01.454s,    000h 11m 42.310s
449,    1606,    703916,    000h 00m 01.606s,    000h 11m 43.916s
450,    1461,    705377,    000h 00m 01.461s,    000h 11m 45.377s
451,    1474,    706851,    000h 00m 01.474s,    000h 11m 46.851s
452,    1471,    708322,    000h 00m 01.471s,    000h 11m 48.322s
453,    1721,    710043,    000h 00m 01.721s,    000h 11m 50.043s
454,    1708,    711751,    000h 00m 01.708s,    000h 11m 51.751s
455,    1688,    713439,    000h 00m 01.688s,    000h 11m 53.439s
456,    1652,    715091,    000h 00m 01.652s,    000h 11m 55.091s
457,    1608,    716699,    000h 00m 01.608s,    000h 11m 56.699s
458,    1537,    718236,    000h 00m 01.537s,    000h 11m 58.236s
459,    1525,    719761,    000h 00m 01.525s,    000h 11m 59.761s
460,    1559,    721320,    000h 00m 01.559s,    000h 12m 01.320s
461,    1474,    722794,    000h 00m 01.474s,    000h 12m 02.794s
462,    1518,    724312,    000h 00m 01.518s,    000h 12m 04.312s
463,    1450,    725762,    000h 00m 01.450s,    000h 12m 05.762s
464,    1576,    727338,    000h 00m 01.576s,    000h 12m 07.338s
465,    1528,    728866,    000h 00m 01.528s,    000h 12m 08.866s
466,    1699,    730565,    000h 00m 01.699s,    000h 12m 10.565s
467,    1524,    732089,    000h 00m 01.524s,    000h 12m 12.089s
468,    1566,    733655,    000h 00m 01.566s,    000h 12m 13.655s
469,    1607,    735262,    000h 00m 01.607s,    000h 12m 15.262s
470,    1410,    736672,    000h 00m 01.410s,    000h 12m 16.672s
471,    1645,    738317,    000h 00m 01.645s,    000h 12m 18.317s
472,    1700,    740017,    000h 00m 01.700s,    000h 12m 20.017s
473,    1594,    741611,    000h 00m 01.594s,    000h 12m 21.611s
474,    1678,    743289,    000h 00m 01.678s,    000h 12m 23.289s
475,    1505,    744794,    000h 00m 01.505s,    000h 12m 24.794s
476,    1670,    746464,    000h 00m 01.670s,    000h 12m 26.464s
477,    1668,    748132,    000h 00m 01.668s,    000h 12m 28.132s
478,    1567,    749699,    000h 00m 01.567s,    000h 12m 29.699s
479,    1559,    751258,    000h 00m 01.559s,    000h 12m 31.258s
480,    1666,    752924,    000h 00m 01.666s,    000h 12m 32.924s
481,    1473,    754397,    000h 00m 01.473s,    000h 12m 34.397s
482,    1576,    755973,    000h 00m 01.576s,    000h 12m 35.973s
483,    1686,    757659,    000h 00m 01.686s,    000h 12m 37.659s
484,    1684,    759343,    000h 00m 01.684s,    000h 12m 39.343s
485,    1587,    760930,    000h 00m 01.587s,    000h 12m 40.930s
486,    1530,    762460,    000h 00m 01.530s,    000h 12m 42.460s
487,    1535,    763995,    000h 00m 01.535s,    000h 12m 43.995s
488,    1582,    765577,    000h 00m 01.582s,    000h 12m 45.577s
489,    1580,    767157,    000h 00m 01.580s,    000h 12m 47.157s
490,    1540,    768697,    000h 00m 01.540s,    000h 12m 48.697s
491,    1479,    770176,    000h 00m 01.479s,    000h 12m 50.176s
492,    1546,    771722,    000h 00m 01.546s,    000h 12m 51.722s
493,    1481,    773203,    000h 00m 01.481s,    000h 12m 53.203s
494,    1441,    774644,    000h 00m 01.441s,    000h 12m 54.644s
495,    1545,    776189,    000h 00m 01.545s,    000h 12m 56.189s
496,    1610,    777799,    000h 00m 01.610s,    000h 12m 57.799s
497,    1652,    779451,    000h 00m 01.652s,    000h 12m 59.451s
498,    1592,    781043,    000h 00m 01.592s,    000h 13m 01.043s
499,    1619,    782662,    000h 00m 01.619s,    000h 13m 02.662s
500,    1583,    784245,    000h 00m 01.583s,    000h 13m 04.245s
501,    1480,    785725,    000h 00m 01.480s,    000h 13m 05.725s
502,    1667,    787392,    000h 00m 01.667s,    000h 13m 07.392s
503,    1433,    788825,    000h 00m 01.433s,    000h 13m 08.825s
504,    1624,    790449,    000h 00m 01.624s,    000h 13m 10.449s
505,    1716,    792165,    000h 00m 01.716s,    000h 13m 12.165s
506,    1440,    793605,    000h 00m 01.440s,    000h 13m 13.605s
507,    1597,    795202,    000h 00m 01.597s,    000h 13m 15.202s
508,    1653,    796855,    000h 00m 01.653s,    000h 13m 16.855s
509,    1536,    798391,    000h 00m 01.536s,    000h 13m 18.391s
510,    1686,    800077,    000h 00m 01.686s,    000h 13m 20.077s
511,    1600,    801677,    000h 00m 01.600s,    000h 13m 21.677s
512,    1491,    803168,    000h 00m 01.491s,    000h 13m 23.168s
513,    1720,    804888,    000h 00m 01.720s,    000h 13m 24.888s
514,    1676,    806564,    000h 00m 01.676s,    000h 13m 26.564s
515,    1742,    808306,    000h 00m 01.742s,    000h 13m 28.306s
516,    1725,    810031,    000h 00m 01.725s,    000h 13m 30.031s
517,    1504,    811535,    000h 00m 01.504s,    000h 13m 31.535s
518,    1494,    813029,    000h 00m 01.494s,    000h 13m 33.029s
519,    1700,    814729,    000h 00m 01.700s,    000h 13m 34.729s
520,    1503,    816232,    000h 00m 01.503s,    000h 13m 36.232s
521,    1624,    817856,    000h 00m 01.624s,    000h 13m 37.856s
522,    1578,    819434,    000h 00m 01.578s,    000h 13m 39.434s
523,    1696,    821130,    000h 00m 01.696s,    000h 13m 41.130s
524,    1447,    822577,    000h 00m 01.447s,    000h 13m 42.577s
525,    1503,    824080,    000h 00m 01.503s,    000h 13m 44.080s
526,    1771,    825851,    000h 00m 01.771s,    000h 13m 45.851s
527,    1682,    827533,    000h 00m 01.682s,    000h 13m 47.533s
528,    1666,    829199,    000h 00m 01.666s,    000h 13m 49.199s
529,    1659,    830858,    000h 00m 01.659s,    000h 13m 50.858s
530,    1720,    832578,    000h 00m 01.720s,    000h 13m 52.578s
531,    1510,    834088,    000h 00m 01.510s,    000h 13m 54.088s
532,    1404,    835492,    000h 00m 01.404s,    000h 13m 55.492s
533,    1706,    837198,    000h 00m 01.706s,    000h 13m 57.198s
534,    1537,    838735,    000h 00m 01.537s,    000h 13m 58.735s
535,    1641,    840376,    000h 00m 01.641s,    000h 14m 00.376s
536,    1447,    841823,    000h 00m 01.447s,    000h 14m 01.823s
537,    1657,    843480,    000h 00m 01.657s,    000h 14m 03.480s
538,    1710,    845190,    000h 00m 01.710s,    000h 14m 05.190s
539,    1548,    846738,    000h 00m 01.548s,    000h 14m 06.738s
540,    1550,    848288,    000h 00m 01.550s,    000h 14m 08.288s
541,    1690,    849978,    000h 00m 01.690s,    000h 14m 09.978s
542,    1657,    851635,    000h 00m 01.657s,    000h 14m 11.635s
543,    1501,    853136,    000h 00m 01.501s,    000h 14m 13.136s
544,    1452,    854588,    000h 00m 01.452s,    000h 14m 14.588s
545,    1624,    856212,    000h 00m 01.624s,    000h 14m 16.212s
546,    1437,    857649,    000h 00m 01.437s,    000h 14m 17.649s
547,    1425,    859074,    000h 00m 01.425s,    000h 14m 19.074s
548,    1508,    860582,    000h 00m 01.508s,    000h 14m 20.582s
549,    1715,    862297,    000h 00m 01.715s,    000h 14m 22.297s
550,    1571,    863868,    000h 00m 01.571s,    000h 14m 23.868s
551,    1574,    865442,    000h 00m 01.574s,    000h 14m 25.442s
552,    1641,    867083,    000h 00m 01.641s,    000h 14m 27.083s
553,    1630,    868713,    000h 00m 01.630s,    000h 14m 28.713s
554,    1527,    870240,    000h 00m 01.527s,    000h 14m 30.240s
555,    1543,    871783,    000h 00m 01.543s,    000h 14m 31.783s
556,    1505,    873288,    000h 00m 01.505s,    000h 14m 33.288s
557,    1562,    874850,    000h 00m 01.562s,    000h 14m 34.850s
558,    1471,    876321,    000h 00m 01.471s,    000h 14m 36.321s
559,    1446,    877767,    000h 00m 01.446s,    000h 14m 37.767s
560,    1659,    879426,    000h 00m 01.659s,    000h 14m 39.426s
561,    1574,    881000,    000h 00m 01.574s,    000h 14m 41.000s
562,    1533,    882533,    000h 00m 01.533s,    000h 14m 42.533s
563,    1740,    884273,    000h 00m 01.740s,    000h 14m 44.273s
564,    1625,    885898,    000h 00m 01.625s,    000h 14m 45.898s
565,    1450,    887348,    000h 00m 01.450s,    000h 14m 47.348s
566,    1538,    888886,    000h 00m 01.538s,    000h 14m 48.886s
567,    1453,    890339,    000h 00m 01.453s,    000h 14m 50.339s
568,    1492,    891831,    000h 00m 01.492s,    000h 14m 51.831s
569,    1494,    893325,    000h 00m 01.494s,    000h 14m 53.325s
570,    1479,    894804,    000h 00m 01.479s,    000h 14m 54.804s
571,    1644,    896448,    000h 00m 01.644s,    000h 14m 56.448s
572,    1415,    897863,    000h 00m 01.415s,    000h 14m 57.863s
573,    1416,    899279,    000h 00m 01.416s,    000h 14m 59.279s
574,    1703,    900982,    000h 00m 01.703s,    000h 15m 00.982s
575,    1575,    902557,    000h 00m 01.575s,    000h 15m 02.557s
576,    1596,    904153,    000h 00m 01.596s,    000h 15m 04.153s
577,    1591,    905744,    000h 00m 01.591s,    000h 15m 05.744s
578,    1504,    907248,    000h 00m 01.504s,    000h 15m 07.248s
579,    1716,    908964,    000h 00m 01.716s,    000h 15m 08.964s
580,    1701,    910665,    000h 00m 01.701s,    000h 15m 10.665s
581,    1603,    912268,    000h 00m 01.603s,    000h 15m 12.268s
582,    1674,    913942,    000h 00m 01.674s,    000h 15m 13.942s
583,    1629,    915571,    000h 00m 01.629s,    000h 15m 15.571s
584,    1630,    917201,    000h 00m 01.630s,    000h 15m 17.201s
585,    1604,    918805,    000h 00m 01.604s,    000h 15m 18.805s
586,    1507,    920312,    000h 00m 01.507s,    000h 15m 20.312s
587,    1464,    921776,    000h 00m 01.464s,    000h 15m 21.776s
588,    1680,    923456,    000h 00m 01.680s,    000h 15m 23.456s
589,    1637,    925093,    000h 00m 01.637s,    000h 15m 25.093s
590,    1582,    926675,    000h 00m 01.582s,    000h 15m 26.675s
591,    1648,    928323,    000h 00m 01.648s,    000h 15m 28.323s
592,    1609,    929932,    000h 00m 01.609s,    000h 15m 29.932s
593,    1675,    931607,    000h 00m 01.675s,    000h 15m 31.607s
594,    1721,    933328,    000h 00m 01.721s,    000h 15m 33.328s
595,    1663,    934991,    000h 00m 01.663s,    000h 15m 34.991s
596,    1691,    936682,    000h 00m 01.691s,    000h 15m 36.682s
597,    1698,    938380,    000h 00m 01.698s,    000h 15m 38.380s
598,    1632,    940012,    000h 00m 01.632s,    000h 15m 40.012s
599,    1540,    941552,    000h 00m 01.540s,    000h 15m 41.552s
600,    1550,    943102,    000h 00m 01.550s,    000h 15m 43.102s
601,    1692,    944794,    000h 00m 01.692s,    000h 15m 44.794s
602,    1446,    946240,    000h 00m 01.446s,    000h 15m 46.240s
603,    1524,    947764,    000h 00m 01.524s,    000h 15m 47.764s
604,    1583,    949347,    000h 00m 01.583s,    000h 15m 49.347s
605,    1694,    951041,    000h 00m 01.694s,    000h 15m 51.041s
606,    1495,    952536,    000h 00m 01.495s,    000h 15m 52.536s
607,    1662,    954198,    000h 00m 01.662s,    000h 15m 54.198s
608,    1733,    955931,    000h 00m 01.733s,    000h 15m 55.931s
609,    1544,    957475,    000h 00m 01.544s,    000h 15m 57.475s
610,    1642,    959117,    000h 00m 01.642s,    000h 15m 59.117s
611,    1602,    960719,    000h 00m 01.602s,    000h 16m 00.719s
612,    1682,    962401,    000h 00m 01.682s,    000h 16m 02.401s
613,    1550,    963951,    000h 00m 01.550s,    000h 16m 03.951s
614,    1651,    965602,    000h 00m 01.651s,    000h 16m 05.602s
615,    1686,    967288,    000h 00m 01.686s,    000h 16m 07.288s
616,    1456,    968744,    000h 00m 01.456s,    000h 16m 08.744s
617,    1589,    970333,    000h 00m 01.589s,    000h 16m 10.333s
618,    1623,    971956,    000h 00m 01.623s,    000h 16m 11.956s
619,    1456,    973412,    000h 00m 01.456s,    000h 16m 13.412s
620,    1639,    975051,    000h 00m 01.639s,    000h 16m 15.051s
621,    1660,    976711,    000h 00m 01.660s,    000h 16m 16.711s
622,    1514,    978225,    000h 00m 01.514s,    000h 16m 18.225s
623,    1674,    979899,    000h 00m 01.674s,    000h 16m 19.899s
624,    1489,    981388,    000h 00m 01.489s,    000h 16m 21.388s
625,    1536,    982924,    000h 00m 01.536s,    000h 16m 22.924s
626,    1616,    984540,    000h 00m 01.616s,    000h 16m 24.540s
627,    1752,    986292,    000h 00m 01.752s,    000h 16m 26.292s
628,    1578,    987870,    000h 00m 01.578s,    000h 16m 27.870s
629,    1498,    989368,    000h 00m 01.498s,    000h 16m 29.368s
630,    1620,    990988,    000h 00m 01.620s,    000h 16m 30.988s
631,    1543,    992531,    000h 00m 01.543s,    000h 16m 32.531s
632,    1575,    994106,    000h 00m 01.575s,    000h 16m 34.106s
633,    1441,    995547,    000h 00m 01.441s,    000h 16m 35.547s
634,    1646,    997193,    000h 00m 01.646s,    000h 16m 37.193s
635,    1506,    998699,    000h 00m 01.506s,    000h 16m 38.699s
636,    1442,    1000141,    000h 00m 01.442s,    000h 16m 40.141s
637,    1489,    1001630,    000h 00m 01.489s,    000h 16m 41.630s
638,    1429,    1003059,    000h 00m 01.429s,    000h 16m 43.059s
639,    1568,    1004627,    000h 00m 01.568s,    000h 16m 44.627s
640,    1633,    1006260,    000h 00m 01.633s,    000h 16m 46.260s
641,    1407,    1007667,    000h 00m 01.407s,    000h 16m 47.667s
642,    1629,    1009296,    000h 00m 01.629s,    000h 16m 49.296s
643,    1705,    1011001,    000h 00m 01.705s,    000h 16m 51.001s
644,    1681,    1012682,    000h 00m 01.681s,    000h 16m 52.682s
645,    1635,    1014317,    000h 00m 01.635s,    000h 16m 54.317s
646,    1676,    1015993,    000h 00m 01.676s,    000h 16m 55.993s
647,    1592,    1017585,    000h 00m 01.592s,    000h 16m 57.585s
648,    1499,    1019084,    000h 00m 01.499s,    000h 16m 59.084s
649,    1605,    1020689,    000h 00m 01.605s,    000h 17m 00.689s
650,    1720,    1022409,    000h 00m 01.720s,    000h 17m 02.409s
651,    1644,    1024053,    000h 00m 01.644s,    000h 17m 04.053s
652,    1605,    1025658,    000h 00m 01.605s,    000h 17m 05.658s
653,    1683,    1027341,    000h 00m 01.683s,    000h 17m 07.341s
654,    1743,    1029084,    000h 00m 01.743s,    000h 17m 09.084s
655,    1675,    1030759,    000h 00m 01.675s,    000h 17m 10.759s
656,    1599,    1032358,    000h 00m 01.599s,    000h 17m 12.358s
657,    1650,    1034008,    000h 00m 01.650s,    000h 17m 14.008s
658,    1404,    1035412,    000h 00m 01.404s,    000h 17m 15.412s
659,    1606,    1037018,    000h 00m 01.606s,    000h 17m 17.018s
660,    1522,    1038540,    000h 00m 01.522s,    000h 17m 18.540s
661,    1557,    1040097,    000h 00m 01.557s,    000h 17m 20.097s
662,    1611,    1041708,    000h 00m 01.611s,    000h 17m 21.708s
663,    1689,    1043397,    000h 00m 01.689s,    000h 17m 23.397s
664,    1544,    1044941,    000h 00m 01.544s,    000h 17m 24.941s
665,    1476,    1046417,    000h 00m 01.476s,    000h 17m 26.417s
666,    1643,    1048060,    000h 00m 01.643s,    000h 17m 28.060s
667,    1468,    1049528,    000h 00m 01.468s,    000h 17m 29.528s
668,    1717,    1051245,    000h 00m 01.717s,    000h 17m 31.245s
669,    1645,    1052890,    000h 00m 01.645s,    000h 17m 32.890s
670,    1621,    1054511,    000h 00m 01.621s,    000h 17m 34.511s
671,    1453,    1055964,    000h 00m 01.453s,    000h 17m 35.964s
672,    1443,    1057407,    000h 00m 01.443s,    000h 17m 37.407s
673,    1709,    1059116,    000h 00m 01.709s,    000h 17m 39.116s
674,    1626,    1060742,    000h 00m 01.626s,    000h 17m 40.742s
675,    1503,    1062245,    000h 00m 01.503s,    000h 17m 42.245s
676,    1391,    1063636,    000h 00m 01.391s,    000h 17m 43.636s
677,    1709,    1065345,    000h 00m 01.709s,    000h 17m 45.345s
678,    1472,    1066817,    000h 00m 01.472s,    000h 17m 46.817s
679,    1466,    1068283,    000h 00m 01.466s,    000h 17m 48.283s
680,    1605,    1069888,    000h 00m 01.605s,    000h 17m 49.888s
681,    1459,    1071347,    000h 00m 01.459s,    000h 17m 51.347s
682,    1620,    1072967,    000h 00m 01.620s,    000h 17m 52.967s
683,    1415,    1074382,    000h 00m 01.415s,    000h 17m 54.382s
684,    1548,    1075930,    000h 00m 01.548s,    000h 17m 55.930s
685,    1696,    1077626,    000h 00m 01.696s,    000h 17m 57.626s
686,    1689,    1079315,    000h 00m 01.689s,    000h 17m 59.315s
687,    1679,    1080994,    000h 00m 01.679s,    000h 18m 00.994s
688,    1745,    1082739,    000h 00m 01.745s,    000h 18m 02.739s
689,    1628,    1084367,    000h 00m 01.628s,    000h 18m 04.367s
690,    1487,    1085854,    000h 00m 01.487s,    000h 18m 05.854s
691,    1693,    1087547,    000h 00m 01.693s,    000h 18m 07.547s
692,    1673,    1089220,    000h 00m 01.673s,    000h 18m 09.220s
693,    1746,    1090966,    000h 00m 01.746s,    000h 18m 10.966s
694,    1696,    1092662,    000h 00m 01.696s,    000h 18m 12.662s
695,    1622,    1094284,    000h 00m 01.622s,    000h 18m 14.284s
696,    1444,    1095728,    000h 00m 01.444s,    000h 18m 15.728s
697,    1633,    1097361,    000h 00m 01.633s,    000h 18m 17.361s
698,    1575,    1098936,    000h 00m 01.575s,    000h 18m 18.936s
699,    1739,    1100675,    000h 00m 01.739s,    000h 18m 20.675s
700,    1657,    1102332,    000h 00m 01.657s,    000h 18m 22.332s
701,    1651,    1103983,    000h 00m 01.651s,    000h 18m 23.983s
702,    1717,    1105700,    000h 00m 01.717s,    000h 18m 25.700s
703,    1562,    1107262,    000h 00m 01.562s,    000h 18m 27.262s
704,    1484,    1108746,    000h 00m 01.484s,    000h 18m 28.746s
705,    1606,    1110352,    000h 00m 01.606s,    000h 18m 30.352s
706,    1671,    1112023,    000h 00m 01.671s,    000h 18m 32.023s
707,    1521,    1113544,    000h 00m 01.521s,    000h 18m 33.544s
708,    1549,    1115093,    000h 00m 01.549s,    000h 18m 35.093s
709,    1512,    1116605,    000h 00m 01.512s,    000h 18m 36.605s
710,    1497,    1118102,    000h 00m 01.497s,    000h 18m 38.102s
711,    1454,    1119556,    000h 00m 01.454s,    000h 18m 39.556s
712,    1571,    1121127,    000h 00m 01.571s,    000h 18m 41.127s
713,    1474,    1122601,    000h 00m 01.474s,    000h 18m 42.601s
714,    1737,    1124338,    000h 00m 01.737s,    000h 18m 44.338s
715,    1687,    1126025,    000h 00m 01.687s,    000h 18m 46.025s
716,    1455,    1127480,    000h 00m 01.455s,    000h 18m 47.480s
717,    1463,    1128943,    000h 00m 01.463s,    000h 18m 48.943s
718,    1538,    1130481,    000h 00m 01.538s,    000h 18m 50.481s
719,    1403,    1131884,    000h 00m 01.403s,    000h 18m 51.884s
720,    1605,    1133489,    000h 00m 01.605s,    000h 18m 53.489s
721,    1454,    1134943,    000h 00m 01.454s,    000h 18m 54.943s
722,    1616,    1136559,    000h 00m 01.616s,    000h 18m 56.559s
723,    1626,    1138185,    000h 00m 01.626s,    000h 18m 58.185s
724,    1548,    1139733,    000h 00m 01.548s,    000h 18m 59.733s
725,    1681,    1141414,    000h 00m 01.681s,    000h 19m 01.414s
726,    1487,    1142901,    000h 00m 01.487s,    000h 19m 02.901s
727,    1492,    1144393,    000h 00m 01.492s,    000h 19m 04.393s
728,    1469,    1145862,    000h 00m 01.469s,    000h 19m 05.862s
729,    1610,    1147472,    000h 00m 01.610s,    000h 19m 07.472s
730,    1629,    1149101,    000h 00m 01.629s,    000h 19m 09.101s
731,    1530,    1150631,    000h 00m 01.530s,    000h 19m 10.631s
732,    1528,    1152159,    000h 00m 01.528s,    000h 19m 12.159s
733,    1518,    1153677,    000h 00m 01.518s,    000h 19m 13.677s
734,    1620,    1155297,    000h 00m 01.620s,    000h 19m 15.297s
735,    1590,    1156887,    000h 00m 01.590s,    000h 19m 16.887s
736,    1417,    1158304,    000h 00m 01.417s,    000h 19m 18.304s
737,    1671,    1159975,    000h 00m 01.671s,    000h 19m 19.975s
738,    1663,    1161638,    000h 00m 01.663s,    000h 19m 21.638s
739,    1578,    1163216,    000h 00m 01.578s,    000h 19m 23.216s
740,    1518,    1164734,    000h 00m 01.518s,    000h 19m 24.734s
741,    1453,    1166187,    000h 00m 01.453s,    000h 19m 26.187s
742,    1548,    1167735,    000h 00m 01.548s,    000h 19m 27.735s
743,    1649,    1169384,    000h 00m 01.649s,    000h 19m 29.384s
744,    1604,    1170988,    000h 00m 01.604s,    000h 19m 30.988s
745,    1538,    1172526,    000h 00m 01.538s,    000h 19m 32.526s
746,    1481,    1174007,    000h 00m 01.481s,    000h 19m 34.007s
747,    1566,    1175573,    000h 00m 01.566s,    000h 19m 35.573s
748,    1688,    1177261,    000h 00m 01.688s,    000h 19m 37.261s
749,    1677,    1178938,    000h 00m 01.677s,    000h 19m 38.938s
750,    1693,    1180631,    000h 00m 01.693s,    000h 19m 40.631s
751,    1441,    1182072,    000h 00m 01.441s,    000h 19m 42.072s
752,    1454,    1183526,    000h 00m 01.454s,    000h 19m 43.526s
753,    1622,    1185148,    000h 00m 01.622s,    000h 19m 45.148s
754,    1546,    1186694,    000h 00m 01.546s,    000h 19m 46.694s
755,    1742,    1188436,    000h 00m 01.742s,    000h 19m 48.436s
756,    1430,    1189866,    000h 00m 01.430s,    000h 19m 49.866s
757,    1513,    1191379,    000h 00m 01.513s,    000h 19m 51.379s
758,    1678,    1193057,    000h 00m 01.678s,    000h 19m 53.057s
759,    1464,    1194521,    000h 00m 01.464s,    000h 19m 54.521s
760,    1602,    1196123,    000h 00m 01.602s,    000h 19m 56.123s
761,    1555,    1197678,    000h 00m 01.555s,    000h 19m 57.678s
762,    1610,    1199288,    000h 00m 01.610s,    000h 19m 59.288s
763,    1662,    1200950,    000h 00m 01.662s,    000h 20m 00.950s
764,    1493,    1202443,    000h 00m 01.493s,    000h 20m 02.443s
765,    1420,    1203863,    000h 00m 01.420s,    000h 20m 03.863s
766,    1701,    1205564,    000h 00m 01.701s,    000h 20m 05.564s
767,    1664,    1207228,    000h 00m 01.664s,    000h 20m 07.228s
768,    1503,    1208731,    000h 00m 01.503s,    000h 20m 08.731s
769,    1508,    1210239,    000h 00m 01.508s,    000h 20m 10.239s
770,    1686,    1211925,    000h 00m 01.686s,    000h 20m 11.925s
771,    1544,    1213469,    000h 00m 01.544s,    000h 20m 13.469s
772,    1651,    1215120,    000h 00m 01.651s,    000h 20m 15.120s
773,    1655,    1216775,    000h 00m 01.655s,    000h 20m 16.775s
774,    1522,    1218297,    000h 00m 01.522s,    000h 20m 18.297s
775,    1625,    1219922,    000h 00m 01.625s,    000h 20m 19.922s
776,    1696,    1221618,    000h 00m 01.696s,    000h 20m 21.618s
777,    1523,    1223141,    000h 00m 01.523s,    000h 20m 23.141s
778,    1480,    1224621,    000h 00m 01.480s,    000h 20m 24.621s
779,    1645,    1226266,    000h 00m 01.645s,    000h 20m 26.266s
780,    1522,    1227788,    000h 00m 01.522s,    000h 20m 27.788s
781,    1730,    1229518,    000h 00m 01.730s,    000h 20m 29.518s
782,    1647,    1231165,    000h 00m 01.647s,    000h 20m 31.165s
783,    1595,    1232760,    000h 00m 01.595s,    000h 20m 32.760s
784,    1559,    1234319,    000h 00m 01.559s,    000h 20m 34.319s
785,    1495,    1235814,    000h 00m 01.495s,    000h 20m 35.814s
786,    1547,    1237361,    000h 00m 01.547s,    000h 20m 37.361s
787,    1683,    1239044,    000h 00m 01.683s,    000h 20m 39.044s
788,    1671,    1240715,    000h 00m 01.671s,    000h 20m 40.715s
789,    1433,    1242148,    000h 00m 01.433s,    000h 20m 42.148s
790,    1720,    1243868,    000h 00m 01.720s,    000h 20m 43.868s
791,    1405,    1245273,    000h 00m 01.405s,    000h 20m 45.273s
792,    1568,    1246841,    000h 00m 01.568s,    000h 20m 46.841s
793,    1483,    1248324,    000h 00m 01.483s,    000h 20m 48.324s
794,    1538,    1249862,    000h 00m 01.538s,    000h 20m 49.862s
795,    1622,    1251484,    000h 00m 01.622s,    000h 20m 51.484s
796,    1749,    1253233,    000h 00m 01.749s,    000h 20m 53.233s
797,    1724,    1254957,    000h 00m 01.724s,    000h 20m 54.957s
798,    1502,    1256459,    000h 00m 01.502s,    000h 20m 56.459s
799,    1601,    1258060,    000h 00m 01.601s,    000h 20m 58.060s
800,    1704,    1259764,    000h 00m 01.704s,    000h 20m 59.764s
801,    1565,    1261329,    000h 00m 01.565s,    000h 21m 01.329s
802,    1502,    1262831,    000h 00m 01.502s,    000h 21m 02.831s
803,    1690,    1264521,    000h 00m 01.690s,    000h 21m 04.521s
804,    1642,    1266163,    000h 00m 01.642s,    000h 21m 06.163s
805,    1519,    1267682,    000h 00m 01.519s,    000h 21m 07.682s
806,    1558,    1269240,    000h 00m 01.558s,    000h 21m 09.240s
807,    1660,    1270900,    000h 00m 01.660s,    000h 21m 10.900s
808,    1666,    1272566,    000h 00m 01.666s,    000h 21m 12.566s
809,    1394,    1273960,    000h 00m 01.394s,    000h 21m 13.960s
810,    1523,    1275483,    000h 00m 01.523s,    000h 21m 15.483s
811,    1554,    1277037,    000h 00m 01.554s,    000h 21m 17.037s
812,    1529,    1278566,    000h 00m 01.529s,    000h 21m 18.566s
813,    1517,    1280083,    000h 00m 01.517s,    000h 21m 20.083s
814,    1516,    1281599,    000h 00m 01.516s,    000h 21m 21.599s
815,    1478,    1283077,    000h 00m 01.478s,    000h 21m 23.077s
816,    1701,    1284778,    000h 00m 01.701s,    000h 21m 24.778s
817,    1701,    1286479,    000h 00m 01.701s,    000h 21m 26.479s
818,    1674,    1288153,    000h 00m 01.674s,    000h 21m 28.153s
819,    1572,    1289725,    000h 00m 01.572s,    000h 21m 29.725s
820,    1687,    1291412,    000h 00m 01.687s,    000h 21m 31.412s
821,    1755,    1293167,    000h 00m 01.755s,    000h 21m 33.167s
822,    1720,    1294887,    000h 00m 01.720s,    000h 21m 34.887s
823,    1511,    1296398,    000h 00m 01.511s,    000h 21m 36.398s
824,    1443,    1297841,    000h 00m 01.443s,    000h 21m 37.841s
825,    1528,    1299369,    000h 00m 01.528s,    000h 21m 39.369s
826,    1725,    1301094,    000h 00m 01.725s,    000h 21m 41.094s
827,    1644,    1302738,    000h 00m 01.644s,    000h 21m 42.738s
828,    1591,    1304329,    000h 00m 01.591s,    000h 21m 44.329s
829,    1709,    1306038,    000h 00m 01.709s,    000h 21m 46.038s
830,    1649,    1307687,    000h 00m 01.649s,    000h 21m 47.687s
831,    1605,    1309292,    000h 00m 01.605s,    000h 21m 49.292s
832,    1646,    1310938,    000h 00m 01.646s,    000h 21m 50.938s
833,    1691,    1312629,    000h 00m 01.691s,    000h 21m 52.629s
834,    1756,    1314385,    000h 00m 01.756s,    000h 21m 54.385s
835,    1442,    1315827,    000h 00m 01.442s,    000h 21m 55.827s
836,    1580,    1317407,    000h 00m 01.580s,    000h 21m 57.407s
837,    1538,    1318945,    000h 00m 01.538s,    000h 21m 58.945s
838,    1486,    1320431,    000h 00m 01.486s,    000h 22m 00.431s
839,    1430,    1321861,    000h 00m 01.430s,    000h 22m 01.861s
840,    1601,    1323462,    000h 00m 01.601s,    000h 22m 03.462s
841,    1475,    1324937,    000h 00m 01.475s,    000h 22m 04.937s
842,    1631,    1326568,    000h 00m 01.631s,    000h 22m 06.568s
843,    1465,    1328033,    000h 00m 01.465s,    000h 22m 08.033s
844,    1587,    1329620,    000h 00m 01.587s,    000h 22m 09.620s
845,    1751,    1331371,    000h 00m 01.751s,    000h 22m 11.371s
846,    1515,    1332886,    000h 00m 01.515s,    000h 22m 12.886s
847,    1646,    1334532,    000h 00m 01.646s,    000h 22m 14.532s
848,    1494,    1336026,    000h 00m 01.494s,    000h 22m 16.026s
849,    1495,    1337521,    000h 00m 01.495s,    000h 22m 17.521s
850,    1412,    1338933,    000h 00m 01.412s,    000h 22m 18.933s
851,    1442,    1340375,    000h 00m 01.442s,    000h 22m 20.375s
852,    1741,    1342116,    000h 00m 01.741s,    000h 22m 22.116s
853,    1570,    1343686,    000h 00m 01.570s,    000h 22m 23.686s
854,    1538,    1345224,    000h 00m 01.538s,    000h 22m 25.224s
855,    1697,    1346921,    000h 00m 01.697s,    000h 22m 26.921s
856,    1757,    1348678,    000h 00m 01.757s,    000h 22m 28.678s
857,    1477,    1350155,    000h 00m 01.477s,    000h 22m 30.155s
858,    1451,    1351606,    000h 00m 01.451s,    000h 22m 31.606s
859,    1527,    1353133,    000h 00m 01.527s,    000h 22m 33.133s
860,    1434,    1354567,    000h 00m 01.434s,    000h 22m 34.567s
861,    1621,    1356188,    000h 00m 01.621s,    000h 22m 36.188s
862,    1706,    1357894,    000h 00m 01.706s,    000h 22m 37.894s
863,    1639,    1359533,    000h 00m 01.639s,    000h 22m 39.533s
864,    1510,    1361043,    000h 00m 01.510s,    000h 22m 41.043s
865,    1449,    1362492,    000h 00m 01.449s,    000h 22m 42.492s
866,    1636,    1364128,    000h 00m 01.636s,    000h 22m 44.128s
867,    1568,    1365696,    000h 00m 01.568s,    000h 22m 45.696s
868,    1555,    1367251,    000h 00m 01.555s,    000h 22m 47.251s
869,    1461,    1368712,    000h 00m 01.461s,    000h 22m 48.712s
870,    1578,    1370290,    000h 00m 01.578s,    000h 22m 50.290s
871,    1544,    1371834,    000h 00m 01.544s,    000h 22m 51.834s
872,    1593,    1373427,    000h 00m 01.593s,    000h 22m 53.427s
873,    1632,    1375059,    000h 00m 01.632s,    000h 22m 55.059s
874,    1478,    1376537,    000h 00m 01.478s,    000h 22m 56.537s
875,    1700,    1378237,    000h 00m 01.700s,    000h 22m 58.237s
876,    1511,    1379748,    000h 00m 01.511s,    000h 22m 59.748s
877,    1542,    1381290,    000h 00m 01.542s,    000h 23m 01.290s
878,    1409,    1382699,    000h 00m 01.409s,    000h 23m 02.699s
879,    1680,    1384379,    000h 00m 01.680s,    000h 23m 04.379s
880,    1564,    1385943,    000h 00m 01.564s,    000h 23m 05.943s
881,    1551,    1387494,    000h 00m 01.551s,    000h 23m 07.494s
882,    1608,    1389102,    000h 00m 01.608s,    000h 23m 09.102s
883,    1661,    1390763,    000h 00m 01.661s,    000h 23m 10.763s
884,    1734,    1392497,    000h 00m 01.734s,    000h 23m 12.497s
885,    1488,    1393985,    000h 00m 01.488s,    000h 23m 13.985s
886,    1471,    1395456,    000h 00m 01.471s,    000h 23m 15.456s
887,    1522,    1396978,    000h 00m 01.522s,    000h 23m 16.978s
888,    1432,    1398410,    000h 00m 01.432s,    000h 23m 18.410s
889,    1623,    1400033,    000h 00m 01.623s,    000h 23m 20.033s
890,    1627,    1401660,    000h 00m 01.627s,    000h 23m 21.660s
891,    1706,    1403366,    000h 00m 01.706s,    000h 23m 23.366s
892,    1511,    1404877,    000h 00m 01.511s,    000h 23m 24.877s
893,    1601,    1406478,    000h 00m 01.601s,    000h 23m 26.478s
894,    1619,    1408097,    000h 00m 01.619s,    000h 23m 28.097s
895,    1596,    1409693,    000h 00m 01.596s,    000h 23m 29.693s
896,    1518,    1411211,    000h 00m 01.518s,    000h 23m 31.211s
897,    1448,    1412659,    000h 00m 01.448s,    000h 23m 32.659s
898,    1669,    1414328,    000h 00m 01.669s,    000h 23m 34.328s
899,    1747,    1416075,    000h 00m 01.747s,    000h 23m 36.075s
900,    1451,    1417526,    000h 00m 01.451s,    000h 23m 37.526s
901,    1588,    1419114,    000h 00m 01.588s,    000h 23m 39.114s
902,    1675,    1420789,    000h 00m 01.675s,    000h 23m 40.789s
903,    1565,    1422354,    000h 00m 01.565s,    000h 23m 42.354s
904,    1663,    1424017,    000h 00m 01.663s,    000h 23m 44.017s
905,    1449,    1425466,    000h 00m 01.449s,    000h 23m 45.466s
906,    1444,    1426910,    000h 00m 01.444s,    000h 23m 46.910s
907,    1424,    1428334,    000h 00m 01.424s,    000h 23m 48.334s
908,    1698,    1430032,    000h 00m 01.698s,    000h 23m 50.032s
909,    1559,    1431591,    000h 00m 01.559s,    000h 23m 51.591s
910,    1685,    1433276,    000h 00m 01.685s,    000h 23m 53.276s
911,    1534,    1434810,    000h 00m 01.534s,    000h 23m 54.810s
912,    1482,    1436292,    000h 00m 01.482s,    000h 23m 56.292s
913,    1570,    1437862,    000h 00m 01.570s,    000h 23m 57.862s
914,    1446,    1439308,    000h 00m 01.446s,    000h 23m 59.308s
915,    1601,    1440909,    000h 00m 01.601s,    000h 24m 00.909s
916,    1469,    1442378,    000h 00m 01.469s,    000h 24m 02.378s
917,    1460,    1443838,    000h 00m 01.460s,    000h 24m 03.838s
918,    1594,    1445432,    000h 00m 01.594s,    000h 24m 05.432s
919,    1709,    1447141,    000h 00m 01.709s,    000h 24m 07.141s
920,    1588,    1448729,    000h 00m 01.588s,    000h 24m 08.729s
921,    1485,    1450214,    000h 00m 01.485s,    000h 24m 10.214s
922,    1638,    1451852,    000h 00m 01.638s,    000h 24m 11.852s
923,    1517,    1453369,    000h 00m 01.517s,    000h 24m 13.369s
924,    1711,    1455080,    000h 00m 01.711s,    000h 24m 15.080s
925,    1490,    1456570,    000h 00m 01.490s,    000h 24m 16.570s
926,    1458,    1458028,    000h 00m 01.458s,    000h 24m 18.028s
927,    1659,    1459687,    000h 00m 01.659s,    000h 24m 19.687s
928,    1514,    1461201,    000h 00m 01.514s,    000h 24m 21.201s
929,    1573,    1462774,    000h 00m 01.573s,    000h 24m 22.774s
930,    1711,    1464485,    000h 00m 01.711s,    000h 24m 24.485s
931,    1412,    1465897,    000h 00m 01.412s,    000h 24m 25.897s
932,    1585,    1467482,    000h 00m 01.585s,    000h 24m 27.482s
933,    1745,    1469227,    000h 00m 01.745s,    000h 24m 29.227s
934,    1656,    1470883,    000h 00m 01.656s,    000h 24m 30.883s
935,    1403,    1472286,    000h 00m 01.403s,    000h 24m 32.286s
936,    1603,    1473889,    000h 00m 01.603s,    000h 24m 33.889s
937,    1492,    1475381,    000h 00m 01.492s,    000h 24m 35.381s
938,    1460,    1476841,    000h 00m 01.460s,    000h 24m 36.841s
939,    1677,    1478518,    000h 00m 01.677s,    000h 24m 38.518s
940,    1727,    1480245,    000h 00m 01.727s,    000h 24m 40.245s
941,    1546,    1481791,    000h 00m 01.546s,    000h 24m 41.791s
942,    1450,    1483241,    000h 00m 01.450s,    000h 24m 43.241s
943,    1639,    1484880,    000h 00m 01.639s,    000h 24m 44.880s
944,    1551,    1486431,    000h 00m 01.551s,    000h 24m 46.431s
945,    1588,    1488019,    000h 00m 01.588s,    000h 24m 48.019s
946,    1517,    1489536,    000h 00m 01.517s,    000h 24m 49.536s
947,    1420,    1490956,    000h 00m 01.420s,    000h 24m 50.956s
948,    1490,    1492446,    000h 00m 01.490s,    000h 24m 52.446s
949,    1529,    1493975,    000h 00m 01.529s,    000h 24m 53.975s
950,    1532,    1495507,    000h 00m 01.532s,    000h 24m 55.507s
951,    1438,    1496945,    000h 00m 01.438s,    000h 24m 56.945s
952,    1385,    1498330,    000h 00m 01.385s,    000h 24m 58.330s
953,    1619,    1499949,    000h 00m 01.619s,    000h 24m 59.949s
954,    1468,    1501417,    000h 00m 01.468s,    000h 25m 01.417s
955,    1574,    1502991,    000h 00m 01.574s,    000h 25m 02.991s
956,    1410,    1504401,    000h 00m 01.410s,    000h 25m 04.401s
957,    1617,    1506018,    000h 00m 01.617s,    000h 25m 06.018s
958,    1435,    1507453,    000h 00m 01.435s,    000h 25m 07.453s
959,    1461,    1508914,    000h 00m 01.461s,    000h 25m 08.914s
960,    1482,    1510396,    000h 00m 01.482s,    000h 25m 10.396s
961,    1483,    1511879,    000h 00m 01.483s,    000h 25m 11.879s
962,    1549,    1513428,    000h 00m 01.549s,    000h 25m 13.428s
963,    1503,    1514931,    000h 00m 01.503s,    000h 25m 14.931s
964,    1485,    1516416,    000h 00m 01.485s,    000h 25m 16.416s
965,    1498,    1517914,    000h 00m 01.498s,    000h 25m 17.914s
966,    1693,    1519607,    000h 00m 01.693s,    000h 25m 19.607s
967,    1716,    1521323,    000h 00m 01.716s,    000h 25m 21.323s
968,    1665,    1522988,    000h 00m 01.665s,    000h 25m 22.988s
969,    1693,    1524681,    000h 00m 01.693s,    000h 25m 24.681s
970,    1634,    1526315,    000h 00m 01.634s,    000h 25m 26.315s
971,    1471,    1527786,    000h 00m 01.471s,    000h 25m 27.786s
972,    1672,    1529458,    000h 00m 01.672s,    000h 25m 29.458s
973,    1430,    1530888,    000h 00m 01.430s,    000h 25m 30.888s
974,    1548,    1532436,    000h 00m 01.548s,    000h 25m 32.436s
975,    1568,    1534004,    000h 00m 01.568s,    000h 25m 34.004s
976,    1718,    1535722,    000h 00m 01.718s,    000h 25m 35.722s
977,    1605,    1537327,    000h 00m 01.605s,    000h 25m 37.327s
978,    1458,    1538785,    000h 00m 01.458s,    000h 25m 38.785s
979,    1440,    1540225,    000h 00m 01.440s,    000h 25m 40.225s
980,    1503,    1541728,    000h 00m 01.503s,    000h 25m 41.728s
981,    1659,    1543387,    000h 00m 01.659s,    000h 25m 43.387s
982,    1497,    1544884,    000h 00m 01.497s,    000h 25m 44.884s
983,    1688,    1546572,    000h 00m 01.688s,    000h 25m 46.572s
984,    1632,    1548204,    000h 00m 01.632s,    000h 25m 48.204s
985,    1692,    1549896,    000h 00m 01.692s,    000h 25m 49.896s
986,    1589,    1551485,    000h 00m 01.589s,    000h 25m 51.485s
987,    1427,    1552912,    000h 00m 01.427s,    000h 25m 52.912s
988,    1405,    1554317,    000h 00m 01.405s,    000h 25m 54.317s
989,    1382,    1555699,    000h 00m 01.382s,    000h 25m 55.699s
990,    1679,    1557378,    000h 00m 01.679s,    000h 25m 57.378s
991,    1458,    1558836,    000h 00m 01.458s,    000h 25m 58.836s
992,    1635,    1560471,    000h 00m 01.635s,    000h 26m 00.471s
993,    1565,    1562036,    000h 00m 01.565s,    000h 26m 02.036s
994,    1538,    1563574,    000h 00m 01.538s,    000h 26m 03.574s
995,    1457,    1565031,    000h 00m 01.457s,    000h 26m 05.031s
996,    1580,    1566611,    000h 00m 01.580s,    000h 26m 06.611s
997,    1603,    1568214,    000h 00m 01.603s,    000h 26m 08.214s
998,    1728,    1569942,    000h 00m 01.728s,    000h 26m 09.942s
999,    1641,    1571583,    000h 00m 01.641s,    000h 26m 11.583s
1000,    1744,    1573327,    000h 00m 01.744s,    000h 26m 13.327s
1001,    1596,    1574923,    000h 00m 01.596s,    000h 26m 14.923s
1002,    1442,    1576365,    000h 00m 01.442s,    000h 26m 16.365s
1003,    1579,    1577944,    000h 00m 01.579s,    000h 26m 17.944s
1004,    1680,    1579624,    000h 00m 01.680s,    000h 26m 19.624s
1005,    1624,    1581248,    000h 00m 01.624s,    000h 26m 21.248s
1006,    1485,    1582733,    000h 00m 01.485s,    000h 26m 22.733s
1007,    1531,    1584264,    000h 00m 01.531s,    000h 26m 24.264s
1008,    1716,    1585980,    000h 00m 01.716s,    000h 26m 25.980s
1009,    1683,    1587663,    000h 00m 01.683s,    000h 26m 27.663s
1010,    1705,    1589368,    000h 00m 01.705s,    000h 26m 29.368s
1011,    1722,    1591090,    000h 00m 01.722s,    000h 26m 31.090s
1012,    1646,    1592736,    000h 00m 01.646s,    000h 26m 32.736s
1013,    1700,    1594436,    000h 00m 01.700s,    000h 26m 34.436s
1014,    1629,    1596065,    000h 00m 01.629s,    000h 26m 36.065s
1015,    1489,    1597554,    000h 00m 01.489s,    000h 26m 37.554s
1016,    1604,    1599158,    000h 00m 01.604s,    000h 26m 39.158s
1017,    1575,    1600733,    000h 00m 01.575s,    000h 26m 40.733s
1018,    1521,    1602254,    000h 00m 01.521s,    000h 26m 42.254s
1019,    1515,    1603769,    000h 00m 01.515s,    000h 26m 43.769s
1020,    1661,    1605430,    000h 00m 01.661s,    000h 26m 45.430s
1021,    1448,    1606878,    000h 00m 01.448s,    000h 26m 46.878s
1022,    1668,    1608546,    000h 00m 01.668s,    000h 26m 48.546s
1023,    1495,    1610041,    000h 00m 01.495s,    000h 26m 50.041s
1024,    1706,    1611747,    000h 00m 01.706s,    000h 26m 51.747s
1025,    1474,    1613221,    000h 00m 01.474s,    000h 26m 53.221s
