pass,    time (ms),    total time (ms),    time,     total_time
1,    1626,    1626,    000h 00m 01.626s,    000h 00m 01.626s
2,    1797,    3423,    000h 00m 01.797s,    000h 00m 03.423s
3,    1792,    5215,    000h 00m 01.792s,    000h 00m 05.215s
4,    1835,    7050,    000h 00m 01.835s,    000h 00m 07.050s
5,    1733,    8783,    000h 00m 01.733s,    000h 00m 08.783s
6,    1726,    10509,    000h 00m 01.726s,    000h 00m 10.509s
7,    1751,    12260,    000h 00m 01.751s,    000h 00m 12.260s
8,    1711,    13971,    000h 00m 01.711s,    000h 00m 13.971s
9,    1724,    15695,    000h 00m 01.724s,    000h 00m 15.695s
10,    1738,    17433,    000h 00m 01.738s,    000h 00m 17.433s
11,    1723,    19156,    000h 00m 01.723s,    000h 00m 19.156s
12,    1797,    20953,    000h 00m 01.797s,    000h 00m 20.953s
13,    1736,    22689,    000h 00m 01.736s,    000h 00m 22.689s
14,    1754,    24443,    000h 00m 01.754s,    000h 00m 24.443s
15,    1687,    26130,    000h 00m 01.687s,    000h 00m 26.130s
16,    1756,    27886,    000h 00m 01.756s,    000h 00m 27.886s
17,    1733,    29619,    000h 00m 01.733s,    000h 00m 29.619s
18,    1741,    31360,    000h 00m 01.741s,    000h 00m 31.360s
19,    1656,    33016,    000h 00m 01.656s,    000h 00m 33.016s
20,    1749,    34765,    000h 00m 01.749s,    000h 00m 34.765s
21,    1762,    36527,    000h 00m 01.762s,    000h 00m 36.527s
22,    1760,    38287,    000h 00m 01.760s,    000h 00m 38.287s
23,    1740,    40027,    000h 00m 01.740s,    000h 00m 40.027s
24,    1756,    41783,    000h 00m 01.756s,    000h 00m 41.783s
25,    1762,    43545,    000h 00m 01.762s,    000h 00m 43.545s
26,    1750,    45295,    000h 00m 01.750s,    000h 00m 45.295s
27,    1743,    47038,    000h 00m 01.743s,    000h 00m 47.038s
28,    1707,    48745,    000h 00m 01.707s,    000h 00m 48.745s
29,    1633,    50378,    000h 00m 01.633s,    000h 00m 50.378s
30,    1758,    52136,    000h 00m 01.758s,    000h 00m 52.136s
31,    1659,    53795,    000h 00m 01.659s,    000h 00m 53.795s
32,    1750,    55545,    000h 00m 01.750s,    000h 00m 55.545s
33,    1691,    57236,    000h 00m 01.691s,    000h 00m 57.236s
34,    1697,    58933,    000h 00m 01.697s,    000h 00m 58.933s
35,    1714,    60647,    000h 00m 01.714s,    000h 01m 00.647s
36,    1605,    62252,    000h 00m 01.605s,    000h 01m 02.252s
37,    1693,    63945,    000h 00m 01.693s,    000h 01m 03.945s
38,    1734,    65679,    000h 00m 01.734s,    000h 01m 05.679s
39,    1756,    67435,    000h 00m 01.756s,    000h 01m 07.435s
40,    1721,    69156,    000h 00m 01.721s,    000h 01m 09.156s
41,    1744,    70900,    000h 00m 01.744s,    000h 01m 10.900s
42,    1713,    72613,    000h 00m 01.713s,    000h 01m 12.613s
43,    1682,    74295,    000h 00m 01.682s,    000h 01m 14.295s
44,    1700,    75995,    000h 00m 01.700s,    000h 01m 15.995s
45,    1709,    77704,    000h 00m 01.709s,    000h 01m 17.704s
46,    1747,    79451,    000h 00m 01.747s,    000h 01m 19.451s
47,    1721,    81172,    000h 00m 01.721s,    000h 01m 21.172s
48,    1758,    82930,    000h 00m 01.758s,    000h 01m 22.930s
49,    1691,    84621,    000h 00m 01.691s,    000h 01m 24.621s
50,    1751,    86372,    000h 00m 01.751s,    000h 01m 26.372s
51,    1751,    88123,    000h 00m 01.751s,    000h 01m 28.123s
52,    1746,    89869,    000h 00m 01.746s,    000h 01m 29.869s
53,    1718,    91587,    000h 00m 01.718s,    000h 01m 31.587s
54,    1688,    93275,    000h 00m 01.688s,    000h 01m 33.275s
55,    1673,    94948,    000h 00m 01.673s,    000h 01m 34.948s
56,    1776,    96724,    000h 00m 01.776s,    000h 01m 36.724s
57,    1765,    98489,    000h 00m 01.765s,    000h 01m 38.489s
58,    1726,    100215,    000h 00m 01.726s,    000h 01m 40.215s
59,    1796,    102011,    000h 00m 01.796s,    000h 01m 42.011s
60,    1707,    103718,    000h 00m 01.707s,    000h 01m 43.718s
61,    1755,    105473,    000h 00m 01.755s,    000h 01m 45.473s
62,    1700,    107173,    000h 00m 01.700s,    000h 01m 47.173s
63,    1749,    108922,    000h 00m 01.749s,    000h 01m 48.922s
64,    1736,    110658,    000h 00m 01.736s,    000h 01m 50.658s
65,    1733,    112391,    000h 00m 01.733s,    000h 01m 52.391s
66,    1775,    114166,    000h 00m 01.775s,    000h 01m 54.166s
67,    1772,    115938,    000h 00m 01.772s,    000h 01m 55.938s
68,    1756,    117694,    000h 00m 01.756s,    000h 01m 57.694s
69,    1724,    119418,    000h 00m 01.724s,    000h 01m 59.418s
70,    1754,    121172,    000h 00m 01.754s,    000h 02m 01.172s
71,    1771,    122943,    000h 00m 01.771s,    000h 02m 02.943s
72,    1706,    124649,    000h 00m 01.706s,    000h 02m 04.649s
73,    1732,    126381,    000h 00m 01.732s,    000h 02m 06.381s
74,    1725,    128106,    000h 00m 01.725s,    000h 02m 08.106s
75,    1792,    129898,    000h 00m 01.792s,    000h 02m 09.898s
76,    1721,    131619,    000h 00m 01.721s,    000h 02m 11.619s
77,    1750,    133369,    000h 00m 01.750s,    000h 02m 13.369s
78,    1743,    135112,    000h 00m 01.743s,    000h 02m 15.112s
79,    1749,    136861,    000h 00m 01.749s,    000h 02m 16.861s
80,    1735,    138596,    000h 00m 01.735s,    000h 02m 18.596s
81,    1770,    140366,    000h 00m 01.770s,    000h 02m 20.366s
82,    1647,    142013,    000h 00m 01.647s,    000h 02m 22.013s
83,    1720,    143733,    000h 00m 01.720s,    000h 02m 23.733s
84,    1772,    145505,    000h 00m 01.772s,    000h 02m 25.505s
85,    1636,    147141,    000h 00m 01.636s,    000h 02m 27.141s
86,    1640,    148781,    000h 00m 01.640s,    000h 02m 28.781s
87,    1742,    150523,    000h 00m 01.742s,    000h 02m 30.523s
88,    1743,    152266,    000h 00m 01.743s,    000h 02m 32.266s
89,    1678,    153944,    000h 00m 01.678s,    000h 02m 33.944s
90,    1714,    155658,    000h 00m 01.714s,    000h 02m 35.658s
91,    1738,    157396,    000h 00m 01.738s,    000h 02m 37.396s
92,    1712,    159108,    000h 00m 01.712s,    000h 02m 39.108s
93,    1722,    160830,    000h 00m 01.722s,    000h 02m 40.830s
94,    1668,    162498,    000h 00m 01.668s,    000h 02m 42.498s
95,    1777,    164275,    000h 00m 01.777s,    000h 02m 44.275s
96,    1658,    165933,    000h 00m 01.658s,    000h 02m 45.933s
97,    1753,    167686,    000h 00m 01.753s,    000h 02m 47.686s
98,    1695,    169381,    000h 00m 01.695s,    000h 02m 49.381s
99,    1758,    171139,    000h 00m 01.758s,    000h 02m 51.139s
100,    1755,    172894,    000h 00m 01.755s,    000h 02m 52.894s
101,    1711,    174605,    000h 00m 01.711s,    000h 02m 54.605s
102,    1764,    176369,    000h 00m 01.764s,    000h 02m 56.369s
103,    1643,    178012,    000h 00m 01.643s,    000h 02m 58.012s
104,    1621,    179633,    000h 00m 01.621s,    000h 02m 59.633s
105,    1753,    181386,    000h 00m 01.753s,    000h 03m 01.386s
106,    1670,    183056,    000h 00m 01.670s,    000h 03m 03.056s
107,    1755,    184811,    000h 00m 01.755s,    000h 03m 04.811s
108,    1741,    186552,    000h 00m 01.741s,    000h 03m 06.552s
109,    1751,    188303,    000h 00m 01.751s,    000h 03m 08.303s
110,    1750,    190053,    000h 00m 01.750s,    000h 03m 10.053s
111,    1744,    191797,    000h 00m 01.744s,    000h 03m 11.797s
112,    1744,    193541,    000h 00m 01.744s,    000h 03m 13.541s
113,    1762,    195303,    000h 00m 01.762s,    000h 03m 15.303s
114,    1780,    197083,    000h 00m 01.780s,    000h 03m 17.083s
115,    1696,    198779,    000h 00m 01.696s,    000h 03m 18.779s
116,    1742,    200521,    000h 00m 01.742s,    000h 03m 20.521s
117,    1710,    202231,    000h 00m 01.710s,    000h 03m 22.231s
118,    1729,    203960,    000h 00m 01.729s,    000h 03m 23.960s
119,    1750,    205710,    000h 00m 01.750s,    000h 03m 25.710s
120,    1731,    207441,    000h 00m 01.731s,    000h 03m 27.441s
121,    1627,    209068,    000h 00m 01.627s,    000h 03m 29.068s
122,    1720,    210788,    000h 00m 01.720s,    000h 03m 30.788s
123,    1672,    212460,    000h 00m 01.672s,    000h 03m 32.460s
124,    1706,    214166,    000h 00m 01.706s,    000h 03m 34.166s
125,    1749,    215915,    000h 00m 01.749s,    000h 03m 35.915s
126,    1685,    217600,    000h 00m 01.685s,    000h 03m 37.600s
127,    1734,    219334,    000h 00m 01.734s,    000h 03m 39.334s
128,    1741,    221075,    000h 00m 01.741s,    000h 03m 41.075s
129,    1686,    222761,    000h 00m 01.686s,    000h 03m 42.761s
130,    1732,    224493,    000h 00m 01.732s,    000h 03m 44.493s
131,    1717,    226210,    000h 00m 01.717s,    000h 03m 46.210s
132,    1713,    227923,    000h 00m 01.713s,    000h 03m 47.923s
133,    1762,    229685,    000h 00m 01.762s,    000h 03m 49.685s
134,    1749,    231434,    000h 00m 01.749s,    000h 03m 51.434s
135,    1728,    233162,    000h 00m 01.728s,    000h 03m 53.162s
136,    1785,    234947,    000h 00m 01.785s,    000h 03m 54.947s
137,    1728,    236675,    000h 00m 01.728s,    000h 03m 56.675s
138,    1730,    238405,    000h 00m 01.730s,    000h 03m 58.405s
139,    1668,    240073,    000h 00m 01.668s,    000h 04m 00.073s
140,    1759,    241832,    000h 00m 01.759s,    000h 04m 01.832s
141,    1712,    243544,    000h 00m 01.712s,    000h 04m 03.544s
142,    1757,    245301,    000h 00m 01.757s,    000h 04m 05.301s
143,    1722,    247023,    000h 00m 01.722s,    000h 04m 07.023s
144,    1646,    248669,    000h 00m 01.646s,    000h 04m 08.669s
145,    1722,    250391,    000h 00m 01.722s,    000h 04m 10.391s
146,    1676,    252067,    000h 00m 01.676s,    000h 04m 12.067s
147,    1750,    253817,    000h 00m 01.750s,    000h 04m 13.817s
148,    1729,    255546,    000h 00m 01.729s,    000h 04m 15.546s
149,    1752,    257298,    000h 00m 01.752s,    000h 04m 17.298s
150,    1627,    258925,    000h 00m 01.627s,    000h 04m 18.925s
151,    1758,    260683,    000h 00m 01.758s,    000h 04m 20.683s
152,    1635,    262318,    000h 00m 01.635s,    000h 04m 22.318s
153,    1732,    264050,    000h 00m 01.732s,    000h 04m 24.050s
154,    1728,    265778,    000h 00m 01.728s,    000h 04m 25.778s
155,    1744,    267522,    000h 00m 01.744s,    000h 04m 27.522s
156,    1727,    269249,    000h 00m 01.727s,    000h 04m 29.249s
157,    1708,    270957,    000h 00m 01.708s,    000h 04m 30.957s
158,    1767,    272724,    000h 00m 01.767s,    000h 04m 32.724s
159,    1757,    274481,    000h 00m 01.757s,    000h 04m 34.481s
160,    1775,    276256,    000h 00m 01.775s,    000h 04m 36.256s
161,    1699,    277955,    000h 00m 01.699s,    000h 04m 37.955s
162,    1717,    279672,    000h 00m 01.717s,    000h 04m 39.672s
163,    1738,    281410,    000h 00m 01.738s,    000h 04m 41.410s
164,    1726,    283136,    000h 00m 01.726s,    000h 04m 43.136s
165,    1756,    284892,    000h 00m 01.756s,    000h 04m 44.892s
166,    1728,    286620,    000h 00m 01.728s,    000h 04m 46.620s
167,    1758,    288378,    000h 00m 01.758s,    000h 04m 48.378s
168,    1750,    290128,    000h 00m 01.750s,    000h 04m 50.128s
169,    1664,    291792,    000h 00m 01.664s,    000h 04m 51.792s
170,    1721,    293513,    000h 00m 01.721s,    000h 04m 53.513s
171,    1738,    295251,    000h 00m 01.738s,    000h 04m 55.251s
172,    1689,    296940,    000h 00m 01.689s,    000h 04m 56.940s
173,    1768,    298708,    000h 00m 01.768s,    000h 04m 58.708s
174,    1721,    300429,    000h 00m 01.721s,    000h 05m 00.429s
175,    1757,    302186,    000h 00m 01.757s,    000h 05m 02.186s
176,    1747,    303933,    000h 00m 01.747s,    000h 05m 03.933s
177,    1774,    305707,    000h 00m 01.774s,    000h 05m 05.707s
178,    1694,    307401,    000h 00m 01.694s,    000h 05m 07.401s
179,    1719,    309120,    000h 00m 01.719s,    000h 05m 09.120s
180,    1729,    310849,    000h 00m 01.729s,    000h 05m 10.849s
181,    1692,    312541,    000h 00m 01.692s,    000h 05m 12.541s
182,    1762,    314303,    000h 00m 01.762s,    000h 05m 14.303s
183,    1668,    315971,    000h 00m 01.668s,    000h 05m 15.971s
184,    1843,    317814,    000h 00m 01.843s,    000h 05m 17.814s
185,    1725,    319539,    000h 00m 01.725s,    000h 05m 19.539s
186,    1763,    321302,    000h 00m 01.763s,    000h 05m 21.302s
187,    1776,    323078,    000h 00m 01.776s,    000h 05m 23.078s
188,    1767,    324845,    000h 00m 01.767s,    000h 05m 24.845s
189,    1812,    326657,    000h 00m 01.812s,    000h 05m 26.657s
190,    1716,    328373,    000h 00m 01.716s,    000h 05m 28.373s
191,    1750,    330123,    000h 00m 01.750s,    000h 05m 30.123s
192,    1739,    331862,    000h 00m 01.739s,    000h 05m 31.862s
193,    1693,    333555,    000h 00m 01.693s,    000h 05m 33.555s
194,    1757,    335312,    000h 00m 01.757s,    000h 05m 35.312s
195,    17650,    352962,    000h 00m 17.650s,    000h 05m 52.962s
196,    20061,    373023,    000h 00m 20.061s,    000h 06m 13.023s
197,    22306,    395329,    000h 00m 22.306s,    000h 06m 35.329s
198,    21740,    417069,    000h 00m 21.740s,    000h 06m 57.069s
199,    22834,    439903,    000h 00m 22.834s,    000h 07m 19.903s
200,    17989,    457892,    000h 00m 17.989s,    000h 07m 37.892s
201,    1754,    459646,    000h 00m 01.754s,    000h 07m 39.646s
202,    1746,    461392,    000h 00m 01.746s,    000h 07m 41.392s
203,    1732,    463124,    000h 00m 01.732s,    000h 07m 43.124s
204,    1677,    464801,    000h 00m 01.677s,    000h 07m 44.801s
205,    1779,    466580,    000h 00m 01.779s,    000h 07m 46.580s
206,    1803,    468383,    000h 00m 01.803s,    000h 07m 48.383s
207,    1791,    470174,    000h 00m 01.791s,    000h 07m 50.174s
208,    1648,    471822,    000h 00m 01.648s,    000h 07m 51.822s
209,    1796,    473618,    000h 00m 01.796s,    000h 07m 53.618s
210,    1747,    475365,    000h 00m 01.747s,    000h 07m 55.365s
211,    1710,    477075,    000h 00m 01.710s,    000h 07m 57.075s
212,    1779,    478854,    000h 00m 01.779s,    000h 07m 58.854s
213,    1642,    480496,    000h 00m 01.642s,    000h 08m 00.496s
214,    1802,    482298,    000h 00m 01.802s,    000h 08m 02.298s
215,    1766,    484064,    000h 00m 01.766s,    000h 08m 04.064s
216,    1804,    485868,    000h 00m 01.804s,    000h 08m 05.868s
217,    1805,    487673,    000h 00m 01.805s,    000h 08m 07.673s
218,    1743,    489416,    000h 00m 01.743s,    000h 08m 09.416s
219,    1735,    491151,    000h 00m 01.735s,    000h 08m 11.151s
220,    1770,    492921,    000h 00m 01.770s,    000h 08m 12.921s
221,    1700,    494621,    000h 00m 01.700s,    000h 08m 14.621s
222,    1793,    496414,    000h 00m 01.793s,    000h 08m 16.414s
223,    1778,    498192,    000h 00m 01.778s,    000h 08m 18.192s
224,    1747,    499939,    000h 00m 01.747s,    000h 08m 19.939s
225,    1859,    501798,    000h 00m 01.859s,    000h 08m 21.798s
226,    1900,    503698,    000h 00m 01.900s,    000h 08m 23.698s
227,    1871,    505569,    000h 00m 01.871s,    000h 08m 25.569s
228,    1950,    507519,    000h 00m 01.950s,    000h 08m 27.519s
229,    1769,    509288,    000h 00m 01.769s,    000h 08m 29.288s
230,    1700,    510988,    000h 00m 01.700s,    000h 08m 30.988s
231,    1756,    512744,    000h 00m 01.756s,    000h 08m 32.744s
232,    1721,    514465,    000h 00m 01.721s,    000h 08m 34.465s
233,    9749,    524214,    000h 00m 09.749s,    000h 08m 44.214s
234,    22644,    546858,    000h 00m 22.644s,    000h 09m 06.858s
235,    12305,    559163,    000h 00m 12.305s,    000h 09m 19.163s
236,    1734,    560897,    000h 00m 01.734s,    000h 09m 20.897s
237,    1653,    562550,    000h 00m 01.653s,    000h 09m 22.550s
238,    1691,    564241,    000h 00m 01.691s,    000h 09m 24.241s
239,    1743,    565984,    000h 00m 01.743s,    000h 09m 25.984s
240,    1784,    567768,    000h 00m 01.784s,    000h 09m 27.768s
241,    1736,    569504,    000h 00m 01.736s,    000h 09m 29.504s
242,    1751,    571255,    000h 00m 01.751s,    000h 09m 31.255s
243,    1743,    572998,    000h 00m 01.743s,    000h 09m 32.998s
244,    1746,    574744,    000h 00m 01.746s,    000h 09m 34.744s
245,    1649,    576393,    000h 00m 01.649s,    000h 09m 36.393s
246,    1791,    578184,    000h 00m 01.791s,    000h 09m 38.184s
247,    1739,    579923,    000h 00m 01.739s,    000h 09m 39.923s
248,    1803,    581726,    000h 00m 01.803s,    000h 09m 41.726s
249,    1718,    583444,    000h 00m 01.718s,    000h 09m 43.444s
250,    1644,    585088,    000h 00m 01.644s,    000h 09m 45.088s
251,    1641,    586729,    000h 00m 01.641s,    000h 09m 46.729s
252,    2006,    588735,    000h 00m 02.006s,    000h 09m 48.735s
253,    1781,    590516,    000h 00m 01.781s,    000h 09m 50.516s
254,    1677,    592193,    000h 00m 01.677s,    000h 09m 52.193s
255,    1836,    594029,    000h 00m 01.836s,    000h 09m 54.029s
256,    1725,    595754,    000h 00m 01.725s,    000h 09m 55.754s
257,    1858,    597612,    000h 00m 01.858s,    000h 09m 57.612s
258,    1671,    599283,    000h 00m 01.671s,    000h 09m 59.283s
259,    1974,    601257,    000h 00m 01.974s,    000h 10m 01.257s
260,    1800,    603057,    000h 00m 01.800s,    000h 10m 03.057s
261,    1714,    604771,    000h 00m 01.714s,    000h 10m 04.771s
262,    1780,    606551,    000h 00m 01.780s,    000h 10m 06.551s
263,    1659,    608210,    000h 00m 01.659s,    000h 10m 08.210s
264,    1814,    610024,    000h 00m 01.814s,    000h 10m 10.024s
265,    1719,    611743,    000h 00m 01.719s,    000h 10m 11.743s
266,    1800,    613543,    000h 00m 01.800s,    000h 10m 13.543s
267,    1759,    615302,    000h 00m 01.759s,    000h 10m 15.302s
268,    1700,    617002,    000h 00m 01.700s,    000h 10m 17.002s
269,    1778,    618780,    000h 00m 01.778s,    000h 10m 18.780s
270,    1699,    620479,    000h 00m 01.699s,    000h 10m 20.479s
271,    1699,    622178,    000h 00m 01.699s,    000h 10m 22.178s
272,    1744,    623922,    000h 00m 01.744s,    000h 10m 23.922s
273,    1708,    625630,    000h 00m 01.708s,    000h 10m 25.630s
274,    1741,    627371,    000h 00m 01.741s,    000h 10m 27.371s
275,    1713,    629084,    000h 00m 01.713s,    000h 10m 29.084s
276,    1771,    630855,    000h 00m 01.771s,    000h 10m 30.855s
277,    1663,    632518,    000h 00m 01.663s,    000h 10m 32.518s
278,    1664,    634182,    000h 00m 01.664s,    000h 10m 34.182s
279,    5860,    640042,    000h 00m 05.860s,    000h 10m 40.042s
280,    1801,    641843,    000h 00m 01.801s,    000h 10m 41.843s
281,    1790,    643633,    000h 00m 01.790s,    000h 10m 43.633s
282,    1669,    645302,    000h 00m 01.669s,    000h 10m 45.302s
283,    1667,    646969,    000h 00m 01.667s,    000h 10m 46.969s
284,    1797,    648766,    000h 00m 01.797s,    000h 10m 48.766s
285,    1778,    650544,    000h 00m 01.778s,    000h 10m 50.544s
286,    1799,    652343,    000h 00m 01.799s,    000h 10m 52.343s
287,    1708,    654051,    000h 00m 01.708s,    000h 10m 54.051s
288,    1779,    655830,    000h 00m 01.779s,    000h 10m 55.830s
289,    1770,    657600,    000h 00m 01.770s,    000h 10m 57.600s
290,    1741,    659341,    000h 00m 01.741s,    000h 10m 59.341s
291,    1805,    661146,    000h 00m 01.805s,    000h 11m 01.146s
292,    1806,    662952,    000h 00m 01.806s,    000h 11m 02.952s
293,    1796,    664748,    000h 00m 01.796s,    000h 11m 04.748s
294,    1708,    666456,    000h 00m 01.708s,    000h 11m 06.456s
295,    1658,    668114,    000h 00m 01.658s,    000h 11m 08.114s
296,    1866,    669980,    000h 00m 01.866s,    000h 11m 09.980s
297,    1711,    671691,    000h 00m 01.711s,    000h 11m 11.691s
298,    1767,    673458,    000h 00m 01.767s,    000h 11m 13.458s
299,    1781,    675239,    000h 00m 01.781s,    000h 11m 15.239s
300,    1771,    677010,    000h 00m 01.771s,    000h 11m 17.010s
301,    1773,    678783,    000h 00m 01.773s,    000h 11m 18.783s
302,    1716,    680499,    000h 00m 01.716s,    000h 11m 20.499s
303,    1712,    682211,    000h 00m 01.712s,    000h 11m 22.211s
304,    1792,    684003,    000h 00m 01.792s,    000h 11m 24.003s
305,    1796,    685799,    000h 00m 01.796s,    000h 11m 25.799s
306,    1836,    687635,    000h 00m 01.836s,    000h 11m 27.635s
307,    1752,    689387,    000h 00m 01.752s,    000h 11m 29.387s
308,    1778,    691165,    000h 00m 01.778s,    000h 11m 31.165s
309,    1755,    692920,    000h 00m 01.755s,    000h 11m 32.920s
310,    1746,    694666,    000h 00m 01.746s,    000h 11m 34.666s
311,    7768,    702434,    000h 00m 07.768s,    000h 11m 42.434s
312,    1781,    704215,    000h 00m 01.781s,    000h 11m 44.215s
313,    1690,    705905,    000h 00m 01.690s,    000h 11m 45.905s
314,    2016,    707921,    000h 00m 02.016s,    000h 11m 47.921s
315,    1725,    709646,    000h 00m 01.725s,    000h 11m 49.646s
316,    1711,    711357,    000h 00m 01.711s,    000h 11m 51.357s
317,    1824,    713181,    000h 00m 01.824s,    000h 11m 53.181s
318,    1825,    715006,    000h 00m 01.825s,    000h 11m 55.006s
319,    1937,    716943,    000h 00m 01.937s,    000h 11m 56.943s
320,    1691,    718634,    000h 00m 01.691s,    000h 11m 58.634s
321,    1673,    720307,    000h 00m 01.673s,    000h 12m 00.307s
322,    1627,    721934,    000h 00m 01.627s,    000h 12m 01.934s
323,    1729,    723663,    000h 00m 01.729s,    000h 12m 03.663s
324,    1752,    725415,    000h 00m 01.752s,    000h 12m 05.415s
325,    1776,    727191,    000h 00m 01.776s,    000h 12m 07.191s
326,    1703,    728894,    000h 00m 01.703s,    000h 12m 08.894s
327,    1780,    730674,    000h 00m 01.780s,    000h 12m 10.674s
328,    1715,    732389,    000h 00m 01.715s,    000h 12m 12.389s
329,    1817,    734206,    000h 00m 01.817s,    000h 12m 14.206s
330,    1829,    736035,    000h 00m 01.829s,    000h 12m 16.035s
331,    1806,    737841,    000h 00m 01.806s,    000h 12m 17.841s
332,    1821,    739662,    000h 00m 01.821s,    000h 12m 19.662s
333,    1795,    741457,    000h 00m 01.795s,    000h 12m 21.457s
334,    1808,    743265,    000h 00m 01.808s,    000h 12m 23.265s
335,    1801,    745066,    000h 00m 01.801s,    000h 12m 25.066s
336,    1815,    746881,    000h 00m 01.815s,    000h 12m 26.881s
337,    1732,    748613,    000h 00m 01.732s,    000h 12m 28.613s
338,    1745,    750358,    000h 00m 01.745s,    000h 12m 30.358s
339,    1778,    752136,    000h 00m 01.778s,    000h 12m 32.136s
340,    1730,    753866,    000h 00m 01.730s,    000h 12m 33.866s
341,    1805,    755671,    000h 00m 01.805s,    000h 12m 35.671s
342,    1741,    757412,    000h 00m 01.741s,    000h 12m 37.412s
343,    1797,    759209,    000h 00m 01.797s,    000h 12m 39.209s
344,    1734,    760943,    000h 00m 01.734s,    000h 12m 40.943s
345,    1723,    762666,    000h 00m 01.723s,    000h 12m 42.666s
346,    1665,    764331,    000h 00m 01.665s,    000h 12m 44.331s
347,    1714,    766045,    000h 00m 01.714s,    000h 12m 46.045s
348,    1738,    767783,    000h 00m 01.738s,    000h 12m 47.783s
349,    1764,    769547,    000h 00m 01.764s,    000h 12m 49.547s
350,    1696,    771243,    000h 00m 01.696s,    000h 12m 51.243s
351,    1731,    772974,    000h 00m 01.731s,    000h 12m 52.974s
352,    1750,    774724,    000h 00m 01.750s,    000h 12m 54.724s
353,    1785,    776509,    000h 00m 01.785s,    000h 12m 56.509s
354,    1784,    778293,    000h 00m 01.784s,    000h 12m 58.293s
355,    1762,    780055,    000h 00m 01.762s,    000h 13m 00.055s
356,    1751,    781806,    000h 00m 01.751s,    000h 13m 01.806s
357,    1772,    783578,    000h 00m 01.772s,    000h 13m 03.578s
358,    1742,    785320,    000h 00m 01.742s,    000h 13m 05.320s
359,    1773,    787093,    000h 00m 01.773s,    000h 13m 07.093s
360,    1664,    788757,    000h 00m 01.664s,    000h 13m 08.757s
361,    1769,    790526,    000h 00m 01.769s,    000h 13m 10.526s
362,    1683,    792209,    000h 00m 01.683s,    000h 13m 12.209s
363,    1784,    793993,    000h 00m 01.784s,    000h 13m 13.993s
364,    1802,    795795,    000h 00m 01.802s,    000h 13m 15.795s
365,    1766,    797561,    000h 00m 01.766s,    000h 13m 17.561s
366,    1758,    799319,    000h 00m 01.758s,    000h 13m 19.319s
367,    1717,    801036,    000h 00m 01.717s,    000h 13m 21.036s
368,    1726,    802762,    000h 00m 01.726s,    000h 13m 22.762s
369,    1765,    804527,    000h 00m 01.765s,    000h 13m 24.527s
370,    1698,    806225,    000h 00m 01.698s,    000h 13m 26.225s
371,    1709,    807934,    000h 00m 01.709s,    000h 13m 27.934s
372,    1672,    809606,    000h 00m 01.672s,    000h 13m 29.606s
373,    1761,    811367,    000h 00m 01.761s,    000h 13m 31.367s
374,    1764,    813131,    000h 00m 01.764s,    000h 13m 33.131s
375,    1805,    814936,    000h 00m 01.805s,    000h 13m 34.936s
376,    1799,    816735,    000h 00m 01.799s,    000h 13m 36.735s
377,    1713,    818448,    000h 00m 01.713s,    000h 13m 38.448s
378,    1762,    820210,    000h 00m 01.762s,    000h 13m 40.210s
379,    1777,    821987,    000h 00m 01.777s,    000h 13m 41.987s
380,    1695,    823682,    000h 00m 01.695s,    000h 13m 43.682s
381,    1757,    825439,    000h 00m 01.757s,    000h 13m 45.439s
382,    1770,    827209,    000h 00m 01.770s,    000h 13m 47.209s
383,    1766,    828975,    000h 00m 01.766s,    000h 13m 48.975s
384,    1865,    830840,    000h 00m 01.865s,    000h 13m 50.840s
385,    1768,    832608,    000h 00m 01.768s,    000h 13m 52.608s
386,    1781,    834389,    000h 00m 01.781s,    000h 13m 54.389s
387,    1794,    836183,    000h 00m 01.794s,    000h 13m 56.183s
388,    1775,    837958,    000h 00m 01.775s,    000h 13m 57.958s
389,    1772,    839730,    000h 00m 01.772s,    000h 13m 59.730s
390,    1824,    841554,    000h 00m 01.824s,    000h 14m 01.554s
391,    1779,    843333,    000h 00m 01.779s,    000h 14m 03.333s
392,    1753,    845086,    000h 00m 01.753s,    000h 14m 05.086s
393,    1782,    846868,    000h 00m 01.782s,    000h 14m 06.868s
394,    1802,    848670,    000h 00m 01.802s,    000h 14m 08.670s
395,    1787,    850457,    000h 00m 01.787s,    000h 14m 10.457s
396,    1686,    852143,    000h 00m 01.686s,    000h 14m 12.143s
397,    1762,    853905,    000h 00m 01.762s,    000h 14m 13.905s
398,    1824,    855729,    000h 00m 01.824s,    000h 14m 15.729s
399,    1822,    857551,    000h 00m 01.822s,    000h 14m 17.551s
400,    1761,    859312,    000h 00m 01.761s,    000h 14m 19.312s
401,    1772,    861084,    000h 00m 01.772s,    000h 14m 21.084s
402,    1784,    862868,    000h 00m 01.784s,    000h 14m 22.868s
403,    1801,    864669,    000h 00m 01.801s,    000h 14m 24.669s
404,    1781,    866450,    000h 00m 01.781s,    000h 14m 26.450s
405,    1770,    868220,    000h 00m 01.770s,    000h 14m 28.220s
406,    1716,    869936,    000h 00m 01.716s,    000h 14m 29.936s
407,    1743,    871679,    000h 00m 01.743s,    000h 14m 31.679s
408,    1765,    873444,    000h 00m 01.765s,    000h 14m 33.444s
409,    1794,    875238,    000h 00m 01.794s,    000h 14m 35.238s
410,    21826,    897064,    000h 00m 21.826s,    000h 14m 57.064s
411,    23856,    920920,    000h 00m 23.856s,    000h 15m 20.920s
412,    18236,    939156,    000h 00m 18.236s,    000h 15m 39.156s
413,    1947,    941103,    000h 00m 01.947s,    000h 15m 41.103s
414,    2021,    943124,    000h 00m 02.021s,    000h 15m 43.124s
415,    2098,    945222,    000h 00m 02.098s,    000h 15m 45.222s
416,    1981,    947203,    000h 00m 01.981s,    000h 15m 47.203s
417,    2024,    949227,    000h 00m 02.024s,    000h 15m 49.227s
418,    1961,    951188,    000h 00m 01.961s,    000h 15m 51.188s
419,    1988,    953176,    000h 00m 01.988s,    000h 15m 53.176s
420,    2012,    955188,    000h 00m 02.012s,    000h 15m 55.188s
421,    2127,    957315,    000h 00m 02.127s,    000h 15m 57.315s
422,    2030,    959345,    000h 00m 02.030s,    000h 15m 59.345s
423,    2009,    961354,    000h 00m 02.009s,    000h 16m 01.354s
424,    2031,    963385,    000h 00m 02.031s,    000h 16m 03.385s
425,    2081,    965466,    000h 00m 02.081s,    000h 16m 05.466s
426,    2010,    967476,    000h 00m 02.010s,    000h 16m 07.476s
427,    1901,    969377,    000h 00m 01.901s,    000h 16m 09.377s
428,    1731,    971108,    000h 00m 01.731s,    000h 16m 11.108s
429,    1939,    973047,    000h 00m 01.939s,    000h 16m 13.047s
430,    1705,    974752,    000h 00m 01.705s,    000h 16m 14.752s
431,    1692,    976444,    000h 00m 01.692s,    000h 16m 16.444s
432,    1783,    978227,    000h 00m 01.783s,    000h 16m 18.227s
433,    1740,    979967,    000h 00m 01.740s,    000h 16m 19.967s
434,    1752,    981719,    000h 00m 01.752s,    000h 16m 21.719s
435,    1740,    983459,    000h 00m 01.740s,    000h 16m 23.459s
436,    1653,    985112,    000h 00m 01.653s,    000h 16m 25.112s
437,    1744,    986856,    000h 00m 01.744s,    000h 16m 26.856s
438,    1790,    988646,    000h 00m 01.790s,    000h 16m 28.646s
439,    1671,    990317,    000h 00m 01.671s,    000h 16m 30.317s
440,    1657,    991974,    000h 00m 01.657s,    000h 16m 31.974s
441,    1761,    993735,    000h 00m 01.761s,    000h 16m 33.735s
442,    1691,    995426,    000h 00m 01.691s,    000h 16m 35.426s
443,    1731,    997157,    000h 00m 01.731s,    000h 16m 37.157s
444,    1737,    998894,    000h 00m 01.737s,    000h 16m 38.894s
445,    1609,    1000503,    000h 00m 01.609s,    000h 16m 40.503s
446,    1780,    1002283,    000h 00m 01.780s,    000h 16m 42.283s
447,    1718,    1004001,    000h 00m 01.718s,    000h 16m 44.001s
448,    1724,    1005725,    000h 00m 01.724s,    000h 16m 45.725s
449,    1774,    1007499,    000h 00m 01.774s,    000h 16m 47.499s
450,    1775,    1009274,    000h 00m 01.775s,    000h 16m 49.274s
451,    1762,    1011036,    000h 00m 01.762s,    000h 16m 51.036s
452,    1769,    1012805,    000h 00m 01.769s,    000h 16m 52.805s
453,    1754,    1014559,    000h 00m 01.754s,    000h 16m 54.559s
454,    1764,    1016323,    000h 00m 01.764s,    000h 16m 56.323s
455,    1809,    1018132,    000h 00m 01.809s,    000h 16m 58.132s
456,    1738,    1019870,    000h 00m 01.738s,    000h 16m 59.870s
457,    1722,    1021592,    000h 00m 01.722s,    000h 17m 01.592s
458,    1761,    1023353,    000h 00m 01.761s,    000h 17m 03.353s
459,    1636,    1024989,    000h 00m 01.636s,    000h 17m 04.989s
460,    1735,    1026724,    000h 00m 01.735s,    000h 17m 06.724s
461,    1717,    1028441,    000h 00m 01.717s,    000h 17m 08.441s
462,    1792,    1030233,    000h 00m 01.792s,    000h 17m 10.233s
463,    1711,    1031944,    000h 00m 01.711s,    000h 17m 11.944s
464,    1735,    1033679,    000h 00m 01.735s,    000h 17m 13.679s
465,    1666,    1035345,    000h 00m 01.666s,    000h 17m 15.345s
466,    1787,    1037132,    000h 00m 01.787s,    000h 17m 17.132s
467,    1728,    1038860,    000h 00m 01.728s,    000h 17m 18.860s
468,    1646,    1040506,    000h 00m 01.646s,    000h 17m 20.506s
469,    1755,    1042261,    000h 00m 01.755s,    000h 17m 22.261s
470,    1777,    1044038,    000h 00m 01.777s,    000h 17m 24.038s
471,    1710,    1045748,    000h 00m 01.710s,    000h 17m 25.748s
472,    1679,    1047427,    000h 00m 01.679s,    000h 17m 27.427s
473,    1774,    1049201,    000h 00m 01.774s,    000h 17m 29.201s
474,    1719,    1050920,    000h 00m 01.719s,    000h 17m 30.920s
475,    1736,    1052656,    000h 00m 01.736s,    000h 17m 32.656s
476,    1772,    1054428,    000h 00m 01.772s,    000h 17m 34.428s
477,    1750,    1056178,    000h 00m 01.750s,    000h 17m 36.178s
478,    1768,    1057946,    000h 00m 01.768s,    000h 17m 37.946s
479,    1761,    1059707,    000h 00m 01.761s,    000h 17m 39.707s
480,    1775,    1061482,    000h 00m 01.775s,    000h 17m 41.482s
481,    1742,    1063224,    000h 00m 01.742s,    000h 17m 43.224s
482,    1764,    1064988,    000h 00m 01.764s,    000h 17m 44.988s
483,    1616,    1066604,    000h 00m 01.616s,    000h 17m 46.604s
484,    1760,    1068364,    000h 00m 01.760s,    000h 17m 48.364s
485,    1795,    1070159,    000h 00m 01.795s,    000h 17m 50.159s
486,    1789,    1071948,    000h 00m 01.789s,    000h 17m 51.948s
487,    1715,    1073663,    000h 00m 01.715s,    000h 17m 53.663s
488,    1771,    1075434,    000h 00m 01.771s,    000h 17m 55.434s
489,    1785,    1077219,    000h 00m 01.785s,    000h 17m 57.219s
490,    1639,    1078858,    000h 00m 01.639s,    000h 17m 58.858s
491,    1649,    1080507,    000h 00m 01.649s,    000h 18m 00.507s
492,    1677,    1082184,    000h 00m 01.677s,    000h 18m 02.184s
493,    1761,    1083945,    000h 00m 01.761s,    000h 18m 03.945s
494,    1710,    1085655,    000h 00m 01.710s,    000h 18m 05.655s
495,    1814,    1087469,    000h 00m 01.814s,    000h 18m 07.469s
496,    1741,    1089210,    000h 00m 01.741s,    000h 18m 09.210s
497,    1813,    1091023,    000h 00m 01.813s,    000h 18m 11.023s
498,    1809,    1092832,    000h 00m 01.809s,    000h 18m 12.832s
499,    1755,    1094587,    000h 00m 01.755s,    000h 18m 14.587s
500,    1814,    1096401,    000h 00m 01.814s,    000h 18m 16.401s
501,    1832,    1098233,    000h 00m 01.832s,    000h 18m 18.233s
502,    1735,    1099968,    000h 00m 01.735s,    000h 18m 19.968s
503,    1793,    1101761,    000h 00m 01.793s,    000h 18m 21.761s
504,    1744,    1103505,    000h 00m 01.744s,    000h 18m 23.505s
505,    1753,    1105258,    000h 00m 01.753s,    000h 18m 25.258s
506,    1815,    1107073,    000h 00m 01.815s,    000h 18m 27.073s
507,    1747,    1108820,    000h 00m 01.747s,    000h 18m 28.820s
508,    1802,    1110622,    000h 00m 01.802s,    000h 18m 30.622s
509,    1694,    1112316,    000h 00m 01.694s,    000h 18m 32.316s
510,    1736,    1114052,    000h 00m 01.736s,    000h 18m 34.052s
511,    1820,    1115872,    000h 00m 01.820s,    000h 18m 35.872s
512,    1708,    1117580,    000h 00m 01.708s,    000h 18m 37.580s
513,    1791,    1119371,    000h 00m 01.791s,    000h 18m 39.371s
514,    1718,    1121089,    000h 00m 01.718s,    000h 18m 41.089s
515,    1759,    1122848,    000h 00m 01.759s,    000h 18m 42.848s
516,    1771,    1124619,    000h 00m 01.771s,    000h 18m 44.619s
517,    1749,    1126368,    000h 00m 01.749s,    000h 18m 46.368s
518,    1767,    1128135,    000h 00m 01.767s,    000h 18m 48.135s
519,    1714,    1129849,    000h 00m 01.714s,    000h 18m 49.849s
520,    1802,    1131651,    000h 00m 01.802s,    000h 18m 51.651s
521,    1768,    1133419,    000h 00m 01.768s,    000h 18m 53.419s
522,    1779,    1135198,    000h 00m 01.779s,    000h 18m 55.198s
523,    1768,    1136966,    000h 00m 01.768s,    000h 18m 56.966s
524,    1762,    1138728,    000h 00m 01.762s,    000h 18m 58.728s
525,    1667,    1140395,    000h 00m 01.667s,    000h 19m 00.395s
526,    1812,    1142207,    000h 00m 01.812s,    000h 19m 02.207s
527,    1742,    1143949,    000h 00m 01.742s,    000h 19m 03.949s
528,    1767,    1145716,    000h 00m 01.767s,    000h 19m 05.716s
529,    1784,    1147500,    000h 00m 01.784s,    000h 19m 07.500s
530,    1780,    1149280,    000h 00m 01.780s,    000h 19m 09.280s
531,    1823,    1151103,    000h 00m 01.823s,    000h 19m 11.103s
532,    1720,    1152823,    000h 00m 01.720s,    000h 19m 12.823s
533,    1726,    1154549,    000h 00m 01.726s,    000h 19m 14.549s
534,    1769,    1156318,    000h 00m 01.769s,    000h 19m 16.318s
535,    1801,    1158119,    000h 00m 01.801s,    000h 19m 18.119s
536,    1766,    1159885,    000h 00m 01.766s,    000h 19m 19.885s
537,    1749,    1161634,    000h 00m 01.749s,    000h 19m 21.634s
538,    1794,    1163428,    000h 00m 01.794s,    000h 19m 23.428s
539,    1683,    1165111,    000h 00m 01.683s,    000h 19m 25.111s
540,    1665,    1166776,    000h 00m 01.665s,    000h 19m 26.776s
541,    1784,    1168560,    000h 00m 01.784s,    000h 19m 28.560s
542,    1731,    1170291,    000h 00m 01.731s,    000h 19m 30.291s
543,    1794,    1172085,    000h 00m 01.794s,    000h 19m 32.085s
544,    1795,    1173880,    000h 00m 01.795s,    000h 19m 33.880s
545,    1664,    1175544,    000h 00m 01.664s,    000h 19m 35.544s
546,    1683,    1177227,    000h 00m 01.683s,    000h 19m 37.227s
547,    1723,    1178950,    000h 00m 01.723s,    000h 19m 38.950s
548,    1769,    1180719,    000h 00m 01.769s,    000h 19m 40.719s
549,    1769,    1182488,    000h 00m 01.769s,    000h 19m 42.488s
550,    1809,    1184297,    000h 00m 01.809s,    000h 19m 44.297s
551,    1651,    1185948,    000h 00m 01.651s,    000h 19m 45.948s
552,    1711,    1187659,    000h 00m 01.711s,    000h 19m 47.659s
553,    1655,    1189314,    000h 00m 01.655s,    000h 19m 49.314s
554,    1710,    1191024,    000h 00m 01.710s,    000h 19m 51.024s
555,    1770,    1192794,    000h 00m 01.770s,    000h 19m 52.794s
556,    1778,    1194572,    000h 00m 01.778s,    000h 19m 54.572s
557,    1752,    1196324,    000h 00m 01.752s,    000h 19m 56.324s
558,    1701,    1198025,    000h 00m 01.701s,    000h 19m 58.025s
559,    1679,    1199704,    000h 00m 01.679s,    000h 19m 59.704s
560,    1727,    1201431,    000h 00m 01.727s,    000h 20m 01.431s
561,    1740,    1203171,    000h 00m 01.740s,    000h 20m 03.171s
562,    1783,    1204954,    000h 00m 01.783s,    000h 20m 04.954s
563,    1624,    1206578,    000h 00m 01.624s,    000h 20m 06.578s
564,    1689,    1208267,    000h 00m 01.689s,    000h 20m 08.267s
565,    1757,    1210024,    000h 00m 01.757s,    000h 20m 10.024s
566,    1834,    1211858,    000h 00m 01.834s,    000h 20m 11.858s
567,    1779,    1213637,    000h 00m 01.779s,    000h 20m 13.637s
568,    1774,    1215411,    000h 00m 01.774s,    000h 20m 15.411s
569,    1667,    1217078,    000h 00m 01.667s,    000h 20m 17.078s
570,    1741,    1218819,    000h 00m 01.741s,    000h 20m 18.819s
571,    1832,    1220651,    000h 00m 01.832s,    000h 20m 20.651s
572,    1839,    1222490,    000h 00m 01.839s,    000h 20m 22.490s
573,    1781,    1224271,    000h 00m 01.781s,    000h 20m 24.271s
574,    1664,    1225935,    000h 00m 01.664s,    000h 20m 25.935s
575,    1765,    1227700,    000h 00m 01.765s,    000h 20m 27.700s
576,    1674,    1229374,    000h 00m 01.674s,    000h 20m 29.374s
577,    1862,    1231236,    000h 00m 01.862s,    000h 20m 31.236s
578,    1758,    1232994,    000h 00m 01.758s,    000h 20m 32.994s
579,    1773,    1234767,    000h 00m 01.773s,    000h 20m 34.767s
580,    1777,    1236544,    000h 00m 01.777s,    000h 20m 36.544s
581,    1747,    1238291,    000h 00m 01.747s,    000h 20m 38.291s
582,    1777,    1240068,    000h 00m 01.777s,    000h 20m 40.068s
583,    1687,    1241755,    000h 00m 01.687s,    000h 20m 41.755s
584,    1699,    1243454,    000h 00m 01.699s,    000h 20m 43.454s
585,    1807,    1245261,    000h 00m 01.807s,    000h 20m 45.261s
586,    1819,    1247080,    000h 00m 01.819s,    000h 20m 47.080s
587,    1725,    1248805,    000h 00m 01.725s,    000h 20m 48.805s
588,    1787,    1250592,    000h 00m 01.787s,    000h 20m 50.592s
589,    1717,    1252309,    000h 00m 01.717s,    000h 20m 52.309s
590,    1719,    1254028,    000h 00m 01.719s,    000h 20m 54.028s
591,    1818,    1255846,    000h 00m 01.818s,    000h 20m 55.846s
592,    1797,    1257643,    000h 00m 01.797s,    000h 20m 57.643s
593,    1756,    1259399,    000h 00m 01.756s,    000h 20m 59.399s
594,    1887,    1261286,    000h 00m 01.887s,    000h 21m 01.286s
595,    1790,    1263076,    000h 00m 01.790s,    000h 21m 03.076s
596,    9834,    1272910,    000h 00m 09.834s,    000h 21m 12.910s
597,    21264,    1294174,    000h 00m 21.264s,    000h 21m 34.174s
598,    2461,    1296635,    000h 00m 02.461s,    000h 21m 36.635s
599,    1695,    1298330,    000h 00m 01.695s,    000h 21m 38.330s
600,    1733,    1300063,    000h 00m 01.733s,    000h 21m 40.063s
601,    1717,    1301780,    000h 00m 01.717s,    000h 21m 41.780s
602,    1763,    1303543,    000h 00m 01.763s,    000h 21m 43.543s
603,    1857,    1305400,    000h 00m 01.857s,    000h 21m 45.400s
604,    1829,    1307229,    000h 00m 01.829s,    000h 21m 47.229s
605,    1765,    1308994,    000h 00m 01.765s,    000h 21m 48.994s
606,    1767,    1310761,    000h 00m 01.767s,    000h 21m 50.761s
607,    1761,    1312522,    000h 00m 01.761s,    000h 21m 52.522s
608,    1778,    1314300,    000h 00m 01.778s,    000h 21m 54.300s
609,    1704,    1316004,    000h 00m 01.704s,    000h 21m 56.004s
610,    1774,    1317778,    000h 00m 01.774s,    000h 21m 57.778s
611,    1741,    1319519,    000h 00m 01.741s,    000h 21m 59.519s
612,    1749,    1321268,    000h 00m 01.749s,    000h 22m 01.268s
613,    1815,    1323083,    000h 00m 01.815s,    000h 22m 03.083s
614,    1742,    1324825,    000h 00m 01.742s,    000h 22m 04.825s
615,    1780,    1326605,    000h 00m 01.780s,    000h 22m 06.605s
616,    1839,    1328444,    000h 00m 01.839s,    000h 22m 08.444s
617,    1748,    1330192,    000h 00m 01.748s,    000h 22m 10.192s
618,    1652,    1331844,    000h 00m 01.652s,    000h 22m 11.844s
619,    1715,    1333559,    000h 00m 01.715s,    000h 22m 13.559s
620,    1778,    1335337,    000h 00m 01.778s,    000h 22m 15.337s
621,    1779,    1337116,    000h 00m 01.779s,    000h 22m 17.116s
622,    1821,    1338937,    000h 00m 01.821s,    000h 22m 18.937s
623,    1671,    1340608,    000h 00m 01.671s,    000h 22m 20.608s
624,    1787,    1342395,    000h 00m 01.787s,    000h 22m 22.395s
625,    1787,    1344182,    000h 00m 01.787s,    000h 22m 24.182s
626,    1838,    1346020,    000h 00m 01.838s,    000h 22m 26.020s
627,    1667,    1347687,    000h 00m 01.667s,    000h 22m 27.687s
628,    1749,    1349436,    000h 00m 01.749s,    000h 22m 29.436s
629,    1663,    1351099,    000h 00m 01.663s,    000h 22m 31.099s
630,    1776,    1352875,    000h 00m 01.776s,    000h 22m 32.875s
631,    1662,    1354537,    000h 00m 01.662s,    000h 22m 34.537s
632,    1751,    1356288,    000h 00m 01.751s,    000h 22m 36.288s
633,    2029,    1358317,    000h 00m 02.029s,    000h 22m 38.317s
634,    1811,    1360128,    000h 00m 01.811s,    000h 22m 40.128s
635,    1697,    1361825,    000h 00m 01.697s,    000h 22m 41.825s
636,    1761,    1363586,    000h 00m 01.761s,    000h 22m 43.586s
637,    1758,    1365344,    000h 00m 01.758s,    000h 22m 45.344s
638,    1754,    1367098,    000h 00m 01.754s,    000h 22m 47.098s
639,    1779,    1368877,    000h 00m 01.779s,    000h 22m 48.877s
640,    1644,    1370521,    000h 00m 01.644s,    000h 22m 50.521s
641,    1757,    1372278,    000h 00m 01.757s,    000h 22m 52.278s
642,    1664,    1373942,    000h 00m 01.664s,    000h 22m 53.942s
643,    2043,    1375985,    000h 00m 02.043s,    000h 22m 55.985s
644,    1752,    1377737,    000h 00m 01.752s,    000h 22m 57.737s
645,    1792,    1379529,    000h 00m 01.792s,    000h 22m 59.529s
646,    1733,    1381262,    000h 00m 01.733s,    000h 23m 01.262s
647,    1844,    1383106,    000h 00m 01.844s,    000h 23m 03.106s
648,    1733,    1384839,    000h 00m 01.733s,    000h 23m 04.839s
649,    1774,    1386613,    000h 00m 01.774s,    000h 23m 06.613s
650,    1724,    1388337,    000h 00m 01.724s,    000h 23m 08.337s
651,    1796,    1390133,    000h 00m 01.796s,    000h 23m 10.133s
652,    1796,    1391929,    000h 00m 01.796s,    000h 23m 11.929s
653,    1740,    1393669,    000h 00m 01.740s,    000h 23m 13.669s
654,    1659,    1395328,    000h 00m 01.659s,    000h 23m 15.328s
655,    1813,    1397141,    000h 00m 01.813s,    000h 23m 17.141s
656,    1784,    1398925,    000h 00m 01.784s,    000h 23m 18.925s
657,    2053,    1400978,    000h 00m 02.053s,    000h 23m 20.978s
658,    1796,    1402774,    000h 00m 01.796s,    000h 23m 22.774s
659,    1663,    1404437,    000h 00m 01.663s,    000h 23m 24.437s
660,    1761,    1406198,    000h 00m 01.761s,    000h 23m 26.198s
661,    1758,    1407956,    000h 00m 01.758s,    000h 23m 27.956s
662,    1776,    1409732,    000h 00m 01.776s,    000h 23m 29.732s
663,    1735,    1411467,    000h 00m 01.735s,    000h 23m 31.467s
664,    1635,    1413102,    000h 00m 01.635s,    000h 23m 33.102s
665,    1719,    1414821,    000h 00m 01.719s,    000h 23m 34.821s
666,    1686,    1416507,    000h 00m 01.686s,    000h 23m 36.507s
667,    1653,    1418160,    000h 00m 01.653s,    000h 23m 38.160s
668,    1694,    1419854,    000h 00m 01.694s,    000h 23m 39.854s
669,    1701,    1421555,    000h 00m 01.701s,    000h 23m 41.555s
670,    1749,    1423304,    000h 00m 01.749s,    000h 23m 43.304s
671,    1950,    1425254,    000h 00m 01.950s,    000h 23m 45.254s
672,    1747,    1427001,    000h 00m 01.747s,    000h 23m 47.001s
673,    1761,    1428762,    000h 00m 01.761s,    000h 23m 48.762s
674,    1687,    1430449,    000h 00m 01.687s,    000h 23m 50.449s
675,    1758,    1432207,    000h 00m 01.758s,    000h 23m 52.207s
676,    1777,    1433984,    000h 00m 01.777s,    000h 23m 53.984s
677,    1723,    1435707,    000h 00m 01.723s,    000h 23m 55.707s
678,    1777,    1437484,    000h 00m 01.777s,    000h 23m 57.484s
679,    1740,    1439224,    000h 00m 01.740s,    000h 23m 59.224s
680,    1777,    1441001,    000h 00m 01.777s,    000h 24m 01.001s
681,    1756,    1442757,    000h 00m 01.756s,    000h 24m 02.757s
682,    1786,    1444543,    000h 00m 01.786s,    000h 24m 04.543s
683,    1723,    1446266,    000h 00m 01.723s,    000h 24m 06.266s
684,    1732,    1447998,    000h 00m 01.732s,    000h 24m 07.998s
685,    1814,    1449812,    000h 00m 01.814s,    000h 24m 09.812s
686,    1841,    1451653,    000h 00m 01.841s,    000h 24m 11.653s
687,    1771,    1453424,    000h 00m 01.771s,    000h 24m 13.424s
688,    1739,    1455163,    000h 00m 01.739s,    000h 24m 15.163s
689,    1741,    1456904,    000h 00m 01.741s,    000h 24m 16.904s
690,    1797,    1458701,    000h 00m 01.797s,    000h 24m 18.701s
691,    1644,    1460345,    000h 00m 01.644s,    000h 24m 20.345s
692,    1734,    1462079,    000h 00m 01.734s,    000h 24m 22.079s
693,    1752,    1463831,    000h 00m 01.752s,    000h 24m 23.831s
694,    1750,    1465581,    000h 00m 01.750s,    000h 24m 25.581s
695,    1738,    1467319,    000h 00m 01.738s,    000h 24m 27.319s
696,    1716,    1469035,    000h 00m 01.716s,    000h 24m 29.035s
697,    1745,    1470780,    000h 00m 01.745s,    000h 24m 30.780s
698,    1718,    1472498,    000h 00m 01.718s,    000h 24m 32.498s
699,    1782,    1474280,    000h 00m 01.782s,    000h 24m 34.280s
700,    1712,    1475992,    000h 00m 01.712s,    000h 24m 35.992s
701,    1830,    1477822,    000h 00m 01.830s,    000h 24m 37.822s
702,    1668,    1479490,    000h 00m 01.668s,    000h 24m 39.490s
703,    1770,    1481260,    000h 00m 01.770s,    000h 24m 41.260s
704,    1725,    1482985,    000h 00m 01.725s,    000h 24m 42.985s
705,    1675,    1484660,    000h 00m 01.675s,    000h 24m 44.660s
706,    1722,    1486382,    000h 00m 01.722s,    000h 24m 46.382s
707,    1784,    1488166,    000h 00m 01.784s,    000h 24m 48.166s
708,    1774,    1489940,    000h 00m 01.774s,    000h 24m 49.940s
709,    1741,    1491681,    000h 00m 01.741s,    000h 24m 51.681s
710,    1774,    1493455,    000h 00m 01.774s,    000h 24m 53.455s
711,    1771,    1495226,    000h 00m 01.771s,    000h 24m 55.226s
712,    1802,    1497028,    000h 00m 01.802s,    000h 24m 57.028s
713,    1759,    1498787,    000h 00m 01.759s,    000h 24m 58.787s
714,    1779,    1500566,    000h 00m 01.779s,    000h 25m 00.566s
715,    1705,    1502271,    000h 00m 01.705s,    000h 25m 02.271s
716,    1688,    1503959,    000h 00m 01.688s,    000h 25m 03.959s
717,    1752,    1505711,    000h 00m 01.752s,    000h 25m 05.711s
718,    1728,    1507439,    000h 00m 01.728s,    000h 25m 07.439s
719,    1828,    1509267,    000h 00m 01.828s,    000h 25m 09.267s
720,    1785,    1511052,    000h 00m 01.785s,    000h 25m 11.052s
721,    1737,    1512789,    000h 00m 01.737s,    000h 25m 12.789s
722,    1694,    1514483,    000h 00m 01.694s,    000h 25m 14.483s
723,    1735,    1516218,    000h 00m 01.735s,    000h 25m 16.218s
724,    1720,    1517938,    000h 00m 01.720s,    000h 25m 17.938s
725,    1764,    1519702,    000h 00m 01.764s,    000h 25m 19.702s
726,    1777,    1521479,    000h 00m 01.777s,    000h 25m 21.479s
727,    1744,    1523223,    000h 00m 01.744s,    000h 25m 23.223s
728,    1769,    1524992,    000h 00m 01.769s,    000h 25m 24.992s
729,    1762,    1526754,    000h 00m 01.762s,    000h 25m 26.754s
730,    1700,    1528454,    000h 00m 01.700s,    000h 25m 28.454s
731,    1740,    1530194,    000h 00m 01.740s,    000h 25m 30.194s
732,    1740,    1531934,    000h 00m 01.740s,    000h 25m 31.934s
733,    1769,    1533703,    000h 00m 01.769s,    000h 25m 33.703s
734,    1717,    1535420,    000h 00m 01.717s,    000h 25m 35.420s
735,    1625,    1537045,    000h 00m 01.625s,    000h 25m 37.045s
736,    1753,    1538798,    000h 00m 01.753s,    000h 25m 38.798s
737,    1687,    1540485,    000h 00m 01.687s,    000h 25m 40.485s
738,    1690,    1542175,    000h 00m 01.690s,    000h 25m 42.175s
739,    1769,    1543944,    000h 00m 01.769s,    000h 25m 43.944s
740,    1654,    1545598,    000h 00m 01.654s,    000h 25m 45.598s
741,    1721,    1547319,    000h 00m 01.721s,    000h 25m 47.319s
742,    1756,    1549075,    000h 00m 01.756s,    000h 25m 49.075s
743,    1684,    1550759,    000h 00m 01.684s,    000h 25m 50.759s
744,    1752,    1552511,    000h 00m 01.752s,    000h 25m 52.511s
745,    1794,    1554305,    000h 00m 01.794s,    000h 25m 54.305s
746,    1685,    1555990,    000h 00m 01.685s,    000h 25m 55.990s
747,    1707,    1557697,    000h 00m 01.707s,    000h 25m 57.697s
748,    1701,    1559398,    000h 00m 01.701s,    000h 25m 59.398s
749,    1747,    1561145,    000h 00m 01.747s,    000h 26m 01.145s
750,    1778,    1562923,    000h 00m 01.778s,    000h 26m 02.923s
751,    1770,    1564693,    000h 00m 01.770s,    000h 26m 04.693s
752,    1705,    1566398,    000h 00m 01.705s,    000h 26m 06.398s
753,    1764,    1568162,    000h 00m 01.764s,    000h 26m 08.162s
754,    1779,    1569941,    000h 00m 01.779s,    000h 26m 09.941s
755,    1710,    1571651,    000h 00m 01.710s,    000h 26m 11.651s
756,    1787,    1573438,    000h 00m 01.787s,    000h 26m 13.438s
757,    1757,    1575195,    000h 00m 01.757s,    000h 26m 15.195s
758,    1744,    1576939,    000h 00m 01.744s,    000h 26m 16.939s
759,    1792,    1578731,    000h 00m 01.792s,    000h 26m 18.731s
760,    1780,    1580511,    000h 00m 01.780s,    000h 26m 20.511s
761,    1634,    1582145,    000h 00m 01.634s,    000h 26m 22.145s
762,    1750,    1583895,    000h 00m 01.750s,    000h 26m 23.895s
763,    1723,    1585618,    000h 00m 01.723s,    000h 26m 25.618s
764,    1783,    1587401,    000h 00m 01.783s,    000h 26m 27.401s
765,    1786,    1589187,    000h 00m 01.786s,    000h 26m 29.187s
766,    1755,    1590942,    000h 00m 01.755s,    000h 26m 30.942s
767,    1716,    1592658,    000h 00m 01.716s,    000h 26m 32.658s
768,    1756,    1594414,    000h 00m 01.756s,    000h 26m 34.414s
769,    1738,    1596152,    000h 00m 01.738s,    000h 26m 36.152s
770,    1780,    1597932,    000h 00m 01.780s,    000h 26m 37.932s
771,    1689,    1599621,    000h 00m 01.689s,    000h 26m 39.621s
772,    1729,    1601350,    000h 00m 01.729s,    000h 26m 41.350s
773,    1698,    1603048,    000h 00m 01.698s,    000h 26m 43.048s
774,    1789,    1604837,    000h 00m 01.789s,    000h 26m 44.837s
775,    1754,    1606591,    000h 00m 01.754s,    000h 26m 46.591s
776,    1773,    1608364,    000h 00m 01.773s,    000h 26m 48.364s
777,    1770,    1610134,    000h 00m 01.770s,    000h 26m 50.134s
778,    1728,    1611862,    000h 00m 01.728s,    000h 26m 51.862s
779,    1947,    1613809,    000h 00m 01.947s,    000h 26m 53.809s
780,    1898,    1615707,    000h 00m 01.898s,    000h 26m 55.707s
781,    1777,    1617484,    000h 00m 01.777s,    000h 26m 57.484s
782,    1785,    1619269,    000h 00m 01.785s,    000h 26m 59.269s
783,    1767,    1621036,    000h 00m 01.767s,    000h 27m 01.036s
784,    1721,    1622757,    000h 00m 01.721s,    000h 27m 02.757s
785,    1756,    1624513,    000h 00m 01.756s,    000h 27m 04.513s
786,    2013,    1626526,    000h 00m 02.013s,    000h 27m 06.526s
787,    1673,    1628199,    000h 00m 01.673s,    000h 27m 08.199s
788,    1704,    1629903,    000h 00m 01.704s,    000h 27m 09.903s
789,    1749,    1631652,    000h 00m 01.749s,    000h 27m 11.652s
790,    1757,    1633409,    000h 00m 01.757s,    000h 27m 13.409s
791,    1759,    1635168,    000h 00m 01.759s,    000h 27m 15.168s
792,    1731,    1636899,    000h 00m 01.731s,    000h 27m 16.899s
793,    1738,    1638637,    000h 00m 01.738s,    000h 27m 18.637s
794,    1672,    1640309,    000h 00m 01.672s,    000h 27m 20.309s
795,    1664,    1641973,    000h 00m 01.664s,    000h 27m 21.973s
796,    1788,    1643761,    000h 00m 01.788s,    000h 27m 23.761s
797,    1769,    1645530,    000h 00m 01.769s,    000h 27m 25.530s
798,    1758,    1647288,    000h 00m 01.758s,    000h 27m 27.288s
799,    1726,    1649014,    000h 00m 01.726s,    000h 27m 29.014s
800,    1768,    1650782,    000h 00m 01.768s,    000h 27m 30.782s
801,    1695,    1652477,    000h 00m 01.695s,    000h 27m 32.477s
802,    1742,    1654219,    000h 00m 01.742s,    000h 27m 34.219s
803,    1747,    1655966,    000h 00m 01.747s,    000h 27m 35.966s
804,    1730,    1657696,    000h 00m 01.730s,    000h 27m 37.696s
805,    1781,    1659477,    000h 00m 01.781s,    000h 27m 39.477s
806,    1765,    1661242,    000h 00m 01.765s,    000h 27m 41.242s
807,    1737,    1662979,    000h 00m 01.737s,    000h 27m 42.979s
808,    1754,    1664733,    000h 00m 01.754s,    000h 27m 44.733s
809,    1773,    1666506,    000h 00m 01.773s,    000h 27m 46.506s
810,    1739,    1668245,    000h 00m 01.739s,    000h 27m 48.245s
811,    1770,    1670015,    000h 00m 01.770s,    000h 27m 50.015s
812,    1734,    1671749,    000h 00m 01.734s,    000h 27m 51.749s
813,    1693,    1673442,    000h 00m 01.693s,    000h 27m 53.442s
814,    1789,    1675231,    000h 00m 01.789s,    000h 27m 55.231s
815,    1727,    1676958,    000h 00m 01.727s,    000h 27m 56.958s
816,    1780,    1678738,    000h 00m 01.780s,    000h 27m 58.738s
817,    1796,    1680534,    000h 00m 01.796s,    000h 28m 00.534s
818,    1790,    1682324,    000h 00m 01.790s,    000h 28m 02.324s
819,    1783,    1684107,    000h 00m 01.783s,    000h 28m 04.107s
820,    1865,    1685972,    000h 00m 01.865s,    000h 28m 05.972s
821,    1821,    1687793,    000h 00m 01.821s,    000h 28m 07.793s
822,    1681,    1689474,    000h 00m 01.681s,    000h 28m 09.474s
823,    1674,    1691148,    000h 00m 01.674s,    000h 28m 11.148s
824,    1688,    1692836,    000h 00m 01.688s,    000h 28m 12.836s
825,    1651,    1694487,    000h 00m 01.651s,    000h 28m 14.487s
826,    1758,    1696245,    000h 00m 01.758s,    000h 28m 16.245s
827,    1782,    1698027,    000h 00m 01.782s,    000h 28m 18.027s
828,    1645,    1699672,    000h 00m 01.645s,    000h 28m 19.672s
829,    1626,    1701298,    000h 00m 01.626s,    000h 28m 21.298s
830,    1742,    1703040,    000h 00m 01.742s,    000h 28m 23.040s
831,    1779,    1704819,    000h 00m 01.779s,    000h 28m 24.819s
832,    1770,    1706589,    000h 00m 01.770s,    000h 28m 26.589s
833,    1732,    1708321,    000h 00m 01.732s,    000h 28m 28.321s
834,    1758,    1710079,    000h 00m 01.758s,    000h 28m 30.079s
835,    1775,    1711854,    000h 00m 01.775s,    000h 28m 31.854s
836,    1665,    1713519,    000h 00m 01.665s,    000h 28m 33.519s
837,    1821,    1715340,    000h 00m 01.821s,    000h 28m 35.340s
838,    1629,    1716969,    000h 00m 01.629s,    000h 28m 36.969s
839,    1640,    1718609,    000h 00m 01.640s,    000h 28m 38.609s
840,    1771,    1720380,    000h 00m 01.771s,    000h 28m 40.380s
841,    1774,    1722154,    000h 00m 01.774s,    000h 28m 42.154s
842,    1716,    1723870,    000h 00m 01.716s,    000h 28m 43.870s
843,    1728,    1725598,    000h 00m 01.728s,    000h 28m 45.598s
844,    1760,    1727358,    000h 00m 01.760s,    000h 28m 47.358s
845,    1718,    1729076,    000h 00m 01.718s,    000h 28m 49.076s
846,    1774,    1730850,    000h 00m 01.774s,    000h 28m 50.850s
847,    1743,    1732593,    000h 00m 01.743s,    000h 28m 52.593s
848,    1737,    1734330,    000h 00m 01.737s,    000h 28m 54.330s
849,    1769,    1736099,    000h 00m 01.769s,    000h 28m 56.099s
850,    1640,    1737739,    000h 00m 01.640s,    000h 28m 57.739s
851,    1774,    1739513,    000h 00m 01.774s,    000h 28m 59.513s
852,    1748,    1741261,    000h 00m 01.748s,    000h 29m 01.261s
853,    1663,    1742924,    000h 00m 01.663s,    000h 29m 02.924s
854,    1727,    1744651,    000h 00m 01.727s,    000h 29m 04.651s
855,    1760,    1746411,    000h 00m 01.760s,    000h 29m 06.411s
856,    1786,    1748197,    000h 00m 01.786s,    000h 29m 08.197s
857,    1714,    1749911,    000h 00m 01.714s,    000h 29m 09.911s
858,    1719,    1751630,    000h 00m 01.719s,    000h 29m 11.630s
859,    1715,    1753345,    000h 00m 01.715s,    000h 29m 13.345s
860,    1759,    1755104,    000h 00m 01.759s,    000h 29m 15.104s
861,    1733,    1756837,    000h 00m 01.733s,    000h 29m 16.837s
862,    1775,    1758612,    000h 00m 01.775s,    000h 29m 18.612s
863,    1699,    1760311,    000h 00m 01.699s,    000h 29m 20.311s
864,    1756,    1762067,    000h 00m 01.756s,    000h 29m 22.067s
865,    1758,    1763825,    000h 00m 01.758s,    000h 29m 23.825s
866,    1705,    1765530,    000h 00m 01.705s,    000h 29m 25.530s
867,    1728,    1767258,    000h 00m 01.728s,    000h 29m 27.258s
868,    1685,    1768943,    000h 00m 01.685s,    000h 29m 28.943s
869,    1682,    1770625,    000h 00m 01.682s,    000h 29m 30.625s
870,    1771,    1772396,    000h 00m 01.771s,    000h 29m 32.396s
871,    1731,    1774127,    000h 00m 01.731s,    000h 29m 34.127s
872,    1775,    1775902,    000h 00m 01.775s,    000h 29m 35.902s
873,    1824,    1777726,    000h 00m 01.824s,    000h 29m 37.726s
874,    1988,    1779714,    000h 00m 01.988s,    000h 29m 39.714s
875,    1771,    1781485,    000h 00m 01.771s,    000h 29m 41.485s
876,    1775,    1783260,    000h 00m 01.775s,    000h 29m 43.260s
877,    1787,    1785047,    000h 00m 01.787s,    000h 29m 45.047s
878,    1759,    1786806,    000h 00m 01.759s,    000h 29m 46.806s
879,    1760,    1788566,    000h 00m 01.760s,    000h 29m 48.566s
880,    1763,    1790329,    000h 00m 01.763s,    000h 29m 50.329s
881,    1710,    1792039,    000h 00m 01.710s,    000h 29m 52.039s
882,    1740,    1793779,    000h 00m 01.740s,    000h 29m 53.779s
883,    1691,    1795470,    000h 00m 01.691s,    000h 29m 55.470s
884,    1746,    1797216,    000h 00m 01.746s,    000h 29m 57.216s
885,    1702,    1798918,    000h 00m 01.702s,    000h 29m 58.918s
886,    1782,    1800700,    000h 00m 01.782s,    000h 30m 00.700s
887,    1767,    1802467,    000h 00m 01.767s,    000h 30m 02.467s
888,    1735,    1804202,    000h 00m 01.735s,    000h 30m 04.202s
889,    1746,    1805948,    000h 00m 01.746s,    000h 30m 05.948s
890,    1761,    1807709,    000h 00m 01.761s,    000h 30m 07.709s
891,    1783,    1809492,    000h 00m 01.783s,    000h 30m 09.492s
892,    1767,    1811259,    000h 00m 01.767s,    000h 30m 11.259s
893,    1639,    1812898,    000h 00m 01.639s,    000h 30m 12.898s
894,    1736,    1814634,    000h 00m 01.736s,    000h 30m 14.634s
895,    1757,    1816391,    000h 00m 01.757s,    000h 30m 16.391s
896,    1753,    1818144,    000h 00m 01.753s,    000h 30m 18.144s
897,    1779,    1819923,    000h 00m 01.779s,    000h 30m 19.923s
898,    1737,    1821660,    000h 00m 01.737s,    000h 30m 21.660s
899,    1741,    1823401,    000h 00m 01.741s,    000h 30m 23.401s
900,    1666,    1825067,    000h 00m 01.666s,    000h 30m 25.067s
901,    1695,    1826762,    000h 00m 01.695s,    000h 30m 26.762s
902,    1789,    1828551,    000h 00m 01.789s,    000h 30m 28.551s
903,    1763,    1830314,    000h 00m 01.763s,    000h 30m 30.314s
904,    1774,    1832088,    000h 00m 01.774s,    000h 30m 32.088s
905,    1638,    1833726,    000h 00m 01.638s,    000h 30m 33.726s
906,    1730,    1835456,    000h 00m 01.730s,    000h 30m 35.456s
907,    1757,    1837213,    000h 00m 01.757s,    000h 30m 37.213s
908,    1741,    1838954,    000h 00m 01.741s,    000h 30m 38.954s
909,    1753,    1840707,    000h 00m 01.753s,    000h 30m 40.707s
910,    1631,    1842338,    000h 00m 01.631s,    000h 30m 42.338s
911,    1800,    1844138,    000h 00m 01.800s,    000h 30m 44.138s
912,    1789,    1845927,    000h 00m 01.789s,    000h 30m 45.927s
913,    1985,    1847912,    000h 00m 01.985s,    000h 30m 47.912s
914,    1769,    1849681,    000h 00m 01.769s,    000h 30m 49.681s
915,    1799,    1851480,    000h 00m 01.799s,    000h 30m 51.480s
916,    1753,    1853233,    000h 00m 01.753s,    000h 30m 53.233s
917,    1739,    1854972,    000h 00m 01.739s,    000h 30m 54.972s
918,    1772,    1856744,    000h 00m 01.772s,    000h 30m 56.744s
919,    1732,    1858476,    000h 00m 01.732s,    000h 30m 58.476s
920,    1768,    1860244,    000h 00m 01.768s,    000h 31m 00.244s
921,    1766,    1862010,    000h 00m 01.766s,    000h 31m 02.010s
922,    1787,    1863797,    000h 00m 01.787s,    000h 31m 03.797s
923,    1770,    1865567,    000h 00m 01.770s,    000h 31m 05.567s
924,    1738,    1867305,    000h 00m 01.738s,    000h 31m 07.305s
925,    1755,    1869060,    000h 00m 01.755s,    000h 31m 09.060s
926,    1774,    1870834,    000h 00m 01.774s,    000h 31m 10.834s
927,    1700,    1872534,    000h 00m 01.700s,    000h 31m 12.534s
928,    1813,    1874347,    000h 00m 01.813s,    000h 31m 14.347s
929,    1973,    1876320,    000h 00m 01.973s,    000h 31m 16.320s
930,    1729,    1878049,    000h 00m 01.729s,    000h 31m 18.049s
931,    1701,    1879750,    000h 00m 01.701s,    000h 31m 19.750s
932,    1749,    1881499,    000h 00m 01.749s,    000h 31m 21.499s
933,    1801,    1883300,    000h 00m 01.801s,    000h 31m 23.300s
934,    1952,    1885252,    000h 00m 01.952s,    000h 31m 25.252s
935,    1640,    1886892,    000h 00m 01.640s,    000h 31m 26.892s
936,    1635,    1888527,    000h 00m 01.635s,    000h 31m 28.527s
937,    1681,    1890208,    000h 00m 01.681s,    000h 31m 30.208s
938,    1723,    1891931,    000h 00m 01.723s,    000h 31m 31.931s
939,    1638,    1893569,    000h 00m 01.638s,    000h 31m 33.569s
940,    1729,    1895298,    000h 00m 01.729s,    000h 31m 35.298s
941,    1765,    1897063,    000h 00m 01.765s,    000h 31m 37.063s
942,    1795,    1898858,    000h 00m 01.795s,    000h 31m 38.858s
943,    1790,    1900648,    000h 00m 01.790s,    000h 31m 40.648s
944,    1705,    1902353,    000h 00m 01.705s,    000h 31m 42.353s
945,    1778,    1904131,    000h 00m 01.778s,    000h 31m 44.131s
946,    1759,    1905890,    000h 00m 01.759s,    000h 31m 45.890s
947,    1724,    1907614,    000h 00m 01.724s,    000h 31m 47.614s
948,    1734,    1909348,    000h 00m 01.734s,    000h 31m 49.348s
949,    1689,    1911037,    000h 00m 01.689s,    000h 31m 51.037s
950,    1909,    1912946,    000h 00m 01.909s,    000h 31m 52.946s
951,    1802,    1914748,    000h 00m 01.802s,    000h 31m 54.748s
952,    1736,    1916484,    000h 00m 01.736s,    000h 31m 56.484s
953,    1768,    1918252,    000h 00m 01.768s,    000h 31m 58.252s
954,    1784,    1920036,    000h 00m 01.784s,    000h 32m 00.036s
955,    1773,    1921809,    000h 00m 01.773s,    000h 32m 01.809s
956,    1749,    1923558,    000h 00m 01.749s,    000h 32m 03.558s
957,    1715,    1925273,    000h 00m 01.715s,    000h 32m 05.273s
958,    1759,    1927032,    000h 00m 01.759s,    000h 32m 07.032s
959,    1756,    1928788,    000h 00m 01.756s,    000h 32m 08.788s
960,    1717,    1930505,    000h 00m 01.717s,    000h 32m 10.505s
961,    1736,    1932241,    000h 00m 01.736s,    000h 32m 12.241s
962,    1793,    1934034,    000h 00m 01.793s,    000h 32m 14.034s
963,    1689,    1935723,    000h 00m 01.689s,    000h 32m 15.723s
964,    1765,    1937488,    000h 00m 01.765s,    000h 32m 17.488s
965,    1750,    1939238,    000h 00m 01.750s,    000h 32m 19.238s
966,    1709,    1940947,    000h 00m 01.709s,    000h 32m 20.947s
967,    1760,    1942707,    000h 00m 01.760s,    000h 32m 22.707s
968,    1804,    1944511,    000h 00m 01.804s,    000h 32m 24.511s
969,    1954,    1946465,    000h 00m 01.954s,    000h 32m 26.465s
970,    1748,    1948213,    000h 00m 01.748s,    000h 32m 28.213s
971,    1657,    1949870,    000h 00m 01.657s,    000h 32m 29.870s
972,    1743,    1951613,    000h 00m 01.743s,    000h 32m 31.613s
973,    1777,    1953390,    000h 00m 01.777s,    000h 32m 33.390s
974,    1759,    1955149,    000h 00m 01.759s,    000h 32m 35.149s
975,    1783,    1956932,    000h 00m 01.783s,    000h 32m 36.932s
976,    1773,    1958705,    000h 00m 01.773s,    000h 32m 38.705s
977,    1814,    1960519,    000h 00m 01.814s,    000h 32m 40.519s
978,    1799,    1962318,    000h 00m 01.799s,    000h 32m 42.318s
979,    1858,    1964176,    000h 00m 01.858s,    000h 32m 44.176s
980,    1754,    1965930,    000h 00m 01.754s,    000h 32m 45.930s
981,    1740,    1967670,    000h 00m 01.740s,    000h 32m 47.670s
982,    1827,    1969497,    000h 00m 01.827s,    000h 32m 49.497s
983,    1784,    1971281,    000h 00m 01.784s,    000h 32m 51.281s
984,    1737,    1973018,    000h 00m 01.737s,    000h 32m 53.018s
985,    1804,    1974822,    000h 00m 01.804s,    000h 32m 54.822s
986,    1783,    1976605,    000h 00m 01.783s,    000h 32m 56.605s
987,    1692,    1978297,    000h 00m 01.692s,    000h 32m 58.297s
988,    1779,    1980076,    000h 00m 01.779s,    000h 33m 00.076s
989,    1787,    1981863,    000h 00m 01.787s,    000h 33m 01.863s
990,    1862,    1983725,    000h 00m 01.862s,    000h 33m 03.725s
991,    1810,    1985535,    000h 00m 01.810s,    000h 33m 05.535s
992,    1727,    1987262,    000h 00m 01.727s,    000h 33m 07.262s
993,    1766,    1989028,    000h 00m 01.766s,    000h 33m 09.028s
994,    1825,    1990853,    000h 00m 01.825s,    000h 33m 10.853s
995,    1756,    1992609,    000h 00m 01.756s,    000h 33m 12.609s
996,    1780,    1994389,    000h 00m 01.780s,    000h 33m 14.389s
997,    1820,    1996209,    000h 00m 01.820s,    000h 33m 16.209s
998,    1756,    1997965,    000h 00m 01.756s,    000h 33m 17.965s
999,    1771,    1999736,    000h 00m 01.771s,    000h 33m 19.736s
1000,    1738,    2001474,    000h 00m 01.738s,    000h 33m 21.474s
1001,    1670,    2003144,    000h 00m 01.670s,    000h 33m 23.144s
1002,    1776,    2004920,    000h 00m 01.776s,    000h 33m 24.920s
1003,    1767,    2006687,    000h 00m 01.767s,    000h 33m 26.687s
1004,    1842,    2008529,    000h 00m 01.842s,    000h 33m 28.529s
1005,    1810,    2010339,    000h 00m 01.810s,    000h 33m 30.339s
1006,    1753,    2012092,    000h 00m 01.753s,    000h 33m 32.092s
1007,    1781,    2013873,    000h 00m 01.781s,    000h 33m 33.873s
1008,    1776,    2015649,    000h 00m 01.776s,    000h 33m 35.649s
1009,    1763,    2017412,    000h 00m 01.763s,    000h 33m 37.412s
1010,    1752,    2019164,    000h 00m 01.752s,    000h 33m 39.164s
1011,    1794,    2020958,    000h 00m 01.794s,    000h 33m 40.958s
1012,    1662,    2022620,    000h 00m 01.662s,    000h 33m 42.620s
1013,    1823,    2024443,    000h 00m 01.823s,    000h 33m 44.443s
1014,    1693,    2026136,    000h 00m 01.693s,    000h 33m 46.136s
1015,    1819,    2027955,    000h 00m 01.819s,    000h 33m 47.955s
1016,    1674,    2029629,    000h 00m 01.674s,    000h 33m 49.629s
1017,    1823,    2031452,    000h 00m 01.823s,    000h 33m 51.452s
1018,    1772,    2033224,    000h 00m 01.772s,    000h 33m 53.224s
1019,    1706,    2034930,    000h 00m 01.706s,    000h 33m 54.930s
1020,    1812,    2036742,    000h 00m 01.812s,    000h 33m 56.742s
1021,    1733,    2038475,    000h 00m 01.733s,    000h 33m 58.475s
1022,    1704,    2040179,    000h 00m 01.704s,    000h 34m 00.179s
1023,    1731,    2041910,    000h 00m 01.731s,    000h 34m 01.910s
1024,    1684,    2043594,    000h 00m 01.684s,    000h 34m 03.594s
1025,    11651,    2055245,    000h 00m 11.651s,    000h 34m 15.245s
