pass,    time (ms),    total time (ms),    time,     total_time
1,    1522,    1522,    000h 00m 01.522s,    000h 00m 01.522s
2,    1567,    3089,    000h 00m 01.567s,    000h 00m 03.089s
3,    1544,    4633,    000h 00m 01.544s,    000h 00m 04.633s
4,    1528,    6161,    000h 00m 01.528s,    000h 00m 06.161s
5,    1497,    7658,    000h 00m 01.497s,    000h 00m 07.658s
6,    1742,    9400,    000h 00m 01.742s,    000h 00m 09.400s
7,    1690,    11090,    000h 00m 01.690s,    000h 00m 11.090s
8,    1623,    12713,    000h 00m 01.623s,    000h 00m 12.713s
9,    1759,    14472,    000h 00m 01.759s,    000h 00m 14.472s
10,    1607,    16079,    000h 00m 01.607s,    000h 00m 16.079s
11,    1563,    17642,    000h 00m 01.563s,    000h 00m 17.642s
12,    1592,    19234,    000h 00m 01.592s,    000h 00m 19.234s
13,    1684,    20918,    000h 00m 01.684s,    000h 00m 20.918s
14,    1588,    22506,    000h 00m 01.588s,    000h 00m 22.506s
15,    1476,    23982,    000h 00m 01.476s,    000h 00m 23.982s
16,    1705,    25687,    000h 00m 01.705s,    000h 00m 25.687s
17,    1594,    27281,    000h 00m 01.594s,    000h 00m 27.281s
18,    1526,    28807,    000h 00m 01.526s,    000h 00m 28.807s
19,    1589,    30396,    000h 00m 01.589s,    000h 00m 30.396s
20,    1519,    31915,    000h 00m 01.519s,    000h 00m 31.915s
21,    1675,    33590,    000h 00m 01.675s,    000h 00m 33.590s
22,    1739,    35329,    000h 00m 01.739s,    000h 00m 35.329s
23,    1470,    36799,    000h 00m 01.470s,    000h 00m 36.799s
24,    1700,    38499,    000h 00m 01.700s,    000h 00m 38.499s
25,    1686,    40185,    000h 00m 01.686s,    000h 00m 40.185s
26,    1508,    41693,    000h 00m 01.508s,    000h 00m 41.693s
27,    1632,    43325,    000h 00m 01.632s,    000h 00m 43.325s
28,    1428,    44753,    000h 00m 01.428s,    000h 00m 44.753s
29,    1735,    46488,    000h 00m 01.735s,    000h 00m 46.488s
30,    1502,    47990,    000h 00m 01.502s,    000h 00m 47.990s
31,    1710,    49700,    000h 00m 01.710s,    000h 00m 49.700s
32,    1608,    51308,    000h 00m 01.608s,    000h 00m 51.308s
33,    1679,    52987,    000h 00m 01.679s,    000h 00m 52.987s
34,    1488,    54475,    000h 00m 01.488s,    000h 00m 54.475s
35,    1455,    55930,    000h 00m 01.455s,    000h 00m 55.930s
36,    1633,    57563,    000h 00m 01.633s,    000h 00m 57.563s
37,    1676,    59239,    000h 00m 01.676s,    000h 00m 59.239s
38,    1495,    60734,    000h 00m 01.495s,    000h 01m 00.734s
39,    1479,    62213,    000h 00m 01.479s,    000h 01m 02.213s
40,    1448,    63661,    000h 00m 01.448s,    000h 01m 03.661s
41,    1689,    65350,    000h 00m 01.689s,    000h 01m 05.350s
42,    1703,    67053,    000h 00m 01.703s,    000h 01m 07.053s
43,    1659,    68712,    000h 00m 01.659s,    000h 01m 08.712s
44,    1726,    70438,    000h 00m 01.726s,    000h 01m 10.438s
45,    1598,    72036,    000h 00m 01.598s,    000h 01m 12.036s
46,    1695,    73731,    000h 00m 01.695s,    000h 01m 13.731s
47,    1569,    75300,    000h 00m 01.569s,    000h 01m 15.300s
48,    1502,    76802,    000h 00m 01.502s,    000h 01m 16.802s
49,    1477,    78279,    000h 00m 01.477s,    000h 01m 18.279s
50,    1707,    79986,    000h 00m 01.707s,    000h 01m 19.986s
51,    1728,    81714,    000h 00m 01.728s,    000h 01m 21.714s
52,    1639,    83353,    000h 00m 01.639s,    000h 01m 23.353s
53,    1560,    84913,    000h 00m 01.560s,    000h 01m 24.913s
54,    1624,    86537,    000h 00m 01.624s,    000h 01m 26.537s
55,    1646,    88183,    000h 00m 01.646s,    000h 01m 28.183s
56,    1388,    89571,    000h 00m 01.388s,    000h 01m 29.571s
57,    1638,    91209,    000h 00m 01.638s,    000h 01m 31.209s
58,    1659,    92868,    000h 00m 01.659s,    000h 01m 32.868s
59,    1406,    94274,    000h 00m 01.406s,    000h 01m 34.274s
60,    1632,    95906,    000h 00m 01.632s,    000h 01m 35.906s
61,    1478,    97384,    000h 00m 01.478s,    000h 01m 37.384s
62,    1640,    99024,    000h 00m 01.640s,    000h 01m 39.024s
63,    1678,    100702,    000h 00m 01.678s,    000h 01m 40.702s
64,    1722,    102424,    000h 00m 01.722s,    000h 01m 42.424s
65,    1687,    104111,    000h 00m 01.687s,    000h 01m 44.111s
66,    1470,    105581,    000h 00m 01.470s,    000h 01m 45.581s
67,    1596,    107177,    000h 00m 01.596s,    000h 01m 47.177s
68,    1467,    108644,    000h 00m 01.467s,    000h 01m 48.644s
69,    1443,    110087,    000h 00m 01.443s,    000h 01m 50.087s
70,    1657,    111744,    000h 00m 01.657s,    000h 01m 51.744s
71,    1615,    113359,    000h 00m 01.615s,    000h 01m 53.359s
72,    1518,    114877,    000h 00m 01.518s,    000h 01m 54.877s
73,    1492,    116369,    000h 00m 01.492s,    000h 01m 56.369s
74,    1438,    117807,    000h 00m 01.438s,    000h 01m 57.807s
75,    1540,    119347,    000h 00m 01.540s,    000h 01m 59.347s
76,    1751,    121098,    000h 00m 01.751s,    000h 02m 01.098s
77,    1458,    122556,    000h 00m 01.458s,    000h 02m 02.556s
78,    1567,    124123,    000h 00m 01.567s,    000h 02m 04.123s
79,    1682,    125805,    000h 00m 01.682s,    000h 02m 05.805s
80,    1537,    127342,    000h 00m 01.537s,    000h 02m 07.342s
81,    1381,    128723,    000h 00m 01.381s,    000h 02m 08.723s
82,    1621,    130344,    000h 00m 01.621s,    000h 02m 10.344s
83,    1667,    132011,    000h 00m 01.667s,    000h 02m 12.011s
84,    1667,    133678,    000h 00m 01.667s,    000h 02m 13.678s
85,    1429,    135107,    000h 00m 01.429s,    000h 02m 15.107s
86,    1661,    136768,    000h 00m 01.661s,    000h 02m 16.768s
87,    1502,    138270,    000h 00m 01.502s,    000h 02m 18.270s
88,    1663,    139933,    000h 00m 01.663s,    000h 02m 19.933s
89,    1530,    141463,    000h 00m 01.530s,    000h 02m 21.463s
90,    1623,    143086,    000h 00m 01.623s,    000h 02m 23.086s
91,    1688,    144774,    000h 00m 01.688s,    000h 02m 24.774s
92,    1440,    146214,    000h 00m 01.440s,    000h 02m 26.214s
93,    1634,    147848,    000h 00m 01.634s,    000h 02m 27.848s
94,    1494,    149342,    000h 00m 01.494s,    000h 02m 29.342s
95,    1626,    150968,    000h 00m 01.626s,    000h 02m 30.968s
96,    1525,    152493,    000h 00m 01.525s,    000h 02m 32.493s
97,    1683,    154176,    000h 00m 01.683s,    000h 02m 34.176s
98,    1404,    155580,    000h 00m 01.404s,    000h 02m 35.580s
99,    1644,    157224,    000h 00m 01.644s,    000h 02m 37.224s
100,    1655,    158879,    000h 00m 01.655s,    000h 02m 38.879s
101,    1445,    160324,    000h 00m 01.445s,    000h 02m 40.324s
102,    1646,    161970,    000h 00m 01.646s,    000h 02m 41.970s
103,    1465,    163435,    000h 00m 01.465s,    000h 02m 43.435s
104,    1446,    164881,    000h 00m 01.446s,    000h 02m 44.881s
105,    1492,    166373,    000h 00m 01.492s,    000h 02m 46.373s
106,    1517,    167890,    000h 00m 01.517s,    000h 02m 47.890s
107,    1488,    169378,    000h 00m 01.488s,    000h 02m 49.378s
108,    1638,    171016,    000h 00m 01.638s,    000h 02m 51.016s
109,    1453,    172469,    000h 00m 01.453s,    000h 02m 52.469s
110,    1467,    173936,    000h 00m 01.467s,    000h 02m 53.936s
111,    1660,    175596,    000h 00m 01.660s,    000h 02m 55.596s
112,    1611,    177207,    000h 00m 01.611s,    000h 02m 57.207s
113,    1520,    178727,    000h 00m 01.520s,    000h 02m 58.727s
114,    1629,    180356,    000h 00m 01.629s,    000h 03m 00.356s
115,    1633,    181989,    000h 00m 01.633s,    000h 03m 01.989s
116,    1537,    183526,    000h 00m 01.537s,    000h 03m 03.526s
117,    1577,    185103,    000h 00m 01.577s,    000h 03m 05.103s
118,    1456,    186559,    000h 00m 01.456s,    000h 03m 06.559s
119,    1534,    188093,    000h 00m 01.534s,    000h 03m 08.093s
120,    1430,    189523,    000h 00m 01.430s,    000h 03m 09.523s
121,    1456,    190979,    000h 00m 01.456s,    000h 03m 10.979s
122,    1487,    192466,    000h 00m 01.487s,    000h 03m 12.466s
123,    1627,    194093,    000h 00m 01.627s,    000h 03m 14.093s
124,    1537,    195630,    000h 00m 01.537s,    000h 03m 15.630s
125,    1672,    197302,    000h 00m 01.672s,    000h 03m 17.302s
126,    1719,    199021,    000h 00m 01.719s,    000h 03m 19.021s
127,    1656,    200677,    000h 00m 01.656s,    000h 03m 20.677s
128,    1650,    202327,    000h 00m 01.650s,    000h 03m 22.327s
129,    1517,    203844,    000h 00m 01.517s,    000h 03m 23.844s
130,    1570,    205414,    000h 00m 01.570s,    000h 03m 25.414s
131,    1599,    207013,    000h 00m 01.599s,    000h 03m 27.013s
132,    1548,    208561,    000h 00m 01.548s,    000h 03m 28.561s
133,    1513,    210074,    000h 00m 01.513s,    000h 03m 30.074s
134,    1712,    211786,    000h 00m 01.712s,    000h 03m 31.786s
135,    1512,    213298,    000h 00m 01.512s,    000h 03m 33.298s
136,    1744,    215042,    000h 00m 01.744s,    000h 03m 35.042s
137,    1572,    216614,    000h 00m 01.572s,    000h 03m 36.614s
138,    1563,    218177,    000h 00m 01.563s,    000h 03m 38.177s
139,    1590,    219767,    000h 00m 01.590s,    000h 03m 39.767s
140,    1653,    221420,    000h 00m 01.653s,    000h 03m 41.420s
141,    1593,    223013,    000h 00m 01.593s,    000h 03m 43.013s
142,    1573,    224586,    000h 00m 01.573s,    000h 03m 44.586s
143,    1600,    226186,    000h 00m 01.600s,    000h 03m 46.186s
144,    1489,    227675,    000h 00m 01.489s,    000h 03m 47.675s
145,    1538,    229213,    000h 00m 01.538s,    000h 03m 49.213s
146,    1546,    230759,    000h 00m 01.546s,    000h 03m 50.759s
147,    1586,    232345,    000h 00m 01.586s,    000h 03m 52.345s
148,    1423,    233768,    000h 00m 01.423s,    000h 03m 53.768s
149,    1402,    235170,    000h 00m 01.402s,    000h 03m 55.170s
150,    1617,    236787,    000h 00m 01.617s,    000h 03m 56.787s
151,    1445,    238232,    000h 00m 01.445s,    000h 03m 58.232s
152,    1425,    239657,    000h 00m 01.425s,    000h 03m 59.657s
153,    1562,    241219,    000h 00m 01.562s,    000h 04m 01.219s
154,    1409,    242628,    000h 00m 01.409s,    000h 04m 02.628s
155,    1393,    244021,    000h 00m 01.393s,    000h 04m 04.021s
156,    1446,    245467,    000h 00m 01.446s,    000h 04m 05.467s
157,    1554,    247021,    000h 00m 01.554s,    000h 04m 07.021s
158,    1697,    248718,    000h 00m 01.697s,    000h 04m 08.718s
159,    1668,    250386,    000h 00m 01.668s,    000h 04m 10.386s
160,    1434,    251820,    000h 00m 01.434s,    000h 04m 11.820s
161,    1667,    253487,    000h 00m 01.667s,    000h 04m 13.487s
162,    1410,    254897,    000h 00m 01.410s,    000h 04m 14.897s
163,    1532,    256429,    000h 00m 01.532s,    000h 04m 16.429s
164,    1627,    258056,    000h 00m 01.627s,    000h 04m 18.056s
165,    1502,    259558,    000h 00m 01.502s,    000h 04m 19.558s
166,    1731,    261289,    000h 00m 01.731s,    000h 04m 21.289s
167,    1708,    262997,    000h 00m 01.708s,    000h 04m 22.997s
168,    1671,    264668,    000h 00m 01.671s,    000h 04m 24.668s
169,    1577,    266245,    000h 00m 01.577s,    000h 04m 26.245s
170,    1735,    267980,    000h 00m 01.735s,    000h 04m 27.980s
171,    1543,    269523,    000h 00m 01.543s,    000h 04m 29.523s
172,    1547,    271070,    000h 00m 01.547s,    000h 04m 31.070s
173,    1636,    272706,    000h 00m 01.636s,    000h 04m 32.706s
174,    1643,    274349,    000h 00m 01.643s,    000h 04m 34.349s
175,    1511,    275860,    000h 00m 01.511s,    000h 04m 35.860s
176,    1554,    277414,    000h 00m 01.554s,    000h 04m 37.414s
177,    1657,    279071,    000h 00m 01.657s,    000h 04m 39.071s
178,    1706,    280777,    000h 00m 01.706s,    000h 04m 40.777s
179,    1548,    282325,    000h 00m 01.548s,    000h 04m 42.325s
180,    1478,    283803,    000h 00m 01.478s,    000h 04m 43.803s
181,    1591,    285394,    000h 00m 01.591s,    000h 04m 45.394s
182,    1670,    287064,    000h 00m 01.670s,    000h 04m 47.064s
183,    1719,    288783,    000h 00m 01.719s,    000h 04m 48.783s
184,    1640,    290423,    000h 00m 01.640s,    000h 04m 50.423s
185,    1630,    292053,    000h 00m 01.630s,    000h 04m 52.053s
186,    1507,    293560,    000h 00m 01.507s,    000h 04m 53.560s
187,    1737,    295297,    000h 00m 01.737s,    000h 04m 55.297s
188,    1620,    296917,    000h 00m 01.620s,    000h 04m 56.917s
189,    1528,    298445,    000h 00m 01.528s,    000h 04m 58.445s
190,    1459,    299904,    000h 00m 01.459s,    000h 04m 59.904s
191,    1535,    301439,    000h 00m 01.535s,    000h 05m 01.439s
192,    1658,    303097,    000h 00m 01.658s,    000h 05m 03.097s
193,    1492,    304589,    000h 00m 01.492s,    000h 05m 04.589s
194,    1484,    306073,    000h 00m 01.484s,    000h 05m 06.073s
195,    1641,    307714,    000h 00m 01.641s,    000h 05m 07.714s
196,    1465,    309179,    000h 00m 01.465s,    000h 05m 09.179s
197,    1608,    310787,    000h 00m 01.608s,    000h 05m 10.787s
198,    1662,    312449,    000h 00m 01.662s,    000h 05m 12.449s
199,    1694,    314143,    000h 00m 01.694s,    000h 05m 14.143s
200,    1540,    315683,    000h 00m 01.540s,    000h 05m 15.683s
201,    1534,    317217,    000h 00m 01.534s,    000h 05m 17.217s
202,    1709,    318926,    000h 00m 01.709s,    000h 05m 18.926s
203,    1480,    320406,    000h 00m 01.480s,    000h 05m 20.406s
204,    1525,    321931,    000h 00m 01.525s,    000h 05m 21.931s
205,    1647,    323578,    000h 00m 01.647s,    000h 05m 23.578s
206,    1631,    325209,    000h 00m 01.631s,    000h 05m 25.209s
207,    1648,    326857,    000h 00m 01.648s,    000h 05m 26.857s
208,    1518,    328375,    000h 00m 01.518s,    000h 05m 28.375s
209,    1417,    329792,    000h 00m 01.417s,    000h 05m 29.792s
210,    1444,    331236,    000h 00m 01.444s,    000h 05m 31.236s
211,    1484,    332720,    000h 00m 01.484s,    000h 05m 32.720s
212,    1592,    334312,    000h 00m 01.592s,    000h 05m 34.312s
213,    1709,    336021,    000h 00m 01.709s,    000h 05m 36.021s
214,    1526,    337547,    000h 00m 01.526s,    000h 05m 37.547s
215,    1655,    339202,    000h 00m 01.655s,    000h 05m 39.202s
216,    1459,    340661,    000h 00m 01.459s,    000h 05m 40.661s
217,    1707,    342368,    000h 00m 01.707s,    000h 05m 42.368s
218,    1473,    343841,    000h 00m 01.473s,    000h 05m 43.841s
219,    1532,    345373,    000h 00m 01.532s,    000h 05m 45.373s
220,    1652,    347025,    000h 00m 01.652s,    000h 05m 47.025s
221,    1504,    348529,    000h 00m 01.504s,    000h 05m 48.529s
222,    1441,    349970,    000h 00m 01.441s,    000h 05m 49.970s
223,    1594,    351564,    000h 00m 01.594s,    000h 05m 51.564s
224,    1428,    352992,    000h 00m 01.428s,    000h 05m 52.992s
225,    1447,    354439,    000h 00m 01.447s,    000h 05m 54.439s
226,    1521,    355960,    000h 00m 01.521s,    000h 05m 55.960s
227,    1684,    357644,    000h 00m 01.684s,    000h 05m 57.644s
228,    1657,    359301,    000h 00m 01.657s,    000h 05m 59.301s
229,    1645,    360946,    000h 00m 01.645s,    000h 06m 00.946s
230,    1643,    362589,    000h 00m 01.643s,    000h 06m 02.589s
231,    1517,    364106,    000h 00m 01.517s,    000h 06m 04.106s
232,    1728,    365834,    000h 00m 01.728s,    000h 06m 05.834s
233,    1462,    367296,    000h 00m 01.462s,    000h 06m 07.296s
234,    1721,    369017,    000h 00m 01.721s,    000h 06m 09.017s
235,    1517,    370534,    000h 00m 01.517s,    000h 06m 10.534s
236,    1468,    372002,    000h 00m 01.468s,    000h 06m 12.002s
237,    1419,    373421,    000h 00m 01.419s,    000h 06m 13.421s
238,    1398,    374819,    000h 00m 01.398s,    000h 06m 14.819s
239,    1452,    376271,    000h 00m 01.452s,    000h 06m 16.271s
240,    1566,    377837,    000h 00m 01.566s,    000h 06m 17.837s
241,    1688,    379525,    000h 00m 01.688s,    000h 06m 19.525s
242,    1472,    380997,    000h 00m 01.472s,    000h 06m 20.997s
243,    1508,    382505,    000h 00m 01.508s,    000h 06m 22.505s
244,    1521,    384026,    000h 00m 01.521s,    000h 06m 24.026s
245,    1477,    385503,    000h 00m 01.477s,    000h 06m 25.503s
246,    1617,    387120,    000h 00m 01.617s,    000h 06m 27.120s
247,    1723,    388843,    000h 00m 01.723s,    000h 06m 28.843s
248,    1634,    390477,    000h 00m 01.634s,    000h 06m 30.477s
249,    1615,    392092,    000h 00m 01.615s,    000h 06m 32.092s
250,    1753,    393845,    000h 00m 01.753s,    000h 06m 33.845s
251,    1507,    395352,    000h 00m 01.507s,    000h 06m 35.352s
252,    1511,    396863,    000h 00m 01.511s,    000h 06m 36.863s
253,    1508,    398371,    000h 00m 01.508s,    000h 06m 38.371s
254,    1468,    399839,    000h 00m 01.468s,    000h 06m 39.839s
255,    1417,    401256,    000h 00m 01.417s,    000h 06m 41.256s
256,    1572,    402828,    000h 00m 01.572s,    000h 06m 42.828s
257,    1703,    404531,    000h 00m 01.703s,    000h 06m 44.531s
258,    1666,    406197,    000h 00m 01.666s,    000h 06m 46.197s
259,    1690,    407887,    000h 00m 01.690s,    000h 06m 47.887s
260,    1643,    409530,    000h 00m 01.643s,    000h 06m 49.530s
261,    1445,    410975,    000h 00m 01.445s,    000h 06m 50.975s
262,    1687,    412662,    000h 00m 01.687s,    000h 06m 52.662s
263,    1630,    414292,    000h 00m 01.630s,    000h 06m 54.292s
264,    1563,    415855,    000h 00m 01.563s,    000h 06m 55.855s
265,    1677,    417532,    000h 00m 01.677s,    000h 06m 57.532s
266,    1453,    418985,    000h 00m 01.453s,    000h 06m 58.985s
267,    1485,    420470,    000h 00m 01.485s,    000h 07m 00.470s
268,    1558,    422028,    000h 00m 01.558s,    000h 07m 02.028s
269,    1525,    423553,    000h 00m 01.525s,    000h 07m 03.553s
270,    1701,    425254,    000h 00m 01.701s,    000h 07m 05.254s
271,    1666,    426920,    000h 00m 01.666s,    000h 07m 06.920s
272,    1598,    428518,    000h 00m 01.598s,    000h 07m 08.518s
273,    1574,    430092,    000h 00m 01.574s,    000h 07m 10.092s
274,    1665,    431757,    000h 00m 01.665s,    000h 07m 11.757s
275,    1522,    433279,    000h 00m 01.522s,    000h 07m 13.279s
276,    1476,    434755,    000h 00m 01.476s,    000h 07m 14.755s
277,    1578,    436333,    000h 00m 01.578s,    000h 07m 16.333s
278,    1458,    437791,    000h 00m 01.458s,    000h 07m 17.791s
279,    1650,    439441,    000h 00m 01.650s,    000h 07m 19.441s
280,    1515,    440956,    000h 00m 01.515s,    000h 07m 20.956s
281,    1692,    442648,    000h 00m 01.692s,    000h 07m 22.648s
282,    1734,    444382,    000h 00m 01.734s,    000h 07m 24.382s
283,    1531,    445913,    000h 00m 01.531s,    000h 07m 25.913s
284,    1592,    447505,    000h 00m 01.592s,    000h 07m 27.505s
285,    1472,    448977,    000h 00m 01.472s,    000h 07m 28.977s
286,    1498,    450475,    000h 00m 01.498s,    000h 07m 30.475s
287,    1587,    452062,    000h 00m 01.587s,    000h 07m 32.062s
288,    1427,    453489,    000h 00m 01.427s,    000h 07m 33.489s
289,    1417,    454906,    000h 00m 01.417s,    000h 07m 34.906s
290,    1407,    456313,    000h 00m 01.407s,    000h 07m 36.313s
291,    1486,    457799,    000h 00m 01.486s,    000h 07m 37.799s
292,    1639,    459438,    000h 00m 01.639s,    000h 07m 39.438s
293,    1484,    460922,    000h 00m 01.484s,    000h 07m 40.922s
294,    1472,    462394,    000h 00m 01.472s,    000h 07m 42.394s
295,    1434,    463828,    000h 00m 01.434s,    000h 07m 43.828s
296,    1633,    465461,    000h 00m 01.633s,    000h 07m 45.461s
297,    1625,    467086,    000h 00m 01.625s,    000h 07m 47.086s
298,    1693,    468779,    000h 00m 01.693s,    000h 07m 48.779s
299,    1475,    470254,    000h 00m 01.475s,    000h 07m 50.254s
300,    1624,    471878,    000h 00m 01.624s,    000h 07m 51.878s
301,    1516,    473394,    000h 00m 01.516s,    000h 07m 53.394s
302,    1734,    475128,    000h 00m 01.734s,    000h 07m 55.128s
303,    1398,    476526,    000h 00m 01.398s,    000h 07m 56.526s
304,    1506,    478032,    000h 00m 01.506s,    000h 07m 58.032s
305,    1523,    479555,    000h 00m 01.523s,    000h 07m 59.555s
306,    1599,    481154,    000h 00m 01.599s,    000h 08m 01.154s
307,    1582,    482736,    000h 00m 01.582s,    000h 08m 02.736s
308,    1657,    484393,    000h 00m 01.657s,    000h 08m 04.393s
309,    1501,    485894,    000h 00m 01.501s,    000h 08m 05.894s
310,    1462,    487356,    000h 00m 01.462s,    000h 08m 07.356s
311,    1565,    488921,    000h 00m 01.565s,    000h 08m 08.921s
312,    1547,    490468,    000h 00m 01.547s,    000h 08m 10.468s
313,    1568,    492036,    000h 00m 01.568s,    000h 08m 12.036s
314,    1696,    493732,    000h 00m 01.696s,    000h 08m 13.732s
315,    1693,    495425,    000h 00m 01.693s,    000h 08m 15.425s
316,    1692,    497117,    000h 00m 01.692s,    000h 08m 17.117s
317,    1560,    498677,    000h 00m 01.560s,    000h 08m 18.677s
318,    1504,    500181,    000h 00m 01.504s,    000h 08m 20.181s
319,    1569,    501750,    000h 00m 01.569s,    000h 08m 21.750s
320,    1645,    503395,    000h 00m 01.645s,    000h 08m 23.395s
321,    1511,    504906,    000h 00m 01.511s,    000h 08m 24.906s
322,    1694,    506600,    000h 00m 01.694s,    000h 08m 26.600s
323,    1457,    508057,    000h 00m 01.457s,    000h 08m 28.057s
324,    1649,    509706,    000h 00m 01.649s,    000h 08m 29.706s
325,    1634,    511340,    000h 00m 01.634s,    000h 08m 31.340s
326,    1603,    512943,    000h 00m 01.603s,    000h 08m 32.943s
327,    1571,    514514,    000h 00m 01.571s,    000h 08m 34.514s
328,    1563,    516077,    000h 00m 01.563s,    000h 08m 36.077s
329,    1667,    517744,    000h 00m 01.667s,    000h 08m 37.744s
330,    1711,    519455,    000h 00m 01.711s,    000h 08m 39.455s
331,    1528,    520983,    000h 00m 01.528s,    000h 08m 40.983s
332,    1643,    522626,    000h 00m 01.643s,    000h 08m 42.626s
333,    1636,    524262,    000h 00m 01.636s,    000h 08m 44.262s
334,    1481,    525743,    000h 00m 01.481s,    000h 08m 45.743s
335,    1514,    527257,    000h 00m 01.514s,    000h 08m 47.257s
336,    1641,    528898,    000h 00m 01.641s,    000h 08m 48.898s
337,    1660,    530558,    000h 00m 01.660s,    000h 08m 50.558s
338,    1500,    532058,    000h 00m 01.500s,    000h 08m 52.058s
339,    1455,    533513,    000h 00m 01.455s,    000h 08m 53.513s
340,    1560,    535073,    000h 00m 01.560s,    000h 08m 55.073s
341,    1633,    536706,    000h 00m 01.633s,    000h 08m 56.706s
342,    1598,    538304,    000h 00m 01.598s,    000h 08m 58.304s
343,    1489,    539793,    000h 00m 01.489s,    000h 08m 59.793s
344,    1449,    541242,    000h 00m 01.449s,    000h 09m 01.242s
345,    1612,    542854,    000h 00m 01.612s,    000h 09m 02.854s
346,    1491,    544345,    000h 00m 01.491s,    000h 09m 04.345s
347,    1609,    545954,    000h 00m 01.609s,    000h 09m 05.954s
348,    1558,    547512,    000h 00m 01.558s,    000h 09m 07.512s
349,    1488,    549000,    000h 00m 01.488s,    000h 09m 09.000s
350,    1484,    550484,    000h 00m 01.484s,    000h 09m 10.484s
351,    1505,    551989,    000h 00m 01.505s,    000h 09m 11.989s
352,    1494,    553483,    000h 00m 01.494s,    000h 09m 13.483s
353,    1704,    555187,    000h 00m 01.704s,    000h 09m 15.187s
354,    1556,    556743,    000h 00m 01.556s,    000h 09m 16.743s
355,    1649,    558392,    000h 00m 01.649s,    000h 09m 18.392s
356,    1675,    560067,    000h 00m 01.675s,    000h 09m 20.067s
357,    1455,    561522,    000h 00m 01.455s,    000h 09m 21.522s
358,    1672,    563194,    000h 00m 01.672s,    000h 09m 23.194s
359,    1557,    564751,    000h 00m 01.557s,    000h 09m 24.751s
360,    1618,    566369,    000h 00m 01.618s,    000h 09m 26.369s
361,    1612,    567981,    000h 00m 01.612s,    000h 09m 27.981s
362,    1614,    569595,    000h 00m 01.614s,    000h 09m 29.595s
363,    1432,    571027,    000h 00m 01.432s,    000h 09m 31.027s
364,    1499,    572526,    000h 00m 01.499s,    000h 09m 32.526s
365,    1665,    574191,    000h 00m 01.665s,    000h 09m 34.191s
366,    1628,    575819,    000h 00m 01.628s,    000h 09m 35.819s
367,    1453,    577272,    000h 00m 01.453s,    000h 09m 37.272s
368,    1439,    578711,    000h 00m 01.439s,    000h 09m 38.711s
369,    1584,    580295,    000h 00m 01.584s,    000h 09m 40.295s
370,    1415,    581710,    000h 00m 01.415s,    000h 09m 41.710s
371,    1437,    583147,    000h 00m 01.437s,    000h 09m 43.147s
372,    1700,    584847,    000h 00m 01.700s,    000h 09m 44.847s
373,    1664,    586511,    000h 00m 01.664s,    000h 09m 46.511s
374,    1642,    588153,    000h 00m 01.642s,    000h 09m 48.153s
375,    1592,    589745,    000h 00m 01.592s,    000h 09m 49.745s
376,    1867,    591612,    000h 00m 01.867s,    000h 09m 51.612s
377,    1811,    593423,    000h 00m 01.811s,    000h 09m 53.423s
378,    1798,    595221,    000h 00m 01.798s,    000h 09m 55.221s
379,    1600,    596821,    000h 00m 01.600s,    000h 09m 56.821s
380,    1468,    598289,    000h 00m 01.468s,    000h 09m 58.289s
381,    1616,    599905,    000h 00m 01.616s,    000h 09m 59.905s
382,    1499,    601404,    000h 00m 01.499s,    000h 10m 01.404s
383,    1713,    603117,    000h 00m 01.713s,    000h 10m 03.117s
384,    1594,    604711,    000h 00m 01.594s,    000h 10m 04.711s
385,    1472,    606183,    000h 00m 01.472s,    000h 10m 06.183s
386,    1635,    607818,    000h 00m 01.635s,    000h 10m 07.818s
387,    1558,    609376,    000h 00m 01.558s,    000h 10m 09.376s
388,    1495,    610871,    000h 00m 01.495s,    000h 10m 10.871s
389,    1738,    612609,    000h 00m 01.738s,    000h 10m 12.609s
390,    1512,    614121,    000h 00m 01.512s,    000h 10m 14.121s
391,    1731,    615852,    000h 00m 01.731s,    000h 10m 15.852s
392,    1499,    617351,    000h 00m 01.499s,    000h 10m 17.351s
393,    1627,    618978,    000h 00m 01.627s,    000h 10m 18.978s
394,    1562,    620540,    000h 00m 01.562s,    000h 10m 20.540s
395,    1623,    622163,    000h 00m 01.623s,    000h 10m 22.163s
396,    1696,    623859,    000h 00m 01.696s,    000h 10m 23.859s
397,    1630,    625489,    000h 00m 01.630s,    000h 10m 25.489s
398,    1510,    626999,    000h 00m 01.510s,    000h 10m 26.999s
399,    1730,    628729,    000h 00m 01.730s,    000h 10m 28.729s
400,    1466,    630195,    000h 00m 01.466s,    000h 10m 30.195s
401,    1648,    631843,    000h 00m 01.648s,    000h 10m 31.843s
402,    1650,    633493,    000h 00m 01.650s,    000h 10m 33.493s
403,    1689,    635182,    000h 00m 01.689s,    000h 10m 35.182s
404,    1558,    636740,    000h 00m 01.558s,    000h 10m 36.740s
405,    1619,    638359,    000h 00m 01.619s,    000h 10m 38.359s
406,    1443,    639802,    000h 00m 01.443s,    000h 10m 39.802s
407,    1450,    641252,    000h 00m 01.450s,    000h 10m 41.252s
408,    1679,    642931,    000h 00m 01.679s,    000h 10m 42.931s
409,    1516,    644447,    000h 00m 01.516s,    000h 10m 44.447s
410,    1550,    645997,    000h 00m 01.550s,    000h 10m 45.997s
411,    1729,    647726,    000h 00m 01.729s,    000h 10m 47.726s
412,    1526,    649252,    000h 00m 01.526s,    000h 10m 49.252s
413,    1500,    650752,    000h 00m 01.500s,    000h 10m 50.752s
414,    1748,    652500,    000h 00m 01.748s,    000h 10m 52.500s
415,    1659,    654159,    000h 00m 01.659s,    000h 10m 54.159s
416,    1729,    655888,    000h 00m 01.729s,    000h 10m 55.888s
417,    1676,    657564,    000h 00m 01.676s,    000h 10m 57.564s
418,    1606,    659170,    000h 00m 01.606s,    000h 10m 59.170s
419,    1646,    660816,    000h 00m 01.646s,    000h 11m 00.816s
420,    1600,    662416,    000h 00m 01.600s,    000h 11m 02.416s
421,    1521,    663937,    000h 00m 01.521s,    000h 11m 03.937s
422,    1564,    665501,    000h 00m 01.564s,    000h 11m 05.501s
423,    1672,    667173,    000h 00m 01.672s,    000h 11m 07.173s
424,    1639,    668812,    000h 00m 01.639s,    000h 11m 08.812s
425,    1620,    670432,    000h 00m 01.620s,    000h 11m 10.432s
426,    1736,    672168,    000h 00m 01.736s,    000h 11m 12.168s
427,    1475,    673643,    000h 00m 01.475s,    000h 11m 13.643s
428,    1590,    675233,    000h 00m 01.590s,    000h 11m 15.233s
429,    1501,    676734,    000h 00m 01.501s,    000h 11m 16.734s
430,    1486,    678220,    000h 00m 01.486s,    000h 11m 18.220s
431,    1651,    679871,    000h 00m 01.651s,    000h 11m 19.871s
432,    1623,    681494,    000h 00m 01.623s,    000h 11m 21.494s
433,    1614,    683108,    000h 00m 01.614s,    000h 11m 23.108s
434,    1460,    684568,    000h 00m 01.460s,    000h 11m 24.568s
435,    1461,    686029,    000h 00m 01.461s,    000h 11m 26.029s
436,    1667,    687696,    000h 00m 01.667s,    000h 11m 27.696s
437,    1500,    689196,    000h 00m 01.500s,    000h 11m 29.196s
438,    1596,    690792,    000h 00m 01.596s,    000h 11m 30.792s
439,    1631,    692423,    000h 00m 01.631s,    000h 11m 32.423s
440,    1463,    693886,    000h 00m 01.463s,    000h 11m 33.886s
441,    1579,    695465,    000h 00m 01.579s,    000h 11m 35.465s
442,    1666,    697131,    000h 00m 01.666s,    000h 11m 37.131s
443,    1449,    698580,    000h 00m 01.449s,    000h 11m 38.580s
444,    1634,    700214,    000h 00m 01.634s,    000h 11m 40.214s
445,    1588,    701802,    000h 00m 01.588s,    000h 11m 41.802s
446,    1677,    703479,    000h 00m 01.677s,    000h 11m 43.479s
447,    1504,    704983,    000h 00m 01.504s,    000h 11m 44.983s
448,    1524,    706507,    000h 00m 01.524s,    000h 11m 46.507s
449,    1555,    708062,    000h 00m 01.555s,    000h 11m 48.062s
450,    1430,    709492,    000h 00m 01.430s,    000h 11m 49.492s
451,    1444,    710936,    000h 00m 01.444s,    000h 11m 50.936s
452,    1460,    712396,    000h 00m 01.460s,    000h 11m 52.396s
453,    1734,    714130,    000h 00m 01.734s,    000h 11m 54.130s
454,    1619,    715749,    000h 00m 01.619s,    000h 11m 55.749s
455,    1651,    717400,    000h 00m 01.651s,    000h 11m 57.400s
456,    1451,    718851,    000h 00m 01.451s,    000h 11m 58.851s
457,    1600,    720451,    000h 00m 01.600s,    000h 12m 00.451s
458,    1450,    721901,    000h 00m 01.450s,    000h 12m 01.901s
459,    1481,    723382,    000h 00m 01.481s,    000h 12m 03.382s
460,    1695,    725077,    000h 00m 01.695s,    000h 12m 05.077s
461,    1489,    726566,    000h 00m 01.489s,    000h 12m 06.566s
462,    1501,    728067,    000h 00m 01.501s,    000h 12m 08.067s
463,    1548,    729615,    000h 00m 01.548s,    000h 12m 09.615s
464,    1685,    731300,    000h 00m 01.685s,    000h 12m 11.300s
465,    1753,    733053,    000h 00m 01.753s,    000h 12m 13.053s
466,    1541,    734594,    000h 00m 01.541s,    000h 12m 14.594s
467,    1704,    736298,    000h 00m 01.704s,    000h 12m 16.298s
468,    1568,    737866,    000h 00m 01.568s,    000h 12m 17.866s
469,    1590,    739456,    000h 00m 01.590s,    000h 12m 19.456s
470,    1442,    740898,    000h 00m 01.442s,    000h 12m 20.898s
471,    1531,    742429,    000h 00m 01.531s,    000h 12m 22.429s
472,    1433,    743862,    000h 00m 01.433s,    000h 12m 23.862s
473,    1501,    745363,    000h 00m 01.501s,    000h 12m 25.363s
474,    1446,    746809,    000h 00m 01.446s,    000h 12m 26.809s
475,    1464,    748273,    000h 00m 01.464s,    000h 12m 28.273s
476,    1640,    749913,    000h 00m 01.640s,    000h 12m 29.913s
477,    1493,    751406,    000h 00m 01.493s,    000h 12m 31.406s
478,    1578,    752984,    000h 00m 01.578s,    000h 12m 32.984s
479,    1400,    754384,    000h 00m 01.400s,    000h 12m 34.384s
480,    1468,    755852,    000h 00m 01.468s,    000h 12m 35.852s
481,    1750,    757602,    000h 00m 01.750s,    000h 12m 37.602s
482,    1709,    759311,    000h 00m 01.709s,    000h 12m 39.311s
483,    1598,    760909,    000h 00m 01.598s,    000h 12m 40.909s
484,    1490,    762399,    000h 00m 01.490s,    000h 12m 42.399s
485,    1529,    763928,    000h 00m 01.529s,    000h 12m 43.928s
486,    1473,    765401,    000h 00m 01.473s,    000h 12m 45.401s
487,    1621,    767022,    000h 00m 01.621s,    000h 12m 47.022s
488,    1428,    768450,    000h 00m 01.428s,    000h 12m 48.450s
489,    1631,    770081,    000h 00m 01.631s,    000h 12m 50.081s
490,    1671,    771752,    000h 00m 01.671s,    000h 12m 51.752s
491,    1670,    773422,    000h 00m 01.670s,    000h 12m 53.422s
492,    1543,    774965,    000h 00m 01.543s,    000h 12m 54.965s
493,    1621,    776586,    000h 00m 01.621s,    000h 12m 56.586s
494,    1438,    778024,    000h 00m 01.438s,    000h 12m 58.024s
495,    1524,    779548,    000h 00m 01.524s,    000h 12m 59.548s
496,    1713,    781261,    000h 00m 01.713s,    000h 13m 01.261s
497,    1483,    782744,    000h 00m 01.483s,    000h 13m 02.744s
498,    1723,    784467,    000h 00m 01.723s,    000h 13m 04.467s
499,    1533,    786000,    000h 00m 01.533s,    000h 13m 06.000s
500,    1488,    787488,    000h 00m 01.488s,    000h 13m 07.488s
501,    1722,    789210,    000h 00m 01.722s,    000h 13m 09.210s
502,    1748,    790958,    000h 00m 01.748s,    000h 13m 10.958s
503,    1699,    792657,    000h 00m 01.699s,    000h 13m 12.657s
504,    1575,    794232,    000h 00m 01.575s,    000h 13m 14.232s
505,    1484,    795716,    000h 00m 01.484s,    000h 13m 15.716s
506,    1731,    797447,    000h 00m 01.731s,    000h 13m 17.447s
507,    1680,    799127,    000h 00m 01.680s,    000h 13m 19.127s
508,    1609,    800736,    000h 00m 01.609s,    000h 13m 20.736s
509,    1620,    802356,    000h 00m 01.620s,    000h 13m 22.356s
510,    1535,    803891,    000h 00m 01.535s,    000h 13m 23.891s
511,    1679,    805570,    000h 00m 01.679s,    000h 13m 25.570s
512,    1650,    807220,    000h 00m 01.650s,    000h 13m 27.220s
513,    1726,    808946,    000h 00m 01.726s,    000h 13m 28.946s
514,    1621,    810567,    000h 00m 01.621s,    000h 13m 30.567s
515,    1664,    812231,    000h 00m 01.664s,    000h 13m 32.231s
516,    1427,    813658,    000h 00m 01.427s,    000h 13m 33.658s
517,    1528,    815186,    000h 00m 01.528s,    000h 13m 35.186s
518,    1489,    816675,    000h 00m 01.489s,    000h 13m 36.675s
519,    1475,    818150,    000h 00m 01.475s,    000h 13m 38.150s
520,    1566,    819716,    000h 00m 01.566s,    000h 13m 39.716s
521,    1718,    821434,    000h 00m 01.718s,    000h 13m 41.434s
522,    1715,    823149,    000h 00m 01.715s,    000h 13m 43.149s
523,    1717,    824866,    000h 00m 01.717s,    000h 13m 44.866s
524,    1541,    826407,    000h 00m 01.541s,    000h 13m 46.407s
525,    1446,    827853,    000h 00m 01.446s,    000h 13m 47.853s
526,    1553,    829406,    000h 00m 01.553s,    000h 13m 49.406s
527,    1589,    830995,    000h 00m 01.589s,    000h 13m 50.995s
528,    1531,    832526,    000h 00m 01.531s,    000h 13m 52.526s
529,    1707,    834233,    000h 00m 01.707s,    000h 13m 54.233s
530,    1751,    835984,    000h 00m 01.751s,    000h 13m 55.984s
531,    1525,    837509,    000h 00m 01.525s,    000h 13m 57.509s
532,    1475,    838984,    000h 00m 01.475s,    000h 13m 58.984s
533,    1506,    840490,    000h 00m 01.506s,    000h 14m 00.490s
534,    1522,    842012,    000h 00m 01.522s,    000h 14m 02.012s
535,    1480,    843492,    000h 00m 01.480s,    000h 14m 03.492s
536,    1646,    845138,    000h 00m 01.646s,    000h 14m 05.138s
537,    1705,    846843,    000h 00m 01.705s,    000h 14m 06.843s
538,    1701,    848544,    000h 00m 01.701s,    000h 14m 08.544s
539,    1463,    850007,    000h 00m 01.463s,    000h 14m 10.007s
540,    1723,    851730,    000h 00m 01.723s,    000h 14m 11.730s
541,    1637,    853367,    000h 00m 01.637s,    000h 14m 13.367s
542,    1519,    854886,    000h 00m 01.519s,    000h 14m 14.886s
543,    1669,    856555,    000h 00m 01.669s,    000h 14m 16.555s
544,    1531,    858086,    000h 00m 01.531s,    000h 14m 18.086s
545,    1561,    859647,    000h 00m 01.561s,    000h 14m 19.647s
546,    1690,    861337,    000h 00m 01.690s,    000h 14m 21.337s
547,    1573,    862910,    000h 00m 01.573s,    000h 14m 22.910s
548,    1698,    864608,    000h 00m 01.698s,    000h 14m 24.608s
549,    1734,    866342,    000h 00m 01.734s,    000h 14m 26.342s
550,    1583,    867925,    000h 00m 01.583s,    000h 14m 27.925s
551,    1684,    869609,    000h 00m 01.684s,    000h 14m 29.609s
552,    1534,    871143,    000h 00m 01.534s,    000h 14m 31.143s
553,    1687,    872830,    000h 00m 01.687s,    000h 14m 32.830s
554,    1665,    874495,    000h 00m 01.665s,    000h 14m 34.495s
555,    1702,    876197,    000h 00m 01.702s,    000h 14m 36.197s
556,    1596,    877793,    000h 00m 01.596s,    000h 14m 37.793s
557,    1719,    879512,    000h 00m 01.719s,    000h 14m 39.512s
558,    1501,    881013,    000h 00m 01.501s,    000h 14m 41.013s
559,    1753,    882766,    000h 00m 01.753s,    000h 14m 42.766s
560,    1648,    884414,    000h 00m 01.648s,    000h 14m 44.414s
561,    1728,    886142,    000h 00m 01.728s,    000h 14m 46.142s
562,    1702,    887844,    000h 00m 01.702s,    000h 14m 47.844s
563,    1520,    889364,    000h 00m 01.520s,    000h 14m 49.364s
564,    1661,    891025,    000h 00m 01.661s,    000h 14m 51.025s
565,    1644,    892669,    000h 00m 01.644s,    000h 14m 52.669s
566,    1466,    894135,    000h 00m 01.466s,    000h 14m 54.135s
567,    1727,    895862,    000h 00m 01.727s,    000h 14m 55.862s
568,    1477,    897339,    000h 00m 01.477s,    000h 14m 57.339s
569,    1710,    899049,    000h 00m 01.710s,    000h 14m 59.049s
570,    1392,    900441,    000h 00m 01.392s,    000h 15m 00.441s
571,    1735,    902176,    000h 00m 01.735s,    000h 15m 02.176s
572,    1472,    903648,    000h 00m 01.472s,    000h 15m 03.648s
573,    1493,    905141,    000h 00m 01.493s,    000h 15m 05.141s
574,    1540,    906681,    000h 00m 01.540s,    000h 15m 06.681s
575,    1623,    908304,    000h 00m 01.623s,    000h 15m 08.304s
576,    1537,    909841,    000h 00m 01.537s,    000h 15m 09.841s
577,    1399,    911240,    000h 00m 01.399s,    000h 15m 11.240s
578,    1649,    912889,    000h 00m 01.649s,    000h 15m 12.889s
579,    1586,    914475,    000h 00m 01.586s,    000h 15m 14.475s
580,    1633,    916108,    000h 00m 01.633s,    000h 15m 16.108s
581,    1448,    917556,    000h 00m 01.448s,    000h 15m 17.556s
582,    1711,    919267,    000h 00m 01.711s,    000h 15m 19.267s
583,    1497,    920764,    000h 00m 01.497s,    000h 15m 20.764s
584,    1689,    922453,    000h 00m 01.689s,    000h 15m 22.453s
585,    1724,    924177,    000h 00m 01.724s,    000h 15m 24.177s
586,    1446,    925623,    000h 00m 01.446s,    000h 15m 25.623s
587,    1635,    927258,    000h 00m 01.635s,    000h 15m 27.258s
588,    1489,    928747,    000h 00m 01.489s,    000h 15m 28.747s
589,    1697,    930444,    000h 00m 01.697s,    000h 15m 30.444s
590,    1519,    931963,    000h 00m 01.519s,    000h 15m 31.963s
591,    1518,    933481,    000h 00m 01.518s,    000h 15m 33.481s
592,    1596,    935077,    000h 00m 01.596s,    000h 15m 35.077s
593,    1704,    936781,    000h 00m 01.704s,    000h 15m 36.781s
594,    1386,    938167,    000h 00m 01.386s,    000h 15m 38.167s
595,    1492,    939659,    000h 00m 01.492s,    000h 15m 39.659s
596,    1645,    941304,    000h 00m 01.645s,    000h 15m 41.304s
597,    1718,    943022,    000h 00m 01.718s,    000h 15m 43.022s
598,    1516,    944538,    000h 00m 01.516s,    000h 15m 44.538s
599,    1579,    946117,    000h 00m 01.579s,    000h 15m 46.117s
600,    1606,    947723,    000h 00m 01.606s,    000h 15m 47.723s
601,    1661,    949384,    000h 00m 01.661s,    000h 15m 49.384s
602,    1695,    951079,    000h 00m 01.695s,    000h 15m 51.079s
603,    1575,    952654,    000h 00m 01.575s,    000h 15m 52.654s
604,    1559,    954213,    000h 00m 01.559s,    000h 15m 54.213s
605,    1541,    955754,    000h 00m 01.541s,    000h 15m 55.754s
606,    1690,    957444,    000h 00m 01.690s,    000h 15m 57.444s
607,    1496,    958940,    000h 00m 01.496s,    000h 15m 58.940s
608,    1427,    960367,    000h 00m 01.427s,    000h 16m 00.367s
609,    1464,    961831,    000h 00m 01.464s,    000h 16m 01.831s
610,    1690,    963521,    000h 00m 01.690s,    000h 16m 03.521s
611,    1689,    965210,    000h 00m 01.689s,    000h 16m 05.210s
612,    1466,    966676,    000h 00m 01.466s,    000h 16m 06.676s
613,    1630,    968306,    000h 00m 01.630s,    000h 16m 08.306s
614,    1437,    969743,    000h 00m 01.437s,    000h 16m 09.743s
615,    1620,    971363,    000h 00m 01.620s,    000h 16m 11.363s
616,    1673,    973036,    000h 00m 01.673s,    000h 16m 13.036s
617,    1657,    974693,    000h 00m 01.657s,    000h 16m 14.693s
618,    1634,    976327,    000h 00m 01.634s,    000h 16m 16.327s
619,    1700,    978027,    000h 00m 01.700s,    000h 16m 18.027s
620,    1735,    979762,    000h 00m 01.735s,    000h 16m 19.762s
621,    1563,    981325,    000h 00m 01.563s,    000h 16m 21.325s
622,    1692,    983017,    000h 00m 01.692s,    000h 16m 23.017s
623,    1684,    984701,    000h 00m 01.684s,    000h 16m 24.701s
624,    1560,    986261,    000h 00m 01.560s,    000h 16m 26.261s
625,    1469,    987730,    000h 00m 01.469s,    000h 16m 27.730s
626,    1636,    989366,    000h 00m 01.636s,    000h 16m 29.366s
627,    1535,    990901,    000h 00m 01.535s,    000h 16m 30.901s
628,    1613,    992514,    000h 00m 01.613s,    000h 16m 32.514s
629,    1578,    994092,    000h 00m 01.578s,    000h 16m 34.092s
630,    1659,    995751,    000h 00m 01.659s,    000h 16m 35.751s
631,    1672,    997423,    000h 00m 01.672s,    000h 16m 37.423s
632,    1541,    998964,    000h 00m 01.541s,    000h 16m 38.964s
633,    1699,    1000663,    000h 00m 01.699s,    000h 16m 40.663s
634,    1683,    1002346,    000h 00m 01.683s,    000h 16m 42.346s
635,    1450,    1003796,    000h 00m 01.450s,    000h 16m 43.796s
636,    1572,    1005368,    000h 00m 01.572s,    000h 16m 45.368s
637,    1669,    1007037,    000h 00m 01.669s,    000h 16m 47.037s
638,    1441,    1008478,    000h 00m 01.441s,    000h 16m 48.478s
639,    1447,    1009925,    000h 00m 01.447s,    000h 16m 49.925s
640,    1638,    1011563,    000h 00m 01.638s,    000h 16m 51.563s
641,    1614,    1013177,    000h 00m 01.614s,    000h 16m 53.177s
642,    1733,    1014910,    000h 00m 01.733s,    000h 16m 54.910s
643,    1719,    1016629,    000h 00m 01.719s,    000h 16m 56.629s
644,    1555,    1018184,    000h 00m 01.555s,    000h 16m 58.184s
645,    1636,    1019820,    000h 00m 01.636s,    000h 16m 59.820s
646,    1447,    1021267,    000h 00m 01.447s,    000h 17m 01.267s
647,    1547,    1022814,    000h 00m 01.547s,    000h 17m 02.814s
648,    1600,    1024414,    000h 00m 01.600s,    000h 17m 04.414s
649,    1568,    1025982,    000h 00m 01.568s,    000h 17m 05.982s
650,    1655,    1027637,    000h 00m 01.655s,    000h 17m 07.637s
651,    1502,    1029139,    000h 00m 01.502s,    000h 17m 09.139s
652,    1502,    1030641,    000h 00m 01.502s,    000h 17m 10.641s
653,    1586,    1032227,    000h 00m 01.586s,    000h 17m 12.227s
654,    1625,    1033852,    000h 00m 01.625s,    000h 17m 13.852s
655,    1438,    1035290,    000h 00m 01.438s,    000h 17m 15.290s
656,    1602,    1036892,    000h 00m 01.602s,    000h 17m 16.892s
657,    1674,    1038566,    000h 00m 01.674s,    000h 17m 18.566s
658,    1638,    1040204,    000h 00m 01.638s,    000h 17m 20.204s
659,    1626,    1041830,    000h 00m 01.626s,    000h 17m 21.830s
660,    1579,    1043409,    000h 00m 01.579s,    000h 17m 23.409s
661,    1473,    1044882,    000h 00m 01.473s,    000h 17m 24.882s
662,    1451,    1046333,    000h 00m 01.451s,    000h 17m 26.333s
663,    1507,    1047840,    000h 00m 01.507s,    000h 17m 27.840s
664,    1600,    1049440,    000h 00m 01.600s,    000h 17m 29.440s
665,    1397,    1050837,    000h 00m 01.397s,    000h 17m 30.837s
666,    1466,    1052303,    000h 00m 01.466s,    000h 17m 32.303s
667,    1540,    1053843,    000h 00m 01.540s,    000h 17m 33.843s
668,    1460,    1055303,    000h 00m 01.460s,    000h 17m 35.303s
669,    1659,    1056962,    000h 00m 01.659s,    000h 17m 36.962s
670,    1472,    1058434,    000h 00m 01.472s,    000h 17m 38.434s
671,    1681,    1060115,    000h 00m 01.681s,    000h 17m 40.115s
672,    1664,    1061779,    000h 00m 01.664s,    000h 17m 41.779s
673,    1460,    1063239,    000h 00m 01.460s,    000h 17m 43.239s
674,    1725,    1064964,    000h 00m 01.725s,    000h 17m 44.964s
675,    1692,    1066656,    000h 00m 01.692s,    000h 17m 46.656s
676,    1695,    1068351,    000h 00m 01.695s,    000h 17m 48.351s
677,    1467,    1069818,    000h 00m 01.467s,    000h 17m 49.818s
678,    1717,    1071535,    000h 00m 01.717s,    000h 17m 51.535s
679,    1553,    1073088,    000h 00m 01.553s,    000h 17m 53.088s
680,    1448,    1074536,    000h 00m 01.448s,    000h 17m 54.536s
681,    1489,    1076025,    000h 00m 01.489s,    000h 17m 56.025s
682,    1679,    1077704,    000h 00m 01.679s,    000h 17m 57.704s
683,    1450,    1079154,    000h 00m 01.450s,    000h 17m 59.154s
684,    1706,    1080860,    000h 00m 01.706s,    000h 18m 00.860s
685,    1563,    1082423,    000h 00m 01.563s,    000h 18m 02.423s
686,    1627,    1084050,    000h 00m 01.627s,    000h 18m 04.050s
687,    1756,    1085806,    000h 00m 01.756s,    000h 18m 05.806s
688,    1729,    1087535,    000h 00m 01.729s,    000h 18m 07.535s
689,    1549,    1089084,    000h 00m 01.549s,    000h 18m 09.084s
690,    1433,    1090517,    000h 00m 01.433s,    000h 18m 10.517s
691,    1383,    1091900,    000h 00m 01.383s,    000h 18m 11.900s
692,    1517,    1093417,    000h 00m 01.517s,    000h 18m 13.417s
693,    1470,    1094887,    000h 00m 01.470s,    000h 18m 14.887s
694,    1643,    1096530,    000h 00m 01.643s,    000h 18m 16.530s
695,    1475,    1098005,    000h 00m 01.475s,    000h 18m 18.005s
696,    1598,    1099603,    000h 00m 01.598s,    000h 18m 19.603s
697,    1584,    1101187,    000h 00m 01.584s,    000h 18m 21.187s
698,    1636,    1102823,    000h 00m 01.636s,    000h 18m 22.823s
699,    1529,    1104352,    000h 00m 01.529s,    000h 18m 24.352s
700,    1496,    1105848,    000h 00m 01.496s,    000h 18m 25.848s
701,    1495,    1107343,    000h 00m 01.495s,    000h 18m 27.343s
702,    1627,    1108970,    000h 00m 01.627s,    000h 18m 28.970s
703,    1672,    1110642,    000h 00m 01.672s,    000h 18m 30.642s
704,    1661,    1112303,    000h 00m 01.661s,    000h 18m 32.303s
705,    1475,    1113778,    000h 00m 01.475s,    000h 18m 33.778s
706,    1445,    1115223,    000h 00m 01.445s,    000h 18m 35.223s
707,    1479,    1116702,    000h 00m 01.479s,    000h 18m 36.702s
708,    1576,    1118278,    000h 00m 01.576s,    000h 18m 38.278s
709,    1624,    1119902,    000h 00m 01.624s,    000h 18m 39.902s
710,    1547,    1121449,    000h 00m 01.547s,    000h 18m 41.449s
711,    1642,    1123091,    000h 00m 01.642s,    000h 18m 43.091s
712,    1531,    1124622,    000h 00m 01.531s,    000h 18m 44.622s
713,    1429,    1126051,    000h 00m 01.429s,    000h 18m 46.051s
714,    1399,    1127450,    000h 00m 01.399s,    000h 18m 47.450s
715,    1534,    1128984,    000h 00m 01.534s,    000h 18m 48.984s
716,    1531,    1130515,    000h 00m 01.531s,    000h 18m 50.515s
717,    1424,    1131939,    000h 00m 01.424s,    000h 18m 51.939s
718,    1436,    1133375,    000h 00m 01.436s,    000h 18m 53.375s
719,    1546,    1134921,    000h 00m 01.546s,    000h 18m 54.921s
720,    1703,    1136624,    000h 00m 01.703s,    000h 18m 56.624s
721,    1522,    1138146,    000h 00m 01.522s,    000h 18m 58.146s
722,    1559,    1139705,    000h 00m 01.559s,    000h 18m 59.705s
723,    1590,    1141295,    000h 00m 01.590s,    000h 19m 01.295s
724,    1489,    1142784,    000h 00m 01.489s,    000h 19m 02.784s
725,    1525,    1144309,    000h 00m 01.525s,    000h 19m 04.309s
726,    1500,    1145809,    000h 00m 01.500s,    000h 19m 05.809s
727,    1427,    1147236,    000h 00m 01.427s,    000h 19m 07.236s
728,    1586,    1148822,    000h 00m 01.586s,    000h 19m 08.822s
729,    1717,    1150539,    000h 00m 01.717s,    000h 19m 10.539s
730,    1451,    1151990,    000h 00m 01.451s,    000h 19m 11.990s
731,    1692,    1153682,    000h 00m 01.692s,    000h 19m 13.682s
732,    1720,    1155402,    000h 00m 01.720s,    000h 19m 15.402s
733,    1688,    1157090,    000h 00m 01.688s,    000h 19m 17.090s
734,    1716,    1158806,    000h 00m 01.716s,    000h 19m 18.806s
735,    1671,    1160477,    000h 00m 01.671s,    000h 19m 20.477s
736,    1680,    1162157,    000h 00m 01.680s,    000h 19m 22.157s
737,    1463,    1163620,    000h 00m 01.463s,    000h 19m 23.620s
738,    1592,    1165212,    000h 00m 01.592s,    000h 19m 25.212s
739,    1670,    1166882,    000h 00m 01.670s,    000h 19m 26.882s
740,    1502,    1168384,    000h 00m 01.502s,    000h 19m 28.384s
741,    1631,    1170015,    000h 00m 01.631s,    000h 19m 30.015s
742,    1542,    1171557,    000h 00m 01.542s,    000h 19m 31.557s
743,    1451,    1173008,    000h 00m 01.451s,    000h 19m 33.008s
744,    1655,    1174663,    000h 00m 01.655s,    000h 19m 34.663s
745,    1605,    1176268,    000h 00m 01.605s,    000h 19m 36.268s
746,    1532,    1177800,    000h 00m 01.532s,    000h 19m 37.800s
747,    1521,    1179321,    000h 00m 01.521s,    000h 19m 39.321s
748,    1729,    1181050,    000h 00m 01.729s,    000h 19m 41.050s
749,    1560,    1182610,    000h 00m 01.560s,    000h 19m 42.610s
750,    1651,    1184261,    000h 00m 01.651s,    000h 19m 44.261s
751,    1470,    1185731,    000h 00m 01.470s,    000h 19m 45.731s
752,    1467,    1187198,    000h 00m 01.467s,    000h 19m 47.198s
753,    1566,    1188764,    000h 00m 01.566s,    000h 19m 48.764s
754,    1625,    1190389,    000h 00m 01.625s,    000h 19m 50.389s
755,    1603,    1191992,    000h 00m 01.603s,    000h 19m 51.992s
756,    1697,    1193689,    000h 00m 01.697s,    000h 19m 53.689s
757,    1531,    1195220,    000h 00m 01.531s,    000h 19m 55.220s
758,    1547,    1196767,    000h 00m 01.547s,    000h 19m 56.767s
759,    1441,    1198208,    000h 00m 01.441s,    000h 19m 58.208s
760,    1689,    1199897,    000h 00m 01.689s,    000h 19m 59.897s
761,    1754,    1201651,    000h 00m 01.754s,    000h 20m 01.651s
762,    1670,    1203321,    000h 00m 01.670s,    000h 20m 03.321s
763,    1682,    1205003,    000h 00m 01.682s,    000h 20m 05.003s
764,    1417,    1206420,    000h 00m 01.417s,    000h 20m 06.420s
765,    1566,    1207986,    000h 00m 01.566s,    000h 20m 07.986s
766,    1424,    1209410,    000h 00m 01.424s,    000h 20m 09.410s
767,    1660,    1211070,    000h 00m 01.660s,    000h 20m 11.070s
768,    1417,    1212487,    000h 00m 01.417s,    000h 20m 12.487s
769,    1662,    1214149,    000h 00m 01.662s,    000h 20m 14.149s
770,    1615,    1215764,    000h 00m 01.615s,    000h 20m 15.764s
771,    1699,    1217463,    000h 00m 01.699s,    000h 20m 17.463s
772,    1465,    1218928,    000h 00m 01.465s,    000h 20m 18.928s
773,    1684,    1220612,    000h 00m 01.684s,    000h 20m 20.612s
774,    1586,    1222198,    000h 00m 01.586s,    000h 20m 22.198s
775,    1542,    1223740,    000h 00m 01.542s,    000h 20m 23.740s
776,    1512,    1225252,    000h 00m 01.512s,    000h 20m 25.252s
777,    1439,    1226691,    000h 00m 01.439s,    000h 20m 26.691s
778,    1514,    1228205,    000h 00m 01.514s,    000h 20m 28.205s
779,    1471,    1229676,    000h 00m 01.471s,    000h 20m 29.676s
780,    1659,    1231335,    000h 00m 01.659s,    000h 20m 31.335s
781,    1548,    1232883,    000h 00m 01.548s,    000h 20m 32.883s
782,    1665,    1234548,    000h 00m 01.665s,    000h 20m 34.548s
783,    1658,    1236206,    000h 00m 01.658s,    000h 20m 36.206s
784,    1641,    1237847,    000h 00m 01.641s,    000h 20m 37.847s
785,    1452,    1239299,    000h 00m 01.452s,    000h 20m 39.299s
786,    1589,    1240888,    000h 00m 01.589s,    000h 20m 40.888s
787,    1627,    1242515,    000h 00m 01.627s,    000h 20m 42.515s
788,    1414,    1243929,    000h 00m 01.414s,    000h 20m 43.929s
789,    1596,    1245525,    000h 00m 01.596s,    000h 20m 45.525s
790,    1476,    1247001,    000h 00m 01.476s,    000h 20m 47.001s
791,    1662,    1248663,    000h 00m 01.662s,    000h 20m 48.663s
792,    1672,    1250335,    000h 00m 01.672s,    000h 20m 50.335s
793,    1623,    1251958,    000h 00m 01.623s,    000h 20m 51.958s
794,    1628,    1253586,    000h 00m 01.628s,    000h 20m 53.586s
795,    1582,    1255168,    000h 00m 01.582s,    000h 20m 55.168s
796,    1606,    1256774,    000h 00m 01.606s,    000h 20m 56.774s
797,    1427,    1258201,    000h 00m 01.427s,    000h 20m 58.201s
798,    1723,    1259924,    000h 00m 01.723s,    000h 20m 59.924s
799,    1522,    1261446,    000h 00m 01.522s,    000h 21m 01.446s
800,    1626,    1263072,    000h 00m 01.626s,    000h 21m 03.072s
801,    1600,    1264672,    000h 00m 01.600s,    000h 21m 04.672s
802,    1476,    1266148,    000h 00m 01.476s,    000h 21m 06.148s
803,    1544,    1267692,    000h 00m 01.544s,    000h 21m 07.692s
804,    1690,    1269382,    000h 00m 01.690s,    000h 21m 09.382s
805,    1486,    1270868,    000h 00m 01.486s,    000h 21m 10.868s
806,    1511,    1272379,    000h 00m 01.511s,    000h 21m 12.379s
807,    1546,    1273925,    000h 00m 01.546s,    000h 21m 13.925s
808,    1633,    1275558,    000h 00m 01.633s,    000h 21m 15.558s
809,    1558,    1277116,    000h 00m 01.558s,    000h 21m 17.116s
810,    1699,    1278815,    000h 00m 01.699s,    000h 21m 18.815s
811,    1554,    1280369,    000h 00m 01.554s,    000h 21m 20.369s
812,    1464,    1281833,    000h 00m 01.464s,    000h 21m 21.833s
813,    1511,    1283344,    000h 00m 01.511s,    000h 21m 23.344s
814,    1490,    1284834,    000h 00m 01.490s,    000h 21m 24.834s
815,    1454,    1286288,    000h 00m 01.454s,    000h 21m 26.288s
816,    1437,    1287725,    000h 00m 01.437s,    000h 21m 27.725s
817,    1578,    1289303,    000h 00m 01.578s,    000h 21m 29.303s
818,    1477,    1290780,    000h 00m 01.477s,    000h 21m 30.780s
819,    1678,    1292458,    000h 00m 01.678s,    000h 21m 32.458s
820,    1566,    1294024,    000h 00m 01.566s,    000h 21m 34.024s
821,    1455,    1295479,    000h 00m 01.455s,    000h 21m 35.479s
822,    1611,    1297090,    000h 00m 01.611s,    000h 21m 37.090s
823,    1695,    1298785,    000h 00m 01.695s,    000h 21m 38.785s
824,    1626,    1300411,    000h 00m 01.626s,    000h 21m 40.411s
825,    1644,    1302055,    000h 00m 01.644s,    000h 21m 42.055s
826,    1572,    1303627,    000h 00m 01.572s,    000h 21m 43.627s
827,    1495,    1305122,    000h 00m 01.495s,    000h 21m 45.122s
828,    1636,    1306758,    000h 00m 01.636s,    000h 21m 46.758s
829,    1706,    1308464,    000h 00m 01.706s,    000h 21m 48.464s
830,    1675,    1310139,    000h 00m 01.675s,    000h 21m 50.139s
831,    1679,    1311818,    000h 00m 01.679s,    000h 21m 51.818s
832,    1515,    1313333,    000h 00m 01.515s,    000h 21m 53.333s
833,    1744,    1315077,    000h 00m 01.744s,    000h 21m 55.077s
834,    1686,    1316763,    000h 00m 01.686s,    000h 21m 56.763s
835,    1500,    1318263,    000h 00m 01.500s,    000h 21m 58.263s
836,    1443,    1319706,    000h 00m 01.443s,    000h 21m 59.706s
837,    1400,    1321106,    000h 00m 01.400s,    000h 22m 01.106s
838,    1446,    1322552,    000h 00m 01.446s,    000h 22m 02.552s
839,    1371,    1323923,    000h 00m 01.371s,    000h 22m 03.923s
840,    1482,    1325405,    000h 00m 01.482s,    000h 22m 05.405s
841,    1536,    1326941,    000h 00m 01.536s,    000h 22m 06.941s
842,    1673,    1328614,    000h 00m 01.673s,    000h 22m 08.614s
843,    1480,    1330094,    000h 00m 01.480s,    000h 22m 10.094s
844,    1565,    1331659,    000h 00m 01.565s,    000h 22m 11.659s
845,    1443,    1333102,    000h 00m 01.443s,    000h 22m 13.102s
846,    1706,    1334808,    000h 00m 01.706s,    000h 22m 14.808s
847,    1509,    1336317,    000h 00m 01.509s,    000h 22m 16.317s
848,    1679,    1337996,    000h 00m 01.679s,    000h 22m 17.996s
849,    1458,    1339454,    000h 00m 01.458s,    000h 22m 19.454s
850,    1650,    1341104,    000h 00m 01.650s,    000h 22m 21.104s
851,    1712,    1342816,    000h 00m 01.712s,    000h 22m 22.816s
852,    1533,    1344349,    000h 00m 01.533s,    000h 22m 24.349s
853,    1561,    1345910,    000h 00m 01.561s,    000h 22m 25.910s
854,    1660,    1347570,    000h 00m 01.660s,    000h 22m 27.570s
855,    1457,    1349027,    000h 00m 01.457s,    000h 22m 29.027s
856,    1572,    1350599,    000h 00m 01.572s,    000h 22m 30.599s
857,    1748,    1352347,    000h 00m 01.748s,    000h 22m 32.347s
858,    1533,    1353880,    000h 00m 01.533s,    000h 22m 33.880s
859,    1481,    1355361,    000h 00m 01.481s,    000h 22m 35.361s
860,    1473,    1356834,    000h 00m 01.473s,    000h 22m 36.834s
861,    1667,    1358501,    000h 00m 01.667s,    000h 22m 38.501s
862,    1438,    1359939,    000h 00m 01.438s,    000h 22m 39.939s
863,    1449,    1361388,    000h 00m 01.449s,    000h 22m 41.388s
864,    1474,    1362862,    000h 00m 01.474s,    000h 22m 42.862s
865,    1483,    1364345,    000h 00m 01.483s,    000h 22m 44.345s
866,    1458,    1365803,    000h 00m 01.458s,    000h 22m 45.803s
867,    1503,    1367306,    000h 00m 01.503s,    000h 22m 47.306s
868,    1667,    1368973,    000h 00m 01.667s,    000h 22m 48.973s
869,    1592,    1370565,    000h 00m 01.592s,    000h 22m 50.565s
870,    1477,    1372042,    000h 00m 01.477s,    000h 22m 52.042s
871,    1571,    1373613,    000h 00m 01.571s,    000h 22m 53.613s
872,    1428,    1375041,    000h 00m 01.428s,    000h 22m 55.041s
873,    1621,    1376662,    000h 00m 01.621s,    000h 22m 56.662s
874,    1712,    1378374,    000h 00m 01.712s,    000h 22m 58.374s
875,    1644,    1380018,    000h 00m 01.644s,    000h 23m 00.018s
876,    1726,    1381744,    000h 00m 01.726s,    000h 23m 01.744s
877,    1584,    1383328,    000h 00m 01.584s,    000h 23m 03.328s
878,    1464,    1384792,    000h 00m 01.464s,    000h 23m 04.792s
879,    1717,    1386509,    000h 00m 01.717s,    000h 23m 06.509s
880,    1651,    1388160,    000h 00m 01.651s,    000h 23m 08.160s
881,    1430,    1389590,    000h 00m 01.430s,    000h 23m 09.590s
882,    1517,    1391107,    000h 00m 01.517s,    000h 23m 11.107s
883,    1481,    1392588,    000h 00m 01.481s,    000h 23m 12.588s
884,    1484,    1394072,    000h 00m 01.484s,    000h 23m 14.072s
885,    1471,    1395543,    000h 00m 01.471s,    000h 23m 15.543s
886,    1556,    1397099,    000h 00m 01.556s,    000h 23m 17.099s
887,    1445,    1398544,    000h 00m 01.445s,    000h 23m 18.544s
888,    1611,    1400155,    000h 00m 01.611s,    000h 23m 20.155s
889,    1702,    1401857,    000h 00m 01.702s,    000h 23m 21.857s
890,    1439,    1403296,    000h 00m 01.439s,    000h 23m 23.296s
891,    1619,    1404915,    000h 00m 01.619s,    000h 23m 24.915s
892,    1572,    1406487,    000h 00m 01.572s,    000h 23m 26.487s
893,    1700,    1408187,    000h 00m 01.700s,    000h 23m 28.187s
894,    1416,    1409603,    000h 00m 01.416s,    000h 23m 29.603s
895,    1523,    1411126,    000h 00m 01.523s,    000h 23m 31.126s
896,    1577,    1412703,    000h 00m 01.577s,    000h 23m 32.703s
897,    1471,    1414174,    000h 00m 01.471s,    000h 23m 34.174s
898,    1495,    1415669,    000h 00m 01.495s,    000h 23m 35.669s
899,    1659,    1417328,    000h 00m 01.659s,    000h 23m 37.328s
900,    1676,    1419004,    000h 00m 01.676s,    000h 23m 39.004s
901,    1426,    1420430,    000h 00m 01.426s,    000h 23m 40.430s
902,    1748,    1422178,    000h 00m 01.748s,    000h 23m 42.178s
903,    1650,    1423828,    000h 00m 01.650s,    000h 23m 43.828s
904,    1731,    1425559,    000h 00m 01.731s,    000h 23m 45.559s
905,    1599,    1427158,    000h 00m 01.599s,    000h 23m 47.158s
906,    1654,    1428812,    000h 00m 01.654s,    000h 23m 48.812s
907,    1507,    1430319,    000h 00m 01.507s,    000h 23m 50.319s
908,    1508,    1431827,    000h 00m 01.508s,    000h 23m 51.827s
909,    1626,    1433453,    000h 00m 01.626s,    000h 23m 53.453s
910,    1528,    1434981,    000h 00m 01.528s,    000h 23m 54.981s
911,    1466,    1436447,    000h 00m 01.466s,    000h 23m 56.447s
912,    1418,    1437865,    000h 00m 01.418s,    000h 23m 57.865s
913,    1647,    1439512,    000h 00m 01.647s,    000h 23m 59.512s
914,    1688,    1441200,    000h 00m 01.688s,    000h 24m 01.200s
915,    1684,    1442884,    000h 00m 01.684s,    000h 24m 02.884s
916,    1689,    1444573,    000h 00m 01.689s,    000h 24m 04.573s
917,    1611,    1446184,    000h 00m 01.611s,    000h 24m 06.184s
918,    1562,    1447746,    000h 00m 01.562s,    000h 24m 07.746s
919,    1680,    1449426,    000h 00m 01.680s,    000h 24m 09.426s
920,    1616,    1451042,    000h 00m 01.616s,    000h 24m 11.042s
921,    1435,    1452477,    000h 00m 01.435s,    000h 24m 12.477s
922,    1703,    1454180,    000h 00m 01.703s,    000h 24m 14.180s
923,    1724,    1455904,    000h 00m 01.724s,    000h 24m 15.904s
924,    1491,    1457395,    000h 00m 01.491s,    000h 24m 17.395s
925,    1750,    1459145,    000h 00m 01.750s,    000h 24m 19.145s
926,    1511,    1460656,    000h 00m 01.511s,    000h 24m 20.656s
927,    1432,    1462088,    000h 00m 01.432s,    000h 24m 22.088s
928,    1613,    1463701,    000h 00m 01.613s,    000h 24m 23.701s
929,    1622,    1465323,    000h 00m 01.622s,    000h 24m 25.323s
930,    1491,    1466814,    000h 00m 01.491s,    000h 24m 26.814s
931,    1556,    1468370,    000h 00m 01.556s,    000h 24m 28.370s
932,    1612,    1469982,    000h 00m 01.612s,    000h 24m 29.982s
933,    1446,    1471428,    000h 00m 01.446s,    000h 24m 31.428s
934,    1411,    1472839,    000h 00m 01.411s,    000h 24m 32.839s
935,    1586,    1474425,    000h 00m 01.586s,    000h 24m 34.425s
936,    1618,    1476043,    000h 00m 01.618s,    000h 24m 36.043s
937,    1728,    1477771,    000h 00m 01.728s,    000h 24m 37.771s
938,    1505,    1479276,    000h 00m 01.505s,    000h 24m 39.276s
939,    1523,    1480799,    000h 00m 01.523s,    000h 24m 40.799s
940,    1635,    1482434,    000h 00m 01.635s,    000h 24m 42.434s
941,    1551,    1483985,    000h 00m 01.551s,    000h 24m 43.985s
942,    1464,    1485449,    000h 00m 01.464s,    000h 24m 45.449s
943,    1426,    1486875,    000h 00m 01.426s,    000h 24m 46.875s
944,    1445,    1488320,    000h 00m 01.445s,    000h 24m 48.320s
945,    1616,    1489936,    000h 00m 01.616s,    000h 24m 49.936s
946,    1694,    1491630,    000h 00m 01.694s,    000h 24m 51.630s
947,    1601,    1493231,    000h 00m 01.601s,    000h 24m 53.231s
948,    1437,    1494668,    000h 00m 01.437s,    000h 24m 54.668s
949,    1618,    1496286,    000h 00m 01.618s,    000h 24m 56.286s
950,    1669,    1497955,    000h 00m 01.669s,    000h 24m 57.955s
951,    1443,    1499398,    000h 00m 01.443s,    000h 24m 59.398s
952,    1593,    1500991,    000h 00m 01.593s,    000h 25m 00.991s
953,    1600,    1502591,    000h 00m 01.600s,    000h 25m 02.591s
954,    1649,    1504240,    000h 00m 01.649s,    000h 25m 04.240s
955,    1615,    1505855,    000h 00m 01.615s,    000h 25m 05.855s
956,    1424,    1507279,    000h 00m 01.424s,    000h 25m 07.279s
957,    1759,    1509038,    000h 00m 01.759s,    000h 25m 09.038s
958,    1533,    1510571,    000h 00m 01.533s,    000h 25m 10.571s
959,    1584,    1512155,    000h 00m 01.584s,    000h 25m 12.155s
960,    1647,    1513802,    000h 00m 01.647s,    000h 25m 13.802s
961,    1511,    1515313,    000h 00m 01.511s,    000h 25m 15.313s
962,    1520,    1516833,    000h 00m 01.520s,    000h 25m 16.833s
963,    1651,    1518484,    000h 00m 01.651s,    000h 25m 18.484s
964,    1560,    1520044,    000h 00m 01.560s,    000h 25m 20.044s
965,    1511,    1521555,    000h 00m 01.511s,    000h 25m 21.555s
966,    1597,    1523152,    000h 00m 01.597s,    000h 25m 23.152s
967,    1459,    1524611,    000h 00m 01.459s,    000h 25m 24.611s
968,    1612,    1526223,    000h 00m 01.612s,    000h 25m 26.223s
969,    1462,    1527685,    000h 00m 01.462s,    000h 25m 27.685s
970,    1660,    1529345,    000h 00m 01.660s,    000h 25m 29.345s
971,    1618,    1530963,    000h 00m 01.618s,    000h 25m 30.963s
972,    1467,    1532430,    000h 00m 01.467s,    000h 25m 32.430s
973,    1666,    1534096,    000h 00m 01.666s,    000h 25m 34.096s
974,    1551,    1535647,    000h 00m 01.551s,    000h 25m 35.647s
975,    1474,    1537121,    000h 00m 01.474s,    000h 25m 37.121s
976,    1442,    1538563,    000h 00m 01.442s,    000h 25m 38.563s
977,    1714,    1540277,    000h 00m 01.714s,    000h 25m 40.277s
978,    1487,    1541764,    000h 00m 01.487s,    000h 25m 41.764s
979,    1705,    1543469,    000h 00m 01.705s,    000h 25m 43.469s
980,    1491,    1544960,    000h 00m 01.491s,    000h 25m 44.960s
981,    1451,    1546411,    000h 00m 01.451s,    000h 25m 46.411s
982,    1540,    1547951,    000h 00m 01.540s,    000h 25m 47.951s
983,    1566,    1549517,    000h 00m 01.566s,    000h 25m 49.517s
984,    1499,    1551016,    000h 00m 01.499s,    000h 25m 51.016s
985,    1501,    1552517,    000h 00m 01.501s,    000h 25m 52.517s
986,    1552,    1554069,    000h 00m 01.552s,    000h 25m 54.069s
987,    1622,    1555691,    000h 00m 01.622s,    000h 25m 55.691s
988,    1573,    1557264,    000h 00m 01.573s,    000h 25m 57.264s
989,    1528,    1558792,    000h 00m 01.528s,    000h 25m 58.792s
990,    1464,    1560256,    000h 00m 01.464s,    000h 26m 00.256s
991,    1480,    1561736,    000h 00m 01.480s,    000h 26m 01.736s
992,    1539,    1563275,    000h 00m 01.539s,    000h 26m 03.275s
993,    1617,    1564892,    000h 00m 01.617s,    000h 26m 04.892s
994,    1757,    1566649,    000h 00m 01.757s,    000h 26m 06.649s
995,    1593,    1568242,    000h 00m 01.593s,    000h 26m 08.242s
996,    1609,    1569851,    000h 00m 01.609s,    000h 26m 09.851s
997,    1708,    1571559,    000h 00m 01.708s,    000h 26m 11.559s
998,    1485,    1573044,    000h 00m 01.485s,    000h 26m 13.044s
999,    1683,    1574727,    000h 00m 01.683s,    000h 26m 14.727s
1000,    1653,    1576380,    000h 00m 01.653s,    000h 26m 16.380s
1001,    1430,    1577810,    000h 00m 01.430s,    000h 26m 17.810s
1002,    1517,    1579327,    000h 00m 01.517s,    000h 26m 19.327s
1003,    1665,    1580992,    000h 00m 01.665s,    000h 26m 20.992s
1004,    1542,    1582534,    000h 00m 01.542s,    000h 26m 22.534s
1005,    1624,    1584158,    000h 00m 01.624s,    000h 26m 24.158s
1006,    1688,    1585846,    000h 00m 01.688s,    000h 26m 25.846s
1007,    1492,    1587338,    000h 00m 01.492s,    000h 26m 27.338s
1008,    1536,    1588874,    000h 00m 01.536s,    000h 26m 28.874s
1009,    1584,    1590458,    000h 00m 01.584s,    000h 26m 30.458s
1010,    1653,    1592111,    000h 00m 01.653s,    000h 26m 32.111s
1011,    1496,    1593607,    000h 00m 01.496s,    000h 26m 33.607s
1012,    1675,    1595282,    000h 00m 01.675s,    000h 26m 35.282s
1013,    1638,    1596920,    000h 00m 01.638s,    000h 26m 36.920s
1014,    1722,    1598642,    000h 00m 01.722s,    000h 26m 38.642s
1015,    1479,    1600121,    000h 00m 01.479s,    000h 26m 40.121s
1016,    1438,    1601559,    000h 00m 01.438s,    000h 26m 41.559s
1017,    1539,    1603098,    000h 00m 01.539s,    000h 26m 43.098s
1018,    1465,    1604563,    000h 00m 01.465s,    000h 26m 44.563s
1019,    1510,    1606073,    000h 00m 01.510s,    000h 26m 46.073s
1020,    1696,    1607769,    000h 00m 01.696s,    000h 26m 47.769s
1021,    1535,    1609304,    000h 00m 01.535s,    000h 26m 49.304s
1022,    1461,    1610765,    000h 00m 01.461s,    000h 26m 50.765s
1023,    1630,    1612395,    000h 00m 01.630s,    000h 26m 52.395s
1024,    1420,    1613815,    000h 00m 01.420s,    000h 26m 53.815s
1025,    1738,    1615553,    000h 00m 01.738s,    000h 26m 55.553s
