pass,    time (ms),    total time (ms),    time,     total_time
1,    3394,    3394,    000h 00m 03.394s,    000h 00m 03.394s
2,    3385,    6779,    000h 00m 03.385s,    000h 00m 06.779s
3,    3476,    10255,    000h 00m 03.476s,    000h 00m 10.255s
4,    3439,    13694,    000h 00m 03.439s,    000h 00m 13.694s
5,    3381,    17075,    000h 00m 03.381s,    000h 00m 17.075s
6,    3412,    20487,    000h 00m 03.412s,    000h 00m 20.487s
7,    3395,    23882,    000h 00m 03.395s,    000h 00m 23.882s
8,    3384,    27266,    000h 00m 03.384s,    000h 00m 27.266s
9,    3396,    30662,    000h 00m 03.396s,    000h 00m 30.662s
10,    3389,    34051,    000h 00m 03.389s,    000h 00m 34.051s
11,    3396,    37447,    000h 00m 03.396s,    000h 00m 37.447s
12,    3412,    40859,    000h 00m 03.412s,    000h 00m 40.859s
13,    3401,    44260,    000h 00m 03.401s,    000h 00m 44.260s
14,    3390,    47650,    000h 00m 03.390s,    000h 00m 47.650s
15,    3482,    51132,    000h 00m 03.482s,    000h 00m 51.132s
16,    3378,    54510,    000h 00m 03.378s,    000h 00m 54.510s
17,    3398,    57908,    000h 00m 03.398s,    000h 00m 57.908s
18,    3400,    61308,    000h 00m 03.400s,    000h 01m 01.308s
19,    3384,    64692,    000h 00m 03.384s,    000h 01m 04.692s
20,    3386,    68078,    000h 00m 03.386s,    000h 01m 08.078s
21,    3382,    71460,    000h 00m 03.382s,    000h 01m 11.460s
22,    3377,    74837,    000h 00m 03.377s,    000h 01m 14.837s
23,    3382,    78219,    000h 00m 03.382s,    000h 01m 18.219s
24,    3375,    81594,    000h 00m 03.375s,    000h 01m 21.594s
25,    3400,    84994,    000h 00m 03.400s,    000h 01m 24.994s
26,    3414,    88408,    000h 00m 03.414s,    000h 01m 28.408s
27,    3399,    91807,    000h 00m 03.399s,    000h 01m 31.807s
28,    3409,    95216,    000h 00m 03.409s,    000h 01m 35.216s
29,    3398,    98614,    000h 00m 03.398s,    000h 01m 38.614s
30,    3393,    102007,    000h 00m 03.393s,    000h 01m 42.007s
31,    3392,    105399,    000h 00m 03.392s,    000h 01m 45.399s
32,    3384,    108783,    000h 00m 03.384s,    000h 01m 48.783s
33,    3390,    112173,    000h 00m 03.390s,    000h 01m 52.173s
34,    3387,    115560,    000h 00m 03.387s,    000h 01m 55.560s
35,    3427,    118987,    000h 00m 03.427s,    000h 01m 58.987s
36,    3393,    122380,    000h 00m 03.393s,    000h 02m 02.380s
37,    3383,    125763,    000h 00m 03.383s,    000h 02m 05.763s
38,    3381,    129144,    000h 00m 03.381s,    000h 02m 09.144s
39,    3378,    132522,    000h 00m 03.378s,    000h 02m 12.522s
40,    3398,    135920,    000h 00m 03.398s,    000h 02m 15.920s
41,    3394,    139314,    000h 00m 03.394s,    000h 02m 19.314s
42,    3393,    142707,    000h 00m 03.393s,    000h 02m 22.707s
43,    3398,    146105,    000h 00m 03.398s,    000h 02m 26.105s
44,    3380,    149485,    000h 00m 03.380s,    000h 02m 29.485s
45,    3382,    152867,    000h 00m 03.382s,    000h 02m 32.867s
46,    3374,    156241,    000h 00m 03.374s,    000h 02m 36.241s
47,    3392,    159633,    000h 00m 03.392s,    000h 02m 39.633s
48,    3375,    163008,    000h 00m 03.375s,    000h 02m 43.008s
49,    3383,    166391,    000h 00m 03.383s,    000h 02m 46.391s
50,    3383,    169774,    000h 00m 03.383s,    000h 02m 49.774s
51,    3382,    173156,    000h 00m 03.382s,    000h 02m 53.156s
52,    3393,    176549,    000h 00m 03.393s,    000h 02m 56.549s
53,    3408,    179957,    000h 00m 03.408s,    000h 02m 59.957s
54,    3388,    183345,    000h 00m 03.388s,    000h 03m 03.345s
55,    3383,    186728,    000h 00m 03.383s,    000h 03m 06.728s
56,    3400,    190128,    000h 00m 03.400s,    000h 03m 10.128s
57,    3392,    193520,    000h 00m 03.392s,    000h 03m 13.520s
58,    3420,    196940,    000h 00m 03.420s,    000h 03m 16.940s
59,    3418,    200358,    000h 00m 03.418s,    000h 03m 20.358s
60,    3389,    203747,    000h 00m 03.389s,    000h 03m 23.747s
61,    3399,    207146,    000h 00m 03.399s,    000h 03m 27.146s
62,    3387,    210533,    000h 00m 03.387s,    000h 03m 30.533s
63,    3378,    213911,    000h 00m 03.378s,    000h 03m 33.911s
64,    3393,    217304,    000h 00m 03.393s,    000h 03m 37.304s
65,    3378,    220682,    000h 00m 03.378s,    000h 03m 40.682s
66,    3386,    224068,    000h 00m 03.386s,    000h 03m 44.068s
67,    3394,    227462,    000h 00m 03.394s,    000h 03m 47.462s
68,    3383,    230845,    000h 00m 03.383s,    000h 03m 50.845s
69,    3392,    234237,    000h 00m 03.392s,    000h 03m 54.237s
70,    3399,    237636,    000h 00m 03.399s,    000h 03m 57.636s
71,    3378,    241014,    000h 00m 03.378s,    000h 04m 01.014s
72,    3386,    244400,    000h 00m 03.386s,    000h 04m 04.400s
73,    3403,    247803,    000h 00m 03.403s,    000h 04m 07.803s
74,    3391,    251194,    000h 00m 03.391s,    000h 04m 11.194s
75,    3394,    254588,    000h 00m 03.394s,    000h 04m 14.588s
76,    3400,    257988,    000h 00m 03.400s,    000h 04m 17.988s
77,    3380,    261368,    000h 00m 03.380s,    000h 04m 21.368s
78,    3384,    264752,    000h 00m 03.384s,    000h 04m 24.752s
79,    3380,    268132,    000h 00m 03.380s,    000h 04m 28.132s
80,    3398,    271530,    000h 00m 03.398s,    000h 04m 31.530s
81,    3378,    274908,    000h 00m 03.378s,    000h 04m 34.908s
82,    3384,    278292,    000h 00m 03.384s,    000h 04m 38.292s
83,    3376,    281668,    000h 00m 03.376s,    000h 04m 41.668s
84,    3373,    285041,    000h 00m 03.373s,    000h 04m 45.041s
85,    3394,    288435,    000h 00m 03.394s,    000h 04m 48.435s
86,    3394,    291829,    000h 00m 03.394s,    000h 04m 51.829s
87,    3386,    295215,    000h 00m 03.386s,    000h 04m 55.215s
88,    3420,    298635,    000h 00m 03.420s,    000h 04m 58.635s
89,    3388,    302023,    000h 00m 03.388s,    000h 05m 02.023s
90,    3390,    305413,    000h 00m 03.390s,    000h 05m 05.413s
91,    3404,    308817,    000h 00m 03.404s,    000h 05m 08.817s
92,    3390,    312207,    000h 00m 03.390s,    000h 05m 12.207s
93,    3386,    315593,    000h 00m 03.386s,    000h 05m 15.593s
94,    3391,    318984,    000h 00m 03.391s,    000h 05m 18.984s
95,    3393,    322377,    000h 00m 03.393s,    000h 05m 22.377s
96,    3380,    325757,    000h 00m 03.380s,    000h 05m 25.757s
97,    3387,    329144,    000h 00m 03.387s,    000h 05m 29.144s
98,    3382,    332526,    000h 00m 03.382s,    000h 05m 32.526s
99,    3383,    335909,    000h 00m 03.383s,    000h 05m 35.909s
100,    3386,    339295,    000h 00m 03.386s,    000h 05m 39.295s
101,    3377,    342672,    000h 00m 03.377s,    000h 05m 42.672s
102,    3385,    346057,    000h 00m 03.385s,    000h 05m 46.057s
103,    3384,    349441,    000h 00m 03.384s,    000h 05m 49.441s
104,    3391,    352832,    000h 00m 03.391s,    000h 05m 52.832s
105,    3382,    356214,    000h 00m 03.382s,    000h 05m 56.214s
106,    3406,    359620,    000h 00m 03.406s,    000h 05m 59.620s
107,    3410,    363030,    000h 00m 03.410s,    000h 06m 03.030s
108,    3391,    366421,    000h 00m 03.391s,    000h 06m 06.421s
109,    3421,    369842,    000h 00m 03.421s,    000h 06m 09.842s
110,    3398,    373240,    000h 00m 03.398s,    000h 06m 13.240s
111,    3401,    376641,    000h 00m 03.401s,    000h 06m 16.641s
112,    3380,    380021,    000h 00m 03.380s,    000h 06m 20.021s
113,    3391,    383412,    000h 00m 03.391s,    000h 06m 23.412s
114,    3385,    386797,    000h 00m 03.385s,    000h 06m 26.797s
115,    3381,    390178,    000h 00m 03.381s,    000h 06m 30.178s
116,    3379,    393557,    000h 00m 03.379s,    000h 06m 33.557s
117,    3377,    396934,    000h 00m 03.377s,    000h 06m 36.934s
118,    3379,    400313,    000h 00m 03.379s,    000h 06m 40.313s
119,    3381,    403694,    000h 00m 03.381s,    000h 06m 43.694s
120,    3395,    407089,    000h 00m 03.395s,    000h 06m 47.089s
121,    3388,    410477,    000h 00m 03.388s,    000h 06m 50.477s
122,    3413,    413890,    000h 00m 03.413s,    000h 06m 53.890s
123,    3396,    417286,    000h 00m 03.396s,    000h 06m 57.286s
124,    3394,    420680,    000h 00m 03.394s,    000h 07m 00.680s
125,    3390,    424070,    000h 00m 03.390s,    000h 07m 04.070s
126,    3388,    427458,    000h 00m 03.388s,    000h 07m 07.458s
127,    3379,    430837,    000h 00m 03.379s,    000h 07m 10.837s
128,    3385,    434222,    000h 00m 03.385s,    000h 07m 14.222s
129,    3396,    437618,    000h 00m 03.396s,    000h 07m 17.618s
130,    3378,    440996,    000h 00m 03.378s,    000h 07m 20.996s
131,    3381,    444377,    000h 00m 03.381s,    000h 07m 24.377s
132,    3383,    447760,    000h 00m 03.383s,    000h 07m 27.760s
133,    3373,    451133,    000h 00m 03.373s,    000h 07m 31.133s
134,    3373,    454506,    000h 00m 03.373s,    000h 07m 34.506s
135,    3382,    457888,    000h 00m 03.382s,    000h 07m 37.888s
136,    3387,    461275,    000h 00m 03.387s,    000h 07m 41.275s
137,    3401,    464676,    000h 00m 03.401s,    000h 07m 44.676s
138,    3411,    468087,    000h 00m 03.411s,    000h 07m 48.087s
139,    3403,    471490,    000h 00m 03.403s,    000h 07m 51.490s
140,    3367,    474857,    000h 00m 03.367s,    000h 07m 54.857s
141,    3397,    478254,    000h 00m 03.397s,    000h 07m 58.254s
142,    3378,    481632,    000h 00m 03.378s,    000h 08m 01.632s
143,    3380,    485012,    000h 00m 03.380s,    000h 08m 05.012s
144,    3391,    488403,    000h 00m 03.391s,    000h 08m 08.403s
145,    3376,    491779,    000h 00m 03.376s,    000h 08m 11.779s
146,    3377,    495156,    000h 00m 03.377s,    000h 08m 15.156s
147,    3398,    498554,    000h 00m 03.398s,    000h 08m 18.554s
148,    3387,    501941,    000h 00m 03.387s,    000h 08m 21.941s
149,    3381,    505322,    000h 00m 03.381s,    000h 08m 25.322s
150,    3375,    508697,    000h 00m 03.375s,    000h 08m 28.697s
151,    3388,    512085,    000h 00m 03.388s,    000h 08m 32.085s
152,    3387,    515472,    000h 00m 03.387s,    000h 08m 35.472s
153,    3403,    518875,    000h 00m 03.403s,    000h 08m 38.875s
154,    3390,    522265,    000h 00m 03.390s,    000h 08m 42.265s
155,    3388,    525653,    000h 00m 03.388s,    000h 08m 45.653s
156,    3382,    529035,    000h 00m 03.382s,    000h 08m 49.035s
157,    3379,    532414,    000h 00m 03.379s,    000h 08m 52.414s
158,    3372,    535786,    000h 00m 03.372s,    000h 08m 55.786s
159,    3396,    539182,    000h 00m 03.396s,    000h 08m 59.182s
160,    3394,    542576,    000h 00m 03.394s,    000h 09m 02.576s
161,    3382,    545958,    000h 00m 03.382s,    000h 09m 05.958s
162,    3385,    549343,    000h 00m 03.385s,    000h 09m 09.343s
163,    3391,    552734,    000h 00m 03.391s,    000h 09m 12.734s
164,    3390,    556124,    000h 00m 03.390s,    000h 09m 16.124s
165,    3373,    559497,    000h 00m 03.373s,    000h 09m 19.497s
166,    3378,    562875,    000h 00m 03.378s,    000h 09m 22.875s
167,    3385,    566260,    000h 00m 03.385s,    000h 09m 26.260s
168,    3387,    569647,    000h 00m 03.387s,    000h 09m 29.647s
169,    3384,    573031,    000h 00m 03.384s,    000h 09m 33.031s
170,    3394,    576425,    000h 00m 03.394s,    000h 09m 36.425s
171,    3388,    579813,    000h 00m 03.388s,    000h 09m 39.813s
172,    3385,    583198,    000h 00m 03.385s,    000h 09m 43.198s
173,    3383,    586581,    000h 00m 03.383s,    000h 09m 46.581s
174,    3389,    589970,    000h 00m 03.389s,    000h 09m 49.970s
175,    3385,    593355,    000h 00m 03.385s,    000h 09m 53.355s
176,    3392,    596747,    000h 00m 03.392s,    000h 09m 56.747s
177,    3386,    600133,    000h 00m 03.386s,    000h 10m 00.133s
178,    3379,    603512,    000h 00m 03.379s,    000h 10m 03.512s
179,    3375,    606887,    000h 00m 03.375s,    000h 10m 06.887s
180,    3384,    610271,    000h 00m 03.384s,    000h 10m 10.271s
181,    3384,    613655,    000h 00m 03.384s,    000h 10m 13.655s
182,    3385,    617040,    000h 00m 03.385s,    000h 10m 17.040s
183,    3385,    620425,    000h 00m 03.385s,    000h 10m 20.425s
184,    3379,    623804,    000h 00m 03.379s,    000h 10m 23.804s
185,    3376,    627180,    000h 00m 03.376s,    000h 10m 27.180s
186,    3395,    630575,    000h 00m 03.395s,    000h 10m 30.575s
187,    3400,    633975,    000h 00m 03.400s,    000h 10m 33.975s
188,    3391,    637366,    000h 00m 03.391s,    000h 10m 37.366s
189,    3377,    640743,    000h 00m 03.377s,    000h 10m 40.743s
190,    3379,    644122,    000h 00m 03.379s,    000h 10m 44.122s
191,    3386,    647508,    000h 00m 03.386s,    000h 10m 47.508s
192,    3386,    650894,    000h 00m 03.386s,    000h 10m 50.894s
193,    3399,    654293,    000h 00m 03.399s,    000h 10m 54.293s
194,    3403,    657696,    000h 00m 03.403s,    000h 10m 57.696s
195,    3381,    661077,    000h 00m 03.381s,    000h 11m 01.077s
196,    3384,    664461,    000h 00m 03.384s,    000h 11m 04.461s
197,    3383,    667844,    000h 00m 03.383s,    000h 11m 07.844s
198,    3382,    671226,    000h 00m 03.382s,    000h 11m 11.226s
199,    3393,    674619,    000h 00m 03.393s,    000h 11m 14.619s
200,    3386,    678005,    000h 00m 03.386s,    000h 11m 18.005s
201,    3382,    681387,    000h 00m 03.382s,    000h 11m 21.387s
202,    3372,    684759,    000h 00m 03.372s,    000h 11m 24.759s
203,    3402,    688161,    000h 00m 03.402s,    000h 11m 28.161s
204,    3409,    691570,    000h 00m 03.409s,    000h 11m 31.570s
205,    3387,    694957,    000h 00m 03.387s,    000h 11m 34.957s
206,    3380,    698337,    000h 00m 03.380s,    000h 11m 38.337s
207,    3385,    701722,    000h 00m 03.385s,    000h 11m 41.722s
208,    3385,    705107,    000h 00m 03.385s,    000h 11m 45.107s
209,    3403,    708510,    000h 00m 03.403s,    000h 11m 48.510s
210,    3382,    711892,    000h 00m 03.382s,    000h 11m 51.892s
211,    3385,    715277,    000h 00m 03.385s,    000h 11m 55.277s
212,    3400,    718677,    000h 00m 03.400s,    000h 11m 58.677s
213,    3403,    722080,    000h 00m 03.403s,    000h 12m 02.080s
214,    3381,    725461,    000h 00m 03.381s,    000h 12m 05.461s
215,    3394,    728855,    000h 00m 03.394s,    000h 12m 08.855s
216,    3387,    732242,    000h 00m 03.387s,    000h 12m 12.242s
217,    3382,    735624,    000h 00m 03.382s,    000h 12m 15.624s
218,    3444,    739068,    000h 00m 03.444s,    000h 12m 19.068s
219,    3395,    742463,    000h 00m 03.395s,    000h 12m 22.463s
220,    3381,    745844,    000h 00m 03.381s,    000h 12m 25.844s
221,    3383,    749227,    000h 00m 03.383s,    000h 12m 29.227s
222,    3385,    752612,    000h 00m 03.385s,    000h 12m 32.612s
223,    3385,    755997,    000h 00m 03.385s,    000h 12m 35.997s
224,    3392,    759389,    000h 00m 03.392s,    000h 12m 39.389s
225,    3387,    762776,    000h 00m 03.387s,    000h 12m 42.776s
226,    3389,    766165,    000h 00m 03.389s,    000h 12m 46.165s
227,    3385,    769550,    000h 00m 03.385s,    000h 12m 49.550s
228,    3384,    772934,    000h 00m 03.384s,    000h 12m 52.934s
229,    3383,    776317,    000h 00m 03.383s,    000h 12m 56.317s
230,    3397,    779714,    000h 00m 03.397s,    000h 12m 59.714s
231,    3397,    783111,    000h 00m 03.397s,    000h 13m 03.111s
232,    3381,    786492,    000h 00m 03.381s,    000h 13m 06.492s
233,    3398,    789890,    000h 00m 03.398s,    000h 13m 09.890s
234,    3404,    793294,    000h 00m 03.404s,    000h 13m 13.294s
235,    3389,    796683,    000h 00m 03.389s,    000h 13m 16.683s
236,    3387,    800070,    000h 00m 03.387s,    000h 13m 20.070s
237,    3387,    803457,    000h 00m 03.387s,    000h 13m 23.457s
238,    3379,    806836,    000h 00m 03.379s,    000h 13m 26.836s
239,    3391,    810227,    000h 00m 03.391s,    000h 13m 30.227s
240,    3382,    813609,    000h 00m 03.382s,    000h 13m 33.609s
241,    3380,    816989,    000h 00m 03.380s,    000h 13m 36.989s
242,    3383,    820372,    000h 00m 03.383s,    000h 13m 40.372s
243,    3380,    823752,    000h 00m 03.380s,    000h 13m 43.752s
244,    3380,    827132,    000h 00m 03.380s,    000h 13m 47.132s
245,    3387,    830519,    000h 00m 03.387s,    000h 13m 50.519s
246,    3385,    833904,    000h 00m 03.385s,    000h 13m 53.904s
247,    3390,    837294,    000h 00m 03.390s,    000h 13m 57.294s
248,    3386,    840680,    000h 00m 03.386s,    000h 14m 00.680s
249,    3384,    844064,    000h 00m 03.384s,    000h 14m 04.064s
250,    3382,    847446,    000h 00m 03.382s,    000h 14m 07.446s
251,    3379,    850825,    000h 00m 03.379s,    000h 14m 10.825s
252,    3384,    854209,    000h 00m 03.384s,    000h 14m 14.209s
253,    3391,    857600,    000h 00m 03.391s,    000h 14m 17.600s
254,    3405,    861005,    000h 00m 03.405s,    000h 14m 21.005s
255,    3401,    864406,    000h 00m 03.401s,    000h 14m 24.406s
256,    3387,    867793,    000h 00m 03.387s,    000h 14m 27.793s
257,    3388,    871181,    000h 00m 03.388s,    000h 14m 31.181s
258,    3400,    874581,    000h 00m 03.400s,    000h 14m 34.581s
259,    3382,    877963,    000h 00m 03.382s,    000h 14m 37.963s
260,    3385,    881348,    000h 00m 03.385s,    000h 14m 41.348s
261,    3377,    884725,    000h 00m 03.377s,    000h 14m 44.725s
262,    3390,    888115,    000h 00m 03.390s,    000h 14m 48.115s
263,    3383,    891498,    000h 00m 03.383s,    000h 14m 51.498s
264,    3382,    894880,    000h 00m 03.382s,    000h 14m 54.880s
265,    3399,    898279,    000h 00m 03.399s,    000h 14m 58.279s
266,    3404,    901683,    000h 00m 03.404s,    000h 15m 01.683s
267,    3385,    905068,    000h 00m 03.385s,    000h 15m 05.068s
268,    3389,    908457,    000h 00m 03.389s,    000h 15m 08.457s
269,    3395,    911852,    000h 00m 03.395s,    000h 15m 11.852s
270,    3381,    915233,    000h 00m 03.381s,    000h 15m 15.233s
271,    3386,    918619,    000h 00m 03.386s,    000h 15m 18.619s
272,    3380,    921999,    000h 00m 03.380s,    000h 15m 21.999s
273,    3388,    925387,    000h 00m 03.388s,    000h 15m 25.387s
274,    3385,    928772,    000h 00m 03.385s,    000h 15m 28.772s
275,    3385,    932157,    000h 00m 03.385s,    000h 15m 32.157s
276,    3388,    935545,    000h 00m 03.388s,    000h 15m 35.545s
277,    3401,    938946,    000h 00m 03.401s,    000h 15m 38.946s
278,    3391,    942337,    000h 00m 03.391s,    000h 15m 42.337s
279,    3396,    945733,    000h 00m 03.396s,    000h 15m 45.733s
280,    3394,    949127,    000h 00m 03.394s,    000h 15m 49.127s
281,    3379,    952506,    000h 00m 03.379s,    000h 15m 52.506s
282,    3387,    955893,    000h 00m 03.387s,    000h 15m 55.893s
283,    3399,    959292,    000h 00m 03.399s,    000h 15m 59.292s
284,    3384,    962676,    000h 00m 03.384s,    000h 16m 02.676s
285,    3380,    966056,    000h 00m 03.380s,    000h 16m 06.056s
286,    3383,    969439,    000h 00m 03.383s,    000h 16m 09.439s
287,    3404,    972843,    000h 00m 03.404s,    000h 16m 12.843s
288,    3389,    976232,    000h 00m 03.389s,    000h 16m 16.232s
289,    3376,    979608,    000h 00m 03.376s,    000h 16m 19.608s
290,    3374,    982982,    000h 00m 03.374s,    000h 16m 22.982s
291,    3386,    986368,    000h 00m 03.386s,    000h 16m 26.368s
292,    3383,    989751,    000h 00m 03.383s,    000h 16m 29.751s
293,    3385,    993136,    000h 00m 03.385s,    000h 16m 33.136s
294,    3389,    996525,    000h 00m 03.389s,    000h 16m 36.525s
295,    3397,    999922,    000h 00m 03.397s,    000h 16m 39.922s
296,    3399,    1003321,    000h 00m 03.399s,    000h 16m 43.321s
297,    3398,    1006719,    000h 00m 03.398s,    000h 16m 46.719s
298,    3409,    1010128,    000h 00m 03.409s,    000h 16m 50.128s
299,    3406,    1013534,    000h 00m 03.406s,    000h 16m 53.534s
300,    3393,    1016927,    000h 00m 03.393s,    000h 16m 56.927s
301,    3379,    1020306,    000h 00m 03.379s,    000h 17m 00.306s
302,    3377,    1023683,    000h 00m 03.377s,    000h 17m 03.683s
303,    3375,    1027058,    000h 00m 03.375s,    000h 17m 07.058s
304,    3388,    1030446,    000h 00m 03.388s,    000h 17m 10.446s
305,    3390,    1033836,    000h 00m 03.390s,    000h 17m 13.836s
306,    3385,    1037221,    000h 00m 03.385s,    000h 17m 17.221s
307,    3382,    1040603,    000h 00m 03.382s,    000h 17m 20.603s
308,    3382,    1043985,    000h 00m 03.382s,    000h 17m 23.985s
309,    3390,    1047375,    000h 00m 03.390s,    000h 17m 27.375s
310,    3394,    1050769,    000h 00m 03.394s,    000h 17m 30.769s
311,    3387,    1054156,    000h 00m 03.387s,    000h 17m 34.156s
312,    3381,    1057537,    000h 00m 03.381s,    000h 17m 37.537s
313,    3394,    1060931,    000h 00m 03.394s,    000h 17m 40.931s
314,    3388,    1064319,    000h 00m 03.388s,    000h 17m 44.319s
315,    3388,    1067707,    000h 00m 03.388s,    000h 17m 47.707s
316,    3383,    1071090,    000h 00m 03.383s,    000h 17m 51.090s
317,    3403,    1074493,    000h 00m 03.403s,    000h 17m 54.493s
318,    3409,    1077902,    000h 00m 03.409s,    000h 17m 57.902s
319,    3382,    1081284,    000h 00m 03.382s,    000h 18m 01.284s
320,    3384,    1084668,    000h 00m 03.384s,    000h 18m 04.668s
321,    3390,    1088058,    000h 00m 03.390s,    000h 18m 08.058s
322,    3383,    1091441,    000h 00m 03.383s,    000h 18m 11.441s
323,    3374,    1094815,    000h 00m 03.374s,    000h 18m 14.815s
324,    3396,    1098211,    000h 00m 03.396s,    000h 18m 18.211s
325,    3381,    1101592,    000h 00m 03.381s,    000h 18m 21.592s
326,    3374,    1104966,    000h 00m 03.374s,    000h 18m 24.966s
327,    3377,    1108343,    000h 00m 03.377s,    000h 18m 28.343s
328,    3380,    1111723,    000h 00m 03.380s,    000h 18m 31.723s
329,    3383,    1115106,    000h 00m 03.383s,    000h 18m 35.106s
330,    3379,    1118485,    000h 00m 03.379s,    000h 18m 38.485s
331,    3380,    1121865,    000h 00m 03.380s,    000h 18m 41.865s
332,    3386,    1125251,    000h 00m 03.386s,    000h 18m 45.251s
333,    3381,    1128632,    000h 00m 03.381s,    000h 18m 48.632s
334,    3387,    1132019,    000h 00m 03.387s,    000h 18m 52.019s
335,    3385,    1135404,    000h 00m 03.385s,    000h 18m 55.404s
336,    3401,    1138805,    000h 00m 03.401s,    000h 18m 58.805s
337,    3427,    1142232,    000h 00m 03.427s,    000h 19m 02.232s
338,    3390,    1145622,    000h 00m 03.390s,    000h 19m 05.622s
339,    3399,    1149021,    000h 00m 03.399s,    000h 19m 09.021s
340,    3410,    1152431,    000h 00m 03.410s,    000h 19m 12.431s
341,    3394,    1155825,    000h 00m 03.394s,    000h 19m 15.825s
342,    3405,    1159230,    000h 00m 03.405s,    000h 19m 19.230s
343,    3395,    1162625,    000h 00m 03.395s,    000h 19m 22.625s
344,    3406,    1166031,    000h 00m 03.406s,    000h 19m 26.031s
345,    3403,    1169434,    000h 00m 03.403s,    000h 19m 29.434s
346,    3401,    1172835,    000h 00m 03.401s,    000h 19m 32.835s
347,    3404,    1176239,    000h 00m 03.404s,    000h 19m 36.239s
348,    3397,    1179636,    000h 00m 03.397s,    000h 19m 39.636s
349,    3396,    1183032,    000h 00m 03.396s,    000h 19m 43.032s
350,    3408,    1186440,    000h 00m 03.408s,    000h 19m 46.440s
351,    3411,    1189851,    000h 00m 03.411s,    000h 19m 49.851s
352,    3396,    1193247,    000h 00m 03.396s,    000h 19m 53.247s
353,    3411,    1196658,    000h 00m 03.411s,    000h 19m 56.658s
354,    3401,    1200059,    000h 00m 03.401s,    000h 20m 00.059s
355,    3399,    1203458,    000h 00m 03.399s,    000h 20m 03.458s
356,    3394,    1206852,    000h 00m 03.394s,    000h 20m 06.852s
357,    3406,    1210258,    000h 00m 03.406s,    000h 20m 10.258s
358,    3397,    1213655,    000h 00m 03.397s,    000h 20m 13.655s
359,    3397,    1217052,    000h 00m 03.397s,    000h 20m 17.052s
360,    3406,    1220458,    000h 00m 03.406s,    000h 20m 20.458s
361,    3391,    1223849,    000h 00m 03.391s,    000h 20m 23.849s
362,    3405,    1227254,    000h 00m 03.405s,    000h 20m 27.254s
363,    3395,    1230649,    000h 00m 03.395s,    000h 20m 30.649s
364,    3405,    1234054,    000h 00m 03.405s,    000h 20m 34.054s
365,    3395,    1237449,    000h 00m 03.395s,    000h 20m 37.449s
366,    3388,    1240837,    000h 00m 03.388s,    000h 20m 40.837s
367,    3390,    1244227,    000h 00m 03.390s,    000h 20m 44.227s
368,    3413,    1247640,    000h 00m 03.413s,    000h 20m 47.640s
369,    3397,    1251037,    000h 00m 03.397s,    000h 20m 51.037s
370,    3404,    1254441,    000h 00m 03.404s,    000h 20m 54.441s
371,    3405,    1257846,    000h 00m 03.405s,    000h 20m 57.846s
372,    3397,    1261243,    000h 00m 03.397s,    000h 21m 01.243s
373,    3402,    1264645,    000h 00m 03.402s,    000h 21m 04.645s
374,    3403,    1268048,    000h 00m 03.403s,    000h 21m 08.048s
375,    3406,    1271454,    000h 00m 03.406s,    000h 21m 11.454s
376,    3401,    1274855,    000h 00m 03.401s,    000h 21m 14.855s
377,    3403,    1278258,    000h 00m 03.403s,    000h 21m 18.258s
378,    3395,    1281653,    000h 00m 03.395s,    000h 21m 21.653s
379,    3388,    1285041,    000h 00m 03.388s,    000h 21m 25.041s
380,    3400,    1288441,    000h 00m 03.400s,    000h 21m 28.441s
381,    3385,    1291826,    000h 00m 03.385s,    000h 21m 31.826s
382,    3376,    1295202,    000h 00m 03.376s,    000h 21m 35.202s
383,    3398,    1298600,    000h 00m 03.398s,    000h 21m 38.600s
384,    3379,    1301979,    000h 00m 03.379s,    000h 21m 41.979s
385,    3382,    1305361,    000h 00m 03.382s,    000h 21m 45.361s
386,    3403,    1308764,    000h 00m 03.403s,    000h 21m 48.764s
387,    3387,    1312151,    000h 00m 03.387s,    000h 21m 52.151s
388,    3372,    1315523,    000h 00m 03.372s,    000h 21m 55.523s
389,    3395,    1318918,    000h 00m 03.395s,    000h 21m 58.918s
390,    3388,    1322306,    000h 00m 03.388s,    000h 22m 02.306s
391,    3380,    1325686,    000h 00m 03.380s,    000h 22m 05.686s
392,    3391,    1329077,    000h 00m 03.391s,    000h 22m 09.077s
393,    3381,    1332458,    000h 00m 03.381s,    000h 22m 12.458s
394,    3388,    1335846,    000h 00m 03.388s,    000h 22m 15.846s
395,    3385,    1339231,    000h 00m 03.385s,    000h 22m 19.231s
396,    3381,    1342612,    000h 00m 03.381s,    000h 22m 22.612s
397,    3380,    1345992,    000h 00m 03.380s,    000h 22m 25.992s
398,    3392,    1349384,    000h 00m 03.392s,    000h 22m 29.384s
399,    3380,    1352764,    000h 00m 03.380s,    000h 22m 32.764s
400,    3386,    1356150,    000h 00m 03.386s,    000h 22m 36.150s
401,    3375,    1359525,    000h 00m 03.375s,    000h 22m 39.525s
402,    3381,    1362906,    000h 00m 03.381s,    000h 22m 42.906s
403,    3379,    1366285,    000h 00m 03.379s,    000h 22m 46.285s
404,    3373,    1369658,    000h 00m 03.373s,    000h 22m 49.658s
405,    3380,    1373038,    000h 00m 03.380s,    000h 22m 53.038s
406,    3387,    1376425,    000h 00m 03.387s,    000h 22m 56.425s
407,    3398,    1379823,    000h 00m 03.398s,    000h 22m 59.823s
408,    3383,    1383206,    000h 00m 03.383s,    000h 23m 03.206s
409,    3377,    1386583,    000h 00m 03.377s,    000h 23m 06.583s
410,    3382,    1389965,    000h 00m 03.382s,    000h 23m 09.965s
411,    3372,    1393337,    000h 00m 03.372s,    000h 23m 13.337s
412,    3379,    1396716,    000h 00m 03.379s,    000h 23m 16.716s
413,    3388,    1400104,    000h 00m 03.388s,    000h 23m 20.104s
414,    3376,    1403480,    000h 00m 03.376s,    000h 23m 23.480s
415,    3441,    1406921,    000h 00m 03.441s,    000h 23m 26.921s
416,    3388,    1410309,    000h 00m 03.388s,    000h 23m 30.309s
417,    3384,    1413693,    000h 00m 03.384s,    000h 23m 33.693s
418,    3378,    1417071,    000h 00m 03.378s,    000h 23m 37.071s
419,    3380,    1420451,    000h 00m 03.380s,    000h 23m 40.451s
420,    3378,    1423829,    000h 00m 03.378s,    000h 23m 43.829s
421,    3384,    1427213,    000h 00m 03.384s,    000h 23m 47.213s
422,    3384,    1430597,    000h 00m 03.384s,    000h 23m 50.597s
423,    3389,    1433986,    000h 00m 03.389s,    000h 23m 53.986s
424,    3388,    1437374,    000h 00m 03.388s,    000h 23m 57.374s
425,    3386,    1440760,    000h 00m 03.386s,    000h 24m 00.760s
426,    3387,    1444147,    000h 00m 03.387s,    000h 24m 04.147s
427,    3374,    1447521,    000h 00m 03.374s,    000h 24m 07.521s
428,    3388,    1450909,    000h 00m 03.388s,    000h 24m 10.909s
429,    3384,    1454293,    000h 00m 03.384s,    000h 24m 14.293s
430,    3392,    1457685,    000h 00m 03.392s,    000h 24m 17.685s
431,    3384,    1461069,    000h 00m 03.384s,    000h 24m 21.069s
432,    3393,    1464462,    000h 00m 03.393s,    000h 24m 24.462s
433,    3380,    1467842,    000h 00m 03.380s,    000h 24m 27.842s
434,    3378,    1471220,    000h 00m 03.378s,    000h 24m 31.220s
435,    3385,    1474605,    000h 00m 03.385s,    000h 24m 34.605s
436,    3380,    1477985,    000h 00m 03.380s,    000h 24m 37.985s
437,    3383,    1481368,    000h 00m 03.383s,    000h 24m 41.368s
438,    3378,    1484746,    000h 00m 03.378s,    000h 24m 44.746s
439,    3391,    1488137,    000h 00m 03.391s,    000h 24m 48.137s
440,    3383,    1491520,    000h 00m 03.383s,    000h 24m 51.520s
441,    3389,    1494909,    000h 00m 03.389s,    000h 24m 54.909s
442,    3393,    1498302,    000h 00m 03.393s,    000h 24m 58.302s
443,    3380,    1501682,    000h 00m 03.380s,    000h 25m 01.682s
444,    3384,    1505066,    000h 00m 03.384s,    000h 25m 05.066s
445,    3379,    1508445,    000h 00m 03.379s,    000h 25m 08.445s
446,    3395,    1511840,    000h 00m 03.395s,    000h 25m 11.840s
447,    3375,    1515215,    000h 00m 03.375s,    000h 25m 15.215s
448,    3388,    1518603,    000h 00m 03.388s,    000h 25m 18.603s
449,    3379,    1521982,    000h 00m 03.379s,    000h 25m 21.982s
450,    3383,    1525365,    000h 00m 03.383s,    000h 25m 25.365s
451,    3386,    1528751,    000h 00m 03.386s,    000h 25m 28.751s
452,    3378,    1532129,    000h 00m 03.378s,    000h 25m 32.129s
453,    3383,    1535512,    000h 00m 03.383s,    000h 25m 35.512s
454,    3376,    1538888,    000h 00m 03.376s,    000h 25m 38.888s
455,    3382,    1542270,    000h 00m 03.382s,    000h 25m 42.270s
456,    3385,    1545655,    000h 00m 03.385s,    000h 25m 45.655s
457,    3375,    1549030,    000h 00m 03.375s,    000h 25m 49.030s
458,    3379,    1552409,    000h 00m 03.379s,    000h 25m 52.409s
459,    3376,    1555785,    000h 00m 03.376s,    000h 25m 55.785s
460,    3403,    1559188,    000h 00m 03.403s,    000h 25m 59.188s
461,    3375,    1562563,    000h 00m 03.375s,    000h 26m 02.563s
462,    3377,    1565940,    000h 00m 03.377s,    000h 26m 05.940s
463,    3382,    1569322,    000h 00m 03.382s,    000h 26m 09.322s
464,    3376,    1572698,    000h 00m 03.376s,    000h 26m 12.698s
465,    3382,    1576080,    000h 00m 03.382s,    000h 26m 16.080s
466,    3389,    1579469,    000h 00m 03.389s,    000h 26m 19.469s
467,    3387,    1582856,    000h 00m 03.387s,    000h 26m 22.856s
468,    3388,    1586244,    000h 00m 03.388s,    000h 26m 26.244s
469,    3392,    1589636,    000h 00m 03.392s,    000h 26m 29.636s
470,    3397,    1593033,    000h 00m 03.397s,    000h 26m 33.033s
471,    3402,    1596435,    000h 00m 03.402s,    000h 26m 36.435s
472,    3369,    1599804,    000h 00m 03.369s,    000h 26m 39.804s
473,    3382,    1603186,    000h 00m 03.382s,    000h 26m 43.186s
474,    3389,    1606575,    000h 00m 03.389s,    000h 26m 46.575s
475,    3387,    1609962,    000h 00m 03.387s,    000h 26m 49.962s
476,    3387,    1613349,    000h 00m 03.387s,    000h 26m 53.349s
477,    3377,    1616726,    000h 00m 03.377s,    000h 26m 56.726s
478,    3398,    1620124,    000h 00m 03.398s,    000h 27m 00.124s
479,    3384,    1623508,    000h 00m 03.384s,    000h 27m 03.508s
480,    3384,    1626892,    000h 00m 03.384s,    000h 27m 06.892s
481,    3380,    1630272,    000h 00m 03.380s,    000h 27m 10.272s
482,    3382,    1633654,    000h 00m 03.382s,    000h 27m 13.654s
483,    3382,    1637036,    000h 00m 03.382s,    000h 27m 17.036s
484,    3393,    1640429,    000h 00m 03.393s,    000h 27m 20.429s
485,    3382,    1643811,    000h 00m 03.382s,    000h 27m 23.811s
486,    3395,    1647206,    000h 00m 03.395s,    000h 27m 27.206s
487,    3396,    1650602,    000h 00m 03.396s,    000h 27m 30.602s
488,    3373,    1653975,    000h 00m 03.373s,    000h 27m 33.975s
489,    3381,    1657356,    000h 00m 03.381s,    000h 27m 37.356s
490,    3384,    1660740,    000h 00m 03.384s,    000h 27m 40.740s
491,    3374,    1664114,    000h 00m 03.374s,    000h 27m 44.114s
492,    3394,    1667508,    000h 00m 03.394s,    000h 27m 47.508s
493,    3383,    1670891,    000h 00m 03.383s,    000h 27m 50.891s
494,    3368,    1674259,    000h 00m 03.368s,    000h 27m 54.259s
495,    3397,    1677656,    000h 00m 03.397s,    000h 27m 57.656s
496,    3383,    1681039,    000h 00m 03.383s,    000h 28m 01.039s
497,    3383,    1684422,    000h 00m 03.383s,    000h 28m 04.422s
498,    3392,    1687814,    000h 00m 03.392s,    000h 28m 07.814s
499,    3378,    1691192,    000h 00m 03.378s,    000h 28m 11.192s
500,    3387,    1694579,    000h 00m 03.387s,    000h 28m 14.579s
501,    3389,    1697968,    000h 00m 03.389s,    000h 28m 17.968s
502,    3382,    1701350,    000h 00m 03.382s,    000h 28m 21.350s
503,    3375,    1704725,    000h 00m 03.375s,    000h 28m 24.725s
504,    3378,    1708103,    000h 00m 03.378s,    000h 28m 28.103s
505,    3385,    1711488,    000h 00m 03.385s,    000h 28m 31.488s
506,    3375,    1714863,    000h 00m 03.375s,    000h 28m 34.863s
507,    3381,    1718244,    000h 00m 03.381s,    000h 28m 38.244s
508,    3380,    1721624,    000h 00m 03.380s,    000h 28m 41.624s
509,    3382,    1725006,    000h 00m 03.382s,    000h 28m 45.006s
510,    3384,    1728390,    000h 00m 03.384s,    000h 28m 48.390s
511,    3387,    1731777,    000h 00m 03.387s,    000h 28m 51.777s
512,    3381,    1735158,    000h 00m 03.381s,    000h 28m 55.158s
513,    3392,    1738550,    000h 00m 03.392s,    000h 28m 58.550s
514,    3382,    1741932,    000h 00m 03.382s,    000h 29m 01.932s
515,    3380,    1745312,    000h 00m 03.380s,    000h 29m 05.312s
516,    3375,    1748687,    000h 00m 03.375s,    000h 29m 08.687s
517,    3387,    1752074,    000h 00m 03.387s,    000h 29m 12.074s
518,    3378,    1755452,    000h 00m 03.378s,    000h 29m 15.452s
519,    3387,    1758839,    000h 00m 03.387s,    000h 29m 18.839s
520,    3377,    1762216,    000h 00m 03.377s,    000h 29m 22.216s
521,    3384,    1765600,    000h 00m 03.384s,    000h 29m 25.600s
522,    3379,    1768979,    000h 00m 03.379s,    000h 29m 28.979s
523,    3391,    1772370,    000h 00m 03.391s,    000h 29m 32.370s
524,    3381,    1775751,    000h 00m 03.381s,    000h 29m 35.751s
525,    3376,    1779127,    000h 00m 03.376s,    000h 29m 39.127s
526,    3395,    1782522,    000h 00m 03.395s,    000h 29m 42.522s
527,    3384,    1785906,    000h 00m 03.384s,    000h 29m 45.906s
528,    3382,    1789288,    000h 00m 03.382s,    000h 29m 49.288s
529,    3381,    1792669,    000h 00m 03.381s,    000h 29m 52.669s
530,    3433,    1796102,    000h 00m 03.433s,    000h 29m 56.102s
531,    3405,    1799507,    000h 00m 03.405s,    000h 29m 59.507s
532,    3380,    1802887,    000h 00m 03.380s,    000h 30m 02.887s
533,    3400,    1806287,    000h 00m 03.400s,    000h 30m 06.287s
534,    3378,    1809665,    000h 00m 03.378s,    000h 30m 09.665s
535,    3388,    1813053,    000h 00m 03.388s,    000h 30m 13.053s
536,    3397,    1816450,    000h 00m 03.397s,    000h 30m 16.450s
537,    3377,    1819827,    000h 00m 03.377s,    000h 30m 19.827s
538,    3377,    1823204,    000h 00m 03.377s,    000h 30m 23.204s
539,    3386,    1826590,    000h 00m 03.386s,    000h 30m 26.590s
540,    3391,    1829981,    000h 00m 03.391s,    000h 30m 29.981s
541,    3378,    1833359,    000h 00m 03.378s,    000h 30m 33.359s
542,    3375,    1836734,    000h 00m 03.375s,    000h 30m 36.734s
543,    3376,    1840110,    000h 00m 03.376s,    000h 30m 40.110s
544,    3379,    1843489,    000h 00m 03.379s,    000h 30m 43.489s
545,    3383,    1846872,    000h 00m 03.383s,    000h 30m 46.872s
546,    3384,    1850256,    000h 00m 03.384s,    000h 30m 50.256s
547,    3375,    1853631,    000h 00m 03.375s,    000h 30m 53.631s
548,    3388,    1857019,    000h 00m 03.388s,    000h 30m 57.019s
549,    3378,    1860397,    000h 00m 03.378s,    000h 31m 00.397s
550,    3386,    1863783,    000h 00m 03.386s,    000h 31m 03.783s
551,    3381,    1867164,    000h 00m 03.381s,    000h 31m 07.164s
552,    3381,    1870545,    000h 00m 03.381s,    000h 31m 10.545s
553,    3374,    1873919,    000h 00m 03.374s,    000h 31m 13.919s
554,    3381,    1877300,    000h 00m 03.381s,    000h 31m 17.300s
555,    3377,    1880677,    000h 00m 03.377s,    000h 31m 20.677s
556,    3386,    1884063,    000h 00m 03.386s,    000h 31m 24.063s
557,    3387,    1887450,    000h 00m 03.387s,    000h 31m 27.450s
558,    3379,    1890829,    000h 00m 03.379s,    000h 31m 30.829s
559,    3380,    1894209,    000h 00m 03.380s,    000h 31m 34.209s
560,    3387,    1897596,    000h 00m 03.387s,    000h 31m 37.596s
561,    3387,    1900983,    000h 00m 03.387s,    000h 31m 40.983s
562,    3380,    1904363,    000h 00m 03.380s,    000h 31m 44.363s
563,    3387,    1907750,    000h 00m 03.387s,    000h 31m 47.750s
564,    3388,    1911138,    000h 00m 03.388s,    000h 31m 51.138s
565,    3387,    1914525,    000h 00m 03.387s,    000h 31m 54.525s
566,    3393,    1917918,    000h 00m 03.393s,    000h 31m 57.918s
567,    3378,    1921296,    000h 00m 03.378s,    000h 32m 01.296s
568,    3386,    1924682,    000h 00m 03.386s,    000h 32m 04.682s
569,    3387,    1928069,    000h 00m 03.387s,    000h 32m 08.069s
570,    3374,    1931443,    000h 00m 03.374s,    000h 32m 11.443s
571,    3385,    1934828,    000h 00m 03.385s,    000h 32m 14.828s
572,    3391,    1938219,    000h 00m 03.391s,    000h 32m 18.219s
573,    3376,    1941595,    000h 00m 03.376s,    000h 32m 21.595s
574,    3384,    1944979,    000h 00m 03.384s,    000h 32m 24.979s
575,    3381,    1948360,    000h 00m 03.381s,    000h 32m 28.360s
576,    3385,    1951745,    000h 00m 03.385s,    000h 32m 31.745s
577,    3388,    1955133,    000h 00m 03.388s,    000h 32m 35.133s
578,    3379,    1958512,    000h 00m 03.379s,    000h 32m 38.512s
579,    3383,    1961895,    000h 00m 03.383s,    000h 32m 41.895s
580,    3389,    1965284,    000h 00m 03.389s,    000h 32m 45.284s
581,    3409,    1968693,    000h 00m 03.409s,    000h 32m 48.693s
582,    3370,    1972063,    000h 00m 03.370s,    000h 32m 52.063s
583,    3375,    1975438,    000h 00m 03.375s,    000h 32m 55.438s
584,    3399,    1978837,    000h 00m 03.399s,    000h 32m 58.837s
585,    3374,    1982211,    000h 00m 03.374s,    000h 33m 02.211s
586,    3389,    1985600,    000h 00m 03.389s,    000h 33m 05.600s
587,    3377,    1988977,    000h 00m 03.377s,    000h 33m 08.977s
588,    3380,    1992357,    000h 00m 03.380s,    000h 33m 12.357s
589,    3387,    1995744,    000h 00m 03.387s,    000h 33m 15.744s
590,    3386,    1999130,    000h 00m 03.386s,    000h 33m 19.130s
591,    3376,    2002506,    000h 00m 03.376s,    000h 33m 22.506s
592,    3376,    2005882,    000h 00m 03.376s,    000h 33m 25.882s
593,    3379,    2009261,    000h 00m 03.379s,    000h 33m 29.261s
594,    3378,    2012639,    000h 00m 03.378s,    000h 33m 32.639s
595,    3395,    2016034,    000h 00m 03.395s,    000h 33m 36.034s
596,    3383,    2019417,    000h 00m 03.383s,    000h 33m 39.417s
597,    3376,    2022793,    000h 00m 03.376s,    000h 33m 42.793s
598,    3381,    2026174,    000h 00m 03.381s,    000h 33m 46.174s
599,    3380,    2029554,    000h 00m 03.380s,    000h 33m 49.554s
600,    3387,    2032941,    000h 00m 03.387s,    000h 33m 52.941s
601,    3391,    2036332,    000h 00m 03.391s,    000h 33m 56.332s
602,    3403,    2039735,    000h 00m 03.403s,    000h 33m 59.735s
603,    3382,    2043117,    000h 00m 03.382s,    000h 34m 03.117s
604,    3382,    2046499,    000h 00m 03.382s,    000h 34m 06.499s
605,    3382,    2049881,    000h 00m 03.382s,    000h 34m 09.881s
606,    3376,    2053257,    000h 00m 03.376s,    000h 34m 13.257s
607,    3400,    2056657,    000h 00m 03.400s,    000h 34m 16.657s
608,    3381,    2060038,    000h 00m 03.381s,    000h 34m 20.038s
609,    3379,    2063417,    000h 00m 03.379s,    000h 34m 23.417s
610,    3381,    2066798,    000h 00m 03.381s,    000h 34m 26.798s
611,    3379,    2070177,    000h 00m 03.379s,    000h 34m 30.177s
612,    3377,    2073554,    000h 00m 03.377s,    000h 34m 33.554s
613,    3385,    2076939,    000h 00m 03.385s,    000h 34m 36.939s
614,    3380,    2080319,    000h 00m 03.380s,    000h 34m 40.319s
615,    3379,    2083698,    000h 00m 03.379s,    000h 34m 43.698s
616,    3389,    2087087,    000h 00m 03.389s,    000h 34m 47.087s
617,    3384,    2090471,    000h 00m 03.384s,    000h 34m 50.471s
618,    3384,    2093855,    000h 00m 03.384s,    000h 34m 53.855s
619,    3388,    2097243,    000h 00m 03.388s,    000h 34m 57.243s
620,    3385,    2100628,    000h 00m 03.385s,    000h 35m 00.628s
621,    3387,    2104015,    000h 00m 03.387s,    000h 35m 04.015s
622,    3396,    2107411,    000h 00m 03.396s,    000h 35m 07.411s
623,    3388,    2110799,    000h 00m 03.388s,    000h 35m 10.799s
624,    3390,    2114189,    000h 00m 03.390s,    000h 35m 14.189s
625,    3403,    2117592,    000h 00m 03.403s,    000h 35m 17.592s
626,    3378,    2120970,    000h 00m 03.378s,    000h 35m 20.970s
627,    3440,    2124410,    000h 00m 03.440s,    000h 35m 24.410s
628,    3385,    2127795,    000h 00m 03.385s,    000h 35m 27.795s
629,    3374,    2131169,    000h 00m 03.374s,    000h 35m 31.169s
630,    3383,    2134552,    000h 00m 03.383s,    000h 35m 34.552s
631,    3382,    2137934,    000h 00m 03.382s,    000h 35m 37.934s
632,    3380,    2141314,    000h 00m 03.380s,    000h 35m 41.314s
633,    3377,    2144691,    000h 00m 03.377s,    000h 35m 44.691s
634,    3388,    2148079,    000h 00m 03.388s,    000h 35m 48.079s
635,    3378,    2151457,    000h 00m 03.378s,    000h 35m 51.457s
636,    3389,    2154846,    000h 00m 03.389s,    000h 35m 54.846s
637,    3400,    2158246,    000h 00m 03.400s,    000h 35m 58.246s
638,    3371,    2161617,    000h 00m 03.371s,    000h 36m 01.617s
639,    3385,    2165002,    000h 00m 03.385s,    000h 36m 05.002s
640,    3375,    2168377,    000h 00m 03.375s,    000h 36m 08.377s
641,    3376,    2171753,    000h 00m 03.376s,    000h 36m 11.753s
642,    3378,    2175131,    000h 00m 03.378s,    000h 36m 15.131s
643,    3385,    2178516,    000h 00m 03.385s,    000h 36m 18.516s
644,    3387,    2181903,    000h 00m 03.387s,    000h 36m 21.903s
645,    3377,    2185280,    000h 00m 03.377s,    000h 36m 25.280s
646,    3383,    2188663,    000h 00m 03.383s,    000h 36m 28.663s
647,    3384,    2192047,    000h 00m 03.384s,    000h 36m 32.047s
648,    3384,    2195431,    000h 00m 03.384s,    000h 36m 35.431s
649,    3389,    2198820,    000h 00m 03.389s,    000h 36m 38.820s
650,    3378,    2202198,    000h 00m 03.378s,    000h 36m 42.198s
651,    3392,    2205590,    000h 00m 03.392s,    000h 36m 45.590s
652,    3388,    2208978,    000h 00m 03.388s,    000h 36m 48.978s
653,    3375,    2212353,    000h 00m 03.375s,    000h 36m 52.353s
654,    3375,    2215728,    000h 00m 03.375s,    000h 36m 55.728s
655,    3407,    2219135,    000h 00m 03.407s,    000h 36m 59.135s
656,    3387,    2222522,    000h 00m 03.387s,    000h 37m 02.522s
657,    3390,    2225912,    000h 00m 03.390s,    000h 37m 05.912s
658,    3381,    2229293,    000h 00m 03.381s,    000h 37m 09.293s
659,    3385,    2232678,    000h 00m 03.385s,    000h 37m 12.678s
660,    3384,    2236062,    000h 00m 03.384s,    000h 37m 16.062s
661,    3374,    2239436,    000h 00m 03.374s,    000h 37m 19.436s
662,    3372,    2242808,    000h 00m 03.372s,    000h 37m 22.808s
663,    3398,    2246206,    000h 00m 03.398s,    000h 37m 26.206s
664,    3379,    2249585,    000h 00m 03.379s,    000h 37m 29.585s
665,    3386,    2252971,    000h 00m 03.386s,    000h 37m 32.971s
666,    3371,    2256342,    000h 00m 03.371s,    000h 37m 36.342s
667,    3384,    2259726,    000h 00m 03.384s,    000h 37m 39.726s
668,    3384,    2263110,    000h 00m 03.384s,    000h 37m 43.110s
669,    3385,    2266495,    000h 00m 03.385s,    000h 37m 46.495s
670,    3379,    2269874,    000h 00m 03.379s,    000h 37m 49.874s
671,    3380,    2273254,    000h 00m 03.380s,    000h 37m 53.254s
672,    3381,    2276635,    000h 00m 03.381s,    000h 37m 56.635s
673,    3394,    2280029,    000h 00m 03.394s,    000h 38m 00.029s
674,    3381,    2283410,    000h 00m 03.381s,    000h 38m 03.410s
675,    3386,    2286796,    000h 00m 03.386s,    000h 38m 06.796s
676,    3407,    2290203,    000h 00m 03.407s,    000h 38m 10.203s
677,    3377,    2293580,    000h 00m 03.377s,    000h 38m 13.580s
678,    3383,    2296963,    000h 00m 03.383s,    000h 38m 16.963s
679,    3386,    2300349,    000h 00m 03.386s,    000h 38m 20.349s
680,    3385,    2303734,    000h 00m 03.385s,    000h 38m 23.734s
681,    3390,    2307124,    000h 00m 03.390s,    000h 38m 27.124s
682,    3382,    2310506,    000h 00m 03.382s,    000h 38m 30.506s
683,    3384,    2313890,    000h 00m 03.384s,    000h 38m 33.890s
684,    3384,    2317274,    000h 00m 03.384s,    000h 38m 37.274s
685,    3386,    2320660,    000h 00m 03.386s,    000h 38m 40.660s
686,    3396,    2324056,    000h 00m 03.396s,    000h 38m 44.056s
687,    3387,    2327443,    000h 00m 03.387s,    000h 38m 47.443s
688,    3392,    2330835,    000h 00m 03.392s,    000h 38m 50.835s
689,    3379,    2334214,    000h 00m 03.379s,    000h 38m 54.214s
690,    3394,    2337608,    000h 00m 03.394s,    000h 38m 57.608s
691,    3382,    2340990,    000h 00m 03.382s,    000h 39m 00.990s
692,    3387,    2344377,    000h 00m 03.387s,    000h 39m 04.377s
693,    3382,    2347759,    000h 00m 03.382s,    000h 39m 07.759s
694,    3380,    2351139,    000h 00m 03.380s,    000h 39m 11.139s
695,    3377,    2354516,    000h 00m 03.377s,    000h 39m 14.516s
696,    3390,    2357906,    000h 00m 03.390s,    000h 39m 17.906s
697,    3386,    2361292,    000h 00m 03.386s,    000h 39m 21.292s
698,    3382,    2364674,    000h 00m 03.382s,    000h 39m 24.674s
699,    3392,    2368066,    000h 00m 03.392s,    000h 39m 28.066s
700,    3383,    2371449,    000h 00m 03.383s,    000h 39m 31.449s
701,    3377,    2374826,    000h 00m 03.377s,    000h 39m 34.826s
702,    3385,    2378211,    000h 00m 03.385s,    000h 39m 38.211s
703,    3382,    2381593,    000h 00m 03.382s,    000h 39m 41.593s
704,    3389,    2384982,    000h 00m 03.389s,    000h 39m 44.982s
705,    3378,    2388360,    000h 00m 03.378s,    000h 39m 48.360s
706,    3381,    2391741,    000h 00m 03.381s,    000h 39m 51.741s
707,    3387,    2395128,    000h 00m 03.387s,    000h 39m 55.128s
708,    3401,    2398529,    000h 00m 03.401s,    000h 39m 58.529s
709,    3387,    2401916,    000h 00m 03.387s,    000h 40m 01.916s
710,    3377,    2405293,    000h 00m 03.377s,    000h 40m 05.293s
711,    3376,    2408669,    000h 00m 03.376s,    000h 40m 08.669s
712,    3377,    2412046,    000h 00m 03.377s,    000h 40m 12.046s
713,    3393,    2415439,    000h 00m 03.393s,    000h 40m 15.439s
714,    3390,    2418829,    000h 00m 03.390s,    000h 40m 18.829s
715,    3379,    2422208,    000h 00m 03.379s,    000h 40m 22.208s
716,    3391,    2425599,    000h 00m 03.391s,    000h 40m 25.599s
717,    3389,    2428988,    000h 00m 03.389s,    000h 40m 28.988s
718,    3378,    2432366,    000h 00m 03.378s,    000h 40m 32.366s
719,    3383,    2435749,    000h 00m 03.383s,    000h 40m 35.749s
720,    3384,    2439133,    000h 00m 03.384s,    000h 40m 39.133s
721,    3380,    2442513,    000h 00m 03.380s,    000h 40m 42.513s
722,    3392,    2445905,    000h 00m 03.392s,    000h 40m 45.905s
723,    3389,    2449294,    000h 00m 03.389s,    000h 40m 49.294s
724,    3379,    2452673,    000h 00m 03.379s,    000h 40m 52.673s
725,    3376,    2456049,    000h 00m 03.376s,    000h 40m 56.049s
726,    3384,    2459433,    000h 00m 03.384s,    000h 40m 59.433s
727,    3383,    2462816,    000h 00m 03.383s,    000h 41m 02.816s
728,    3384,    2466200,    000h 00m 03.384s,    000h 41m 06.200s
729,    3378,    2469578,    000h 00m 03.378s,    000h 41m 09.578s
730,    3387,    2472965,    000h 00m 03.387s,    000h 41m 12.965s
731,    3390,    2476355,    000h 00m 03.390s,    000h 41m 16.355s
732,    3385,    2479740,    000h 00m 03.385s,    000h 41m 19.740s
733,    3379,    2483119,    000h 00m 03.379s,    000h 41m 23.119s
734,    3387,    2486506,    000h 00m 03.387s,    000h 41m 26.506s
735,    3377,    2489883,    000h 00m 03.377s,    000h 41m 29.883s
736,    3385,    2493268,    000h 00m 03.385s,    000h 41m 33.268s
737,    3378,    2496646,    000h 00m 03.378s,    000h 41m 36.646s
738,    3374,    2500020,    000h 00m 03.374s,    000h 41m 40.020s
739,    3376,    2503396,    000h 00m 03.376s,    000h 41m 43.396s
740,    3396,    2506792,    000h 00m 03.396s,    000h 41m 46.792s
741,    3376,    2510168,    000h 00m 03.376s,    000h 41m 50.168s
742,    3378,    2513546,    000h 00m 03.378s,    000h 41m 53.546s
743,    3378,    2516924,    000h 00m 03.378s,    000h 41m 56.924s
744,    3391,    2520315,    000h 00m 03.391s,    000h 42m 00.315s
745,    3383,    2523698,    000h 00m 03.383s,    000h 42m 03.698s
746,    3377,    2527075,    000h 00m 03.377s,    000h 42m 07.075s
747,    3376,    2530451,    000h 00m 03.376s,    000h 42m 10.451s
748,    3373,    2533824,    000h 00m 03.373s,    000h 42m 13.824s
749,    3389,    2537213,    000h 00m 03.389s,    000h 42m 17.213s
750,    3377,    2540590,    000h 00m 03.377s,    000h 42m 20.590s
751,    3385,    2543975,    000h 00m 03.385s,    000h 42m 23.975s
752,    3381,    2547356,    000h 00m 03.381s,    000h 42m 27.356s
753,    3374,    2550730,    000h 00m 03.374s,    000h 42m 30.730s
754,    3388,    2554118,    000h 00m 03.388s,    000h 42m 34.118s
755,    3388,    2557506,    000h 00m 03.388s,    000h 42m 37.506s
756,    3401,    2560907,    000h 00m 03.401s,    000h 42m 40.907s
757,    3383,    2564290,    000h 00m 03.383s,    000h 42m 44.290s
758,    3378,    2567668,    000h 00m 03.378s,    000h 42m 47.668s
759,    3377,    2571045,    000h 00m 03.377s,    000h 42m 51.045s
760,    3387,    2574432,    000h 00m 03.387s,    000h 42m 54.432s
761,    3398,    2577830,    000h 00m 03.398s,    000h 42m 57.830s
762,    3393,    2581223,    000h 00m 03.393s,    000h 43m 01.223s
763,    3387,    2584610,    000h 00m 03.387s,    000h 43m 04.610s
764,    3378,    2587988,    000h 00m 03.378s,    000h 43m 07.988s
765,    3386,    2591374,    000h 00m 03.386s,    000h 43m 11.374s
766,    3383,    2594757,    000h 00m 03.383s,    000h 43m 14.757s
767,    3393,    2598150,    000h 00m 03.393s,    000h 43m 18.150s
768,    3386,    2601536,    000h 00m 03.386s,    000h 43m 21.536s
769,    3380,    2604916,    000h 00m 03.380s,    000h 43m 24.916s
770,    3398,    2608314,    000h 00m 03.398s,    000h 43m 28.314s
771,    3402,    2611716,    000h 00m 03.402s,    000h 43m 31.716s
772,    3377,    2615093,    000h 00m 03.377s,    000h 43m 35.093s
773,    3381,    2618474,    000h 00m 03.381s,    000h 43m 38.474s
774,    3378,    2621852,    000h 00m 03.378s,    000h 43m 41.852s
775,    3380,    2625232,    000h 00m 03.380s,    000h 43m 45.232s
776,    3397,    2628629,    000h 00m 03.397s,    000h 43m 48.629s
777,    3378,    2632007,    000h 00m 03.378s,    000h 43m 52.007s
778,    3380,    2635387,    000h 00m 03.380s,    000h 43m 55.387s
779,    3398,    2638785,    000h 00m 03.398s,    000h 43m 58.785s
780,    3383,    2642168,    000h 00m 03.383s,    000h 44m 02.168s
781,    3395,    2645563,    000h 00m 03.395s,    000h 44m 05.563s
782,    3389,    2648952,    000h 00m 03.389s,    000h 44m 08.952s
783,    3383,    2652335,    000h 00m 03.383s,    000h 44m 12.335s
784,    3388,    2655723,    000h 00m 03.388s,    000h 44m 15.723s
785,    3376,    2659099,    000h 00m 03.376s,    000h 44m 19.099s
786,    3385,    2662484,    000h 00m 03.385s,    000h 44m 22.484s
787,    3378,    2665862,    000h 00m 03.378s,    000h 44m 25.862s
788,    3390,    2669252,    000h 00m 03.390s,    000h 44m 29.252s
789,    3381,    2672633,    000h 00m 03.381s,    000h 44m 32.633s
790,    3374,    2676007,    000h 00m 03.374s,    000h 44m 36.007s
791,    3390,    2679397,    000h 00m 03.390s,    000h 44m 39.397s
792,    3381,    2682778,    000h 00m 03.381s,    000h 44m 42.778s
793,    3379,    2686157,    000h 00m 03.379s,    000h 44m 46.157s
794,    3378,    2689535,    000h 00m 03.378s,    000h 44m 49.535s
795,    3377,    2692912,    000h 00m 03.377s,    000h 44m 52.912s
796,    3387,    2696299,    000h 00m 03.387s,    000h 44m 56.299s
797,    3386,    2699685,    000h 00m 03.386s,    000h 44m 59.685s
798,    3376,    2703061,    000h 00m 03.376s,    000h 45m 03.061s
799,    3375,    2706436,    000h 00m 03.375s,    000h 45m 06.436s
800,    3382,    2709818,    000h 00m 03.382s,    000h 45m 09.818s
801,    3383,    2713201,    000h 00m 03.383s,    000h 45m 13.201s
802,    3384,    2716585,    000h 00m 03.384s,    000h 45m 16.585s
803,    3379,    2719964,    000h 00m 03.379s,    000h 45m 19.964s
804,    3398,    2723362,    000h 00m 03.398s,    000h 45m 23.362s
805,    3375,    2726737,    000h 00m 03.375s,    000h 45m 26.737s
806,    3386,    2730123,    000h 00m 03.386s,    000h 45m 30.123s
807,    3379,    2733502,    000h 00m 03.379s,    000h 45m 33.502s
808,    3390,    2736892,    000h 00m 03.390s,    000h 45m 36.892s
809,    3383,    2740275,    000h 00m 03.383s,    000h 45m 40.275s
810,    3379,    2743654,    000h 00m 03.379s,    000h 45m 43.654s
811,    3379,    2747033,    000h 00m 03.379s,    000h 45m 47.033s
812,    3372,    2750405,    000h 00m 03.372s,    000h 45m 50.405s
813,    3391,    2753796,    000h 00m 03.391s,    000h 45m 53.796s
814,    3386,    2757182,    000h 00m 03.386s,    000h 45m 57.182s
815,    3398,    2760580,    000h 00m 03.398s,    000h 46m 00.580s
816,    3385,    2763965,    000h 00m 03.385s,    000h 46m 03.965s
817,    3388,    2767353,    000h 00m 03.388s,    000h 46m 07.353s
818,    3392,    2770745,    000h 00m 03.392s,    000h 46m 10.745s
819,    3383,    2774128,    000h 00m 03.383s,    000h 46m 14.128s
820,    3390,    2777518,    000h 00m 03.390s,    000h 46m 17.518s
821,    3387,    2780905,    000h 00m 03.387s,    000h 46m 20.905s
822,    3381,    2784286,    000h 00m 03.381s,    000h 46m 24.286s
823,    3383,    2787669,    000h 00m 03.383s,    000h 46m 27.669s
824,    3386,    2791055,    000h 00m 03.386s,    000h 46m 31.055s
825,    3384,    2794439,    000h 00m 03.384s,    000h 46m 34.439s
826,    3377,    2797816,    000h 00m 03.377s,    000h 46m 37.816s
827,    3382,    2801198,    000h 00m 03.382s,    000h 46m 41.198s
828,    3376,    2804574,    000h 00m 03.376s,    000h 46m 44.574s
829,    3382,    2807956,    000h 00m 03.382s,    000h 46m 47.956s
830,    3381,    2811337,    000h 00m 03.381s,    000h 46m 51.337s
831,    3385,    2814722,    000h 00m 03.385s,    000h 46m 54.722s
832,    3389,    2818111,    000h 00m 03.389s,    000h 46m 58.111s
833,    3378,    2821489,    000h 00m 03.378s,    000h 47m 01.489s
834,    3383,    2824872,    000h 00m 03.383s,    000h 47m 04.872s
835,    3381,    2828253,    000h 00m 03.381s,    000h 47m 08.253s
836,    3387,    2831640,    000h 00m 03.387s,    000h 47m 11.640s
837,    3391,    2835031,    000h 00m 03.391s,    000h 47m 15.031s
838,    3388,    2838419,    000h 00m 03.388s,    000h 47m 18.419s
839,    3373,    2841792,    000h 00m 03.373s,    000h 47m 21.792s
840,    3383,    2845175,    000h 00m 03.383s,    000h 47m 25.175s
841,    3387,    2848562,    000h 00m 03.387s,    000h 47m 28.562s
842,    3386,    2851948,    000h 00m 03.386s,    000h 47m 31.948s
843,    3374,    2855322,    000h 00m 03.374s,    000h 47m 35.322s
844,    3387,    2858709,    000h 00m 03.387s,    000h 47m 38.709s
845,    3373,    2862082,    000h 00m 03.373s,    000h 47m 42.082s
846,    3388,    2865470,    000h 00m 03.388s,    000h 47m 45.470s
847,    3384,    2868854,    000h 00m 03.384s,    000h 47m 48.854s
848,    3377,    2872231,    000h 00m 03.377s,    000h 47m 52.231s
849,    3385,    2875616,    000h 00m 03.385s,    000h 47m 55.616s
850,    3393,    2879009,    000h 00m 03.393s,    000h 47m 59.009s
851,    3383,    2882392,    000h 00m 03.383s,    000h 48m 02.392s
852,    3386,    2885778,    000h 00m 03.386s,    000h 48m 05.778s
853,    3387,    2889165,    000h 00m 03.387s,    000h 48m 09.165s
854,    3389,    2892554,    000h 00m 03.389s,    000h 48m 12.554s
855,    3385,    2895939,    000h 00m 03.385s,    000h 48m 15.939s
856,    3373,    2899312,    000h 00m 03.373s,    000h 48m 19.312s
857,    3381,    2902693,    000h 00m 03.381s,    000h 48m 22.693s
858,    3371,    2906064,    000h 00m 03.371s,    000h 48m 26.064s
859,    3384,    2909448,    000h 00m 03.384s,    000h 48m 29.448s
860,    3380,    2912828,    000h 00m 03.380s,    000h 48m 32.828s
861,    3382,    2916210,    000h 00m 03.382s,    000h 48m 36.210s
862,    3388,    2919598,    000h 00m 03.388s,    000h 48m 39.598s
863,    3381,    2922979,    000h 00m 03.381s,    000h 48m 42.979s
864,    3381,    2926360,    000h 00m 03.381s,    000h 48m 46.360s
865,    3471,    2929831,    000h 00m 03.471s,    000h 48m 49.831s
866,    3372,    2933203,    000h 00m 03.372s,    000h 48m 53.203s
867,    3383,    2936586,    000h 00m 03.383s,    000h 48m 56.586s
868,    3400,    2939986,    000h 00m 03.400s,    000h 48m 59.986s
869,    3381,    2943367,    000h 00m 03.381s,    000h 49m 03.367s
870,    3382,    2946749,    000h 00m 03.382s,    000h 49m 06.749s
871,    3391,    2950140,    000h 00m 03.391s,    000h 49m 10.140s
872,    3375,    2953515,    000h 00m 03.375s,    000h 49m 13.515s
873,    3389,    2956904,    000h 00m 03.389s,    000h 49m 16.904s
874,    3385,    2960289,    000h 00m 03.385s,    000h 49m 20.289s
875,    3388,    2963677,    000h 00m 03.388s,    000h 49m 23.677s
876,    3378,    2967055,    000h 00m 03.378s,    000h 49m 27.055s
877,    3379,    2970434,    000h 00m 03.379s,    000h 49m 30.434s
878,    3382,    2973816,    000h 00m 03.382s,    000h 49m 33.816s
879,    3380,    2977196,    000h 00m 03.380s,    000h 49m 37.196s
880,    3383,    2980579,    000h 00m 03.383s,    000h 49m 40.579s
881,    3383,    2983962,    000h 00m 03.383s,    000h 49m 43.962s
882,    3383,    2987345,    000h 00m 03.383s,    000h 49m 47.345s
883,    3385,    2990730,    000h 00m 03.385s,    000h 49m 50.730s
884,    3385,    2994115,    000h 00m 03.385s,    000h 49m 54.115s
885,    3372,    2997487,    000h 00m 03.372s,    000h 49m 57.487s
886,    3395,    3000882,    000h 00m 03.395s,    000h 50m 00.882s
887,    3383,    3004265,    000h 00m 03.383s,    000h 50m 04.265s
888,    3374,    3007639,    000h 00m 03.374s,    000h 50m 07.639s
889,    3395,    3011034,    000h 00m 03.395s,    000h 50m 11.034s
890,    3379,    3014413,    000h 00m 03.379s,    000h 50m 14.413s
891,    3383,    3017796,    000h 00m 03.383s,    000h 50m 17.796s
892,    3391,    3021187,    000h 00m 03.391s,    000h 50m 21.187s
893,    3384,    3024571,    000h 00m 03.384s,    000h 50m 24.571s
894,    3392,    3027963,    000h 00m 03.392s,    000h 50m 27.963s
895,    3386,    3031349,    000h 00m 03.386s,    000h 50m 31.349s
896,    3379,    3034728,    000h 00m 03.379s,    000h 50m 34.728s
897,    3379,    3038107,    000h 00m 03.379s,    000h 50m 38.107s
898,    3381,    3041488,    000h 00m 03.381s,    000h 50m 41.488s
899,    3378,    3044866,    000h 00m 03.378s,    000h 50m 44.866s
900,    3383,    3048249,    000h 00m 03.383s,    000h 50m 48.249s
901,    3392,    3051641,    000h 00m 03.392s,    000h 50m 51.641s
902,    3391,    3055032,    000h 00m 03.391s,    000h 50m 55.032s
903,    3391,    3058423,    000h 00m 03.391s,    000h 50m 58.423s
904,    3388,    3061811,    000h 00m 03.388s,    000h 51m 01.811s
905,    3387,    3065198,    000h 00m 03.387s,    000h 51m 05.198s
906,    3387,    3068585,    000h 00m 03.387s,    000h 51m 08.585s
907,    3379,    3071964,    000h 00m 03.379s,    000h 51m 11.964s
908,    3383,    3075347,    000h 00m 03.383s,    000h 51m 15.347s
909,    3394,    3078741,    000h 00m 03.394s,    000h 51m 18.741s
910,    3365,    3082106,    000h 00m 03.365s,    000h 51m 22.106s
911,    3369,    3085475,    000h 00m 03.369s,    000h 51m 25.475s
912,    3388,    3088863,    000h 00m 03.388s,    000h 51m 28.863s
913,    3377,    3092240,    000h 00m 03.377s,    000h 51m 32.240s
914,    3383,    3095623,    000h 00m 03.383s,    000h 51m 35.623s
915,    3387,    3099010,    000h 00m 03.387s,    000h 51m 39.010s
916,    3380,    3102390,    000h 00m 03.380s,    000h 51m 42.390s
917,    3396,    3105786,    000h 00m 03.396s,    000h 51m 45.786s
918,    3382,    3109168,    000h 00m 03.382s,    000h 51m 49.168s
919,    3372,    3112540,    000h 00m 03.372s,    000h 51m 52.540s
920,    3378,    3115918,    000h 00m 03.378s,    000h 51m 55.918s
921,    3389,    3119307,    000h 00m 03.389s,    000h 51m 59.307s
922,    3382,    3122689,    000h 00m 03.382s,    000h 52m 02.689s
923,    3390,    3126079,    000h 00m 03.390s,    000h 52m 06.079s
924,    3388,    3129467,    000h 00m 03.388s,    000h 52m 09.467s
925,    3379,    3132846,    000h 00m 03.379s,    000h 52m 12.846s
926,    3385,    3136231,    000h 00m 03.385s,    000h 52m 16.231s
927,    3380,    3139611,    000h 00m 03.380s,    000h 52m 19.611s
928,    3387,    3142998,    000h 00m 03.387s,    000h 52m 22.998s
929,    3385,    3146383,    000h 00m 03.385s,    000h 52m 26.383s
930,    3383,    3149766,    000h 00m 03.383s,    000h 52m 29.766s
931,    3377,    3153143,    000h 00m 03.377s,    000h 52m 33.143s
932,    3385,    3156528,    000h 00m 03.385s,    000h 52m 36.528s
933,    3379,    3159907,    000h 00m 03.379s,    000h 52m 39.907s
934,    3389,    3163296,    000h 00m 03.389s,    000h 52m 43.296s
935,    3380,    3166676,    000h 00m 03.380s,    000h 52m 46.676s
936,    3380,    3170056,    000h 00m 03.380s,    000h 52m 50.056s
937,    3378,    3173434,    000h 00m 03.378s,    000h 52m 53.434s
938,    3379,    3176813,    000h 00m 03.379s,    000h 52m 56.813s
939,    3393,    3180206,    000h 00m 03.393s,    000h 53m 00.206s
940,    3384,    3183590,    000h 00m 03.384s,    000h 53m 03.590s
941,    3379,    3186969,    000h 00m 03.379s,    000h 53m 06.969s
942,    3384,    3190353,    000h 00m 03.384s,    000h 53m 10.353s
943,    3382,    3193735,    000h 00m 03.382s,    000h 53m 13.735s
944,    3388,    3197123,    000h 00m 03.388s,    000h 53m 17.123s
945,    3396,    3200519,    000h 00m 03.396s,    000h 53m 20.519s
946,    3382,    3203901,    000h 00m 03.382s,    000h 53m 23.901s
947,    3375,    3207276,    000h 00m 03.375s,    000h 53m 27.276s
948,    3380,    3210656,    000h 00m 03.380s,    000h 53m 30.656s
949,    3380,    3214036,    000h 00m 03.380s,    000h 53m 34.036s
950,    3381,    3217417,    000h 00m 03.381s,    000h 53m 37.417s
951,    3379,    3220796,    000h 00m 03.379s,    000h 53m 40.796s
952,    3384,    3224180,    000h 00m 03.384s,    000h 53m 44.180s
953,    3396,    3227576,    000h 00m 03.396s,    000h 53m 47.576s
954,    3380,    3230956,    000h 00m 03.380s,    000h 53m 50.956s
955,    3381,    3234337,    000h 00m 03.381s,    000h 53m 54.337s
956,    3384,    3237721,    000h 00m 03.384s,    000h 53m 57.721s
957,    3387,    3241108,    000h 00m 03.387s,    000h 54m 01.108s
958,    3377,    3244485,    000h 00m 03.377s,    000h 54m 04.485s
959,    3390,    3247875,    000h 00m 03.390s,    000h 54m 07.875s
960,    3402,    3251277,    000h 00m 03.402s,    000h 54m 11.277s
961,    3387,    3254664,    000h 00m 03.387s,    000h 54m 14.664s
962,    3381,    3258045,    000h 00m 03.381s,    000h 54m 18.045s
963,    3386,    3261431,    000h 00m 03.386s,    000h 54m 21.431s
964,    3375,    3264806,    000h 00m 03.375s,    000h 54m 24.806s
965,    3385,    3268191,    000h 00m 03.385s,    000h 54m 28.191s
966,    3397,    3271588,    000h 00m 03.397s,    000h 54m 31.588s
967,    3370,    3274958,    000h 00m 03.370s,    000h 54m 34.958s
968,    3379,    3278337,    000h 00m 03.379s,    000h 54m 38.337s
969,    3385,    3281722,    000h 00m 03.385s,    000h 54m 41.722s
970,    3381,    3285103,    000h 00m 03.381s,    000h 54m 45.103s
971,    3375,    3288478,    000h 00m 03.375s,    000h 54m 48.478s
972,    3382,    3291860,    000h 00m 03.382s,    000h 54m 51.860s
973,    3389,    3295249,    000h 00m 03.389s,    000h 54m 55.249s
974,    3399,    3298648,    000h 00m 03.399s,    000h 54m 58.648s
975,    3393,    3302041,    000h 00m 03.393s,    000h 55m 02.041s
976,    3378,    3305419,    000h 00m 03.378s,    000h 55m 05.419s
977,    3375,    3308794,    000h 00m 03.375s,    000h 55m 08.794s
978,    3386,    3312180,    000h 00m 03.386s,    000h 55m 12.180s
979,    3383,    3315563,    000h 00m 03.383s,    000h 55m 15.563s
980,    3377,    3318940,    000h 00m 03.377s,    000h 55m 18.940s
981,    3380,    3322320,    000h 00m 03.380s,    000h 55m 22.320s
982,    3374,    3325694,    000h 00m 03.374s,    000h 55m 25.694s
983,    3397,    3329091,    000h 00m 03.397s,    000h 55m 29.091s
984,    3390,    3332481,    000h 00m 03.390s,    000h 55m 32.481s
985,    3384,    3335865,    000h 00m 03.384s,    000h 55m 35.865s
986,    3379,    3339244,    000h 00m 03.379s,    000h 55m 39.244s
987,    3382,    3342626,    000h 00m 03.382s,    000h 55m 42.626s
988,    3390,    3346016,    000h 00m 03.390s,    000h 55m 46.016s
989,    3383,    3349399,    000h 00m 03.383s,    000h 55m 49.399s
990,    3380,    3352779,    000h 00m 03.380s,    000h 55m 52.779s
991,    3385,    3356164,    000h 00m 03.385s,    000h 55m 56.164s
992,    3390,    3359554,    000h 00m 03.390s,    000h 55m 59.554s
993,    3381,    3362935,    000h 00m 03.381s,    000h 56m 02.935s
994,    3380,    3366315,    000h 00m 03.380s,    000h 56m 06.315s
995,    3371,    3369686,    000h 00m 03.371s,    000h 56m 09.686s
996,    3384,    3373070,    000h 00m 03.384s,    000h 56m 13.070s
997,    3380,    3376450,    000h 00m 03.380s,    000h 56m 16.450s
998,    3378,    3379828,    000h 00m 03.378s,    000h 56m 19.828s
999,    3383,    3383211,    000h 00m 03.383s,    000h 56m 23.211s
1000,    3385,    3386596,    000h 00m 03.385s,    000h 56m 26.596s
1001,    3385,    3389981,    000h 00m 03.385s,    000h 56m 29.981s
1002,    3384,    3393365,    000h 00m 03.384s,    000h 56m 33.365s
1003,    3372,    3396737,    000h 00m 03.372s,    000h 56m 36.737s
1004,    3376,    3400113,    000h 00m 03.376s,    000h 56m 40.113s
1005,    3387,    3403500,    000h 00m 03.387s,    000h 56m 43.500s
1006,    3385,    3406885,    000h 00m 03.385s,    000h 56m 46.885s
1007,    3376,    3410261,    000h 00m 03.376s,    000h 56m 50.261s
1008,    3379,    3413640,    000h 00m 03.379s,    000h 56m 53.640s
1009,    3385,    3417025,    000h 00m 03.385s,    000h 56m 57.025s
1010,    3394,    3420419,    000h 00m 03.394s,    000h 57m 00.419s
1011,    3386,    3423805,    000h 00m 03.386s,    000h 57m 03.805s
1012,    3385,    3427190,    000h 00m 03.385s,    000h 57m 07.190s
1013,    3376,    3430566,    000h 00m 03.376s,    000h 57m 10.566s
1014,    3379,    3433945,    000h 00m 03.379s,    000h 57m 13.945s
1015,    3387,    3437332,    000h 00m 03.387s,    000h 57m 17.332s
1016,    3379,    3440711,    000h 00m 03.379s,    000h 57m 20.711s
1017,    3383,    3444094,    000h 00m 03.383s,    000h 57m 24.094s
1018,    3393,    3447487,    000h 00m 03.393s,    000h 57m 27.487s
1019,    3378,    3450865,    000h 00m 03.378s,    000h 57m 30.865s
1020,    3383,    3454248,    000h 00m 03.383s,    000h 57m 34.248s
1021,    3385,    3457633,    000h 00m 03.385s,    000h 57m 37.633s
1022,    3378,    3461011,    000h 00m 03.378s,    000h 57m 41.011s
1023,    3377,    3464388,    000h 00m 03.377s,    000h 57m 44.388s
1024,    3378,    3467766,    000h 00m 03.378s,    000h 57m 47.766s
1025,    3380,    3471146,    000h 00m 03.380s,    000h 57m 51.146s
1026,    3382,    3474528,    000h 00m 03.382s,    000h 57m 54.528s
1027,    3400,    3477928,    000h 00m 03.400s,    000h 57m 57.928s
1028,    3388,    3481316,    000h 00m 03.388s,    000h 58m 01.316s
1029,    3383,    3484699,    000h 00m 03.383s,    000h 58m 04.699s
1030,    3387,    3488086,    000h 00m 03.387s,    000h 58m 08.086s
1031,    3394,    3491480,    000h 00m 03.394s,    000h 58m 11.480s
1032,    3382,    3494862,    000h 00m 03.382s,    000h 58m 14.862s
1033,    3375,    3498237,    000h 00m 03.375s,    000h 58m 18.237s
1034,    3381,    3501618,    000h 00m 03.381s,    000h 58m 21.618s
1035,    3391,    3505009,    000h 00m 03.391s,    000h 58m 25.009s
1036,    3377,    3508386,    000h 00m 03.377s,    000h 58m 28.386s
1037,    3396,    3511782,    000h 00m 03.396s,    000h 58m 31.782s
1038,    3388,    3515170,    000h 00m 03.388s,    000h 58m 35.170s
1039,    3387,    3518557,    000h 00m 03.387s,    000h 58m 38.557s
1040,    3403,    3521960,    000h 00m 03.403s,    000h 58m 41.960s
1041,    3393,    3525353,    000h 00m 03.393s,    000h 58m 45.353s
1042,    3381,    3528734,    000h 00m 03.381s,    000h 58m 48.734s
1043,    3376,    3532110,    000h 00m 03.376s,    000h 58m 52.110s
1044,    3385,    3535495,    000h 00m 03.385s,    000h 58m 55.495s
1045,    3389,    3538884,    000h 00m 03.389s,    000h 58m 58.884s
1046,    3482,    3542366,    000h 00m 03.482s,    000h 59m 02.366s
1047,    3393,    3545759,    000h 00m 03.393s,    000h 59m 05.759s
1048,    3386,    3549145,    000h 00m 03.386s,    000h 59m 09.145s
1049,    3385,    3552530,    000h 00m 03.385s,    000h 59m 12.530s
1050,    3393,    3555923,    000h 00m 03.393s,    000h 59m 15.923s
1051,    3393,    3559316,    000h 00m 03.393s,    000h 59m 19.316s
1052,    3376,    3562692,    000h 00m 03.376s,    000h 59m 22.692s
1053,    3394,    3566086,    000h 00m 03.394s,    000h 59m 26.086s
1054,    3395,    3569481,    000h 00m 03.395s,    000h 59m 29.481s
1055,    3409,    3572890,    000h 00m 03.409s,    000h 59m 32.890s
1056,    3376,    3576266,    000h 00m 03.376s,    000h 59m 36.266s
1057,    3389,    3579655,    000h 00m 03.389s,    000h 59m 39.655s
1058,    3386,    3583041,    000h 00m 03.386s,    000h 59m 43.041s
1059,    3392,    3586433,    000h 00m 03.392s,    000h 59m 46.433s
1060,    3385,    3589818,    000h 00m 03.385s,    000h 59m 49.818s
1061,    3412,    3593230,    000h 00m 03.412s,    000h 59m 53.230s
1062,    3381,    3596611,    000h 00m 03.381s,    000h 59m 56.611s
1063,    3388,    3599999,    000h 00m 03.388s,    000h 59m 59.999s
1064,    3378,    3603377,    000h 00m 03.378s,    001h 00m 03.377s
1065,    3376,    3606753,    000h 00m 03.376s,    001h 00m 06.753s
1066,    3377,    3610130,    000h 00m 03.377s,    001h 00m 10.130s
1067,    3399,    3613529,    000h 00m 03.399s,    001h 00m 13.529s
1068,    3440,    3616969,    000h 00m 03.440s,    001h 00m 16.969s
1069,    3388,    3620357,    000h 00m 03.388s,    001h 00m 20.357s
1070,    3379,    3623736,    000h 00m 03.379s,    001h 00m 23.736s
1071,    3395,    3627131,    000h 00m 03.395s,    001h 00m 27.131s
1072,    3403,    3630534,    000h 00m 03.403s,    001h 00m 30.534s
1073,    3381,    3633915,    000h 00m 03.381s,    001h 00m 33.915s
1074,    3403,    3637318,    000h 00m 03.403s,    001h 00m 37.318s
1075,    3376,    3640694,    000h 00m 03.376s,    001h 00m 40.694s
1076,    3389,    3644083,    000h 00m 03.389s,    001h 00m 44.083s
1077,    3386,    3647469,    000h 00m 03.386s,    001h 00m 47.469s
1078,    3374,    3650843,    000h 00m 03.374s,    001h 00m 50.843s
1079,    3381,    3654224,    000h 00m 03.381s,    001h 00m 54.224s
1080,    3387,    3657611,    000h 00m 03.387s,    001h 00m 57.611s
1081,    3392,    3661003,    000h 00m 03.392s,    001h 01m 01.003s
1082,    3380,    3664383,    000h 00m 03.380s,    001h 01m 04.383s
1083,    3382,    3667765,    000h 00m 03.382s,    001h 01m 07.765s
1084,    3385,    3671150,    000h 00m 03.385s,    001h 01m 11.150s
1085,    3382,    3674532,    000h 00m 03.382s,    001h 01m 14.532s
1086,    3382,    3677914,    000h 00m 03.382s,    001h 01m 17.914s
1087,    3383,    3681297,    000h 00m 03.383s,    001h 01m 21.297s
1088,    3381,    3684678,    000h 00m 03.381s,    001h 01m 24.678s
1089,    3374,    3688052,    000h 00m 03.374s,    001h 01m 28.052s
1090,    3384,    3691436,    000h 00m 03.384s,    001h 01m 31.436s
1091,    3378,    3694814,    000h 00m 03.378s,    001h 01m 34.814s
1092,    3390,    3698204,    000h 00m 03.390s,    001h 01m 38.204s
1093,    3413,    3701617,    000h 00m 03.413s,    001h 01m 41.617s
1094,    3390,    3705007,    000h 00m 03.390s,    001h 01m 45.007s
1095,    3449,    3708456,    000h 00m 03.449s,    001h 01m 48.456s
1096,    3388,    3711844,    000h 00m 03.388s,    001h 01m 51.844s
1097,    3389,    3715233,    000h 00m 03.389s,    001h 01m 55.233s
1098,    3404,    3718637,    000h 00m 03.404s,    001h 01m 58.637s
1099,    3382,    3722019,    000h 00m 03.382s,    001h 02m 02.019s
1100,    3392,    3725411,    000h 00m 03.392s,    001h 02m 05.411s
1101,    3388,    3728799,    000h 00m 03.388s,    001h 02m 08.799s
1102,    3384,    3732183,    000h 00m 03.384s,    001h 02m 12.183s
1103,    3383,    3735566,    000h 00m 03.383s,    001h 02m 15.566s
1104,    3384,    3738950,    000h 00m 03.384s,    001h 02m 18.950s
1105,    3365,    3742315,    000h 00m 03.365s,    001h 02m 22.315s
1106,    3374,    3745689,    000h 00m 03.374s,    001h 02m 25.689s
1107,    3384,    3749073,    000h 00m 03.384s,    001h 02m 29.073s
1108,    3388,    3752461,    000h 00m 03.388s,    001h 02m 32.461s
1109,    3391,    3755852,    000h 00m 03.391s,    001h 02m 35.852s
1110,    3381,    3759233,    000h 00m 03.381s,    001h 02m 39.233s
1111,    3379,    3762612,    000h 00m 03.379s,    001h 02m 42.612s
1112,    3393,    3766005,    000h 00m 03.393s,    001h 02m 46.005s
1113,    3422,    3769427,    000h 00m 03.422s,    001h 02m 49.427s
1114,    3382,    3772809,    000h 00m 03.382s,    001h 02m 52.809s
1115,    3398,    3776207,    000h 00m 03.398s,    001h 02m 56.207s
1116,    3402,    3779609,    000h 00m 03.402s,    001h 02m 59.609s
1117,    3387,    3782996,    000h 00m 03.387s,    001h 03m 02.996s
1118,    3386,    3786382,    000h 00m 03.386s,    001h 03m 06.382s
1119,    3383,    3789765,    000h 00m 03.383s,    001h 03m 09.765s
1120,    3385,    3793150,    000h 00m 03.385s,    001h 03m 13.150s
1121,    3387,    3796537,    000h 00m 03.387s,    001h 03m 16.537s
1122,    3376,    3799913,    000h 00m 03.376s,    001h 03m 19.913s
1123,    3380,    3803293,    000h 00m 03.380s,    001h 03m 23.293s
1124,    3382,    3806675,    000h 00m 03.382s,    001h 03m 26.675s
1125,    3389,    3810064,    000h 00m 03.389s,    001h 03m 30.064s
1126,    3388,    3813452,    000h 00m 03.388s,    001h 03m 33.452s
1127,    3382,    3816834,    000h 00m 03.382s,    001h 03m 36.834s
1128,    3381,    3820215,    000h 00m 03.381s,    001h 03m 40.215s
1129,    3376,    3823591,    000h 00m 03.376s,    001h 03m 43.591s
1130,    3385,    3826976,    000h 00m 03.385s,    001h 03m 46.976s
1131,    3382,    3830358,    000h 00m 03.382s,    001h 03m 50.358s
1132,    3377,    3833735,    000h 00m 03.377s,    001h 03m 53.735s
1133,    3377,    3837112,    000h 00m 03.377s,    001h 03m 57.112s
1134,    3429,    3840541,    000h 00m 03.429s,    001h 04m 00.541s
1135,    3395,    3843936,    000h 00m 03.395s,    001h 04m 03.936s
1136,    3397,    3847333,    000h 00m 03.397s,    001h 04m 07.333s
1137,    3387,    3850720,    000h 00m 03.387s,    001h 04m 10.720s
1138,    3387,    3854107,    000h 00m 03.387s,    001h 04m 14.107s
1139,    3397,    3857504,    000h 00m 03.397s,    001h 04m 17.504s
1140,    3378,    3860882,    000h 00m 03.378s,    001h 04m 20.882s
1141,    3378,    3864260,    000h 00m 03.378s,    001h 04m 24.260s
1142,    3381,    3867641,    000h 00m 03.381s,    001h 04m 27.641s
1143,    3398,    3871039,    000h 00m 03.398s,    001h 04m 31.039s
1144,    3380,    3874419,    000h 00m 03.380s,    001h 04m 34.419s
1145,    3376,    3877795,    000h 00m 03.376s,    001h 04m 37.795s
1146,    3381,    3881176,    000h 00m 03.381s,    001h 04m 41.176s
1147,    3396,    3884572,    000h 00m 03.396s,    001h 04m 44.572s
1148,    3419,    3887991,    000h 00m 03.419s,    001h 04m 47.991s
1149,    3388,    3891379,    000h 00m 03.388s,    001h 04m 51.379s
1150,    3386,    3894765,    000h 00m 03.386s,    001h 04m 54.765s
1151,    3385,    3898150,    000h 00m 03.385s,    001h 04m 58.150s
1152,    3385,    3901535,    000h 00m 03.385s,    001h 05m 01.535s
1153,    3380,    3904915,    000h 00m 03.380s,    001h 05m 04.915s
1154,    3383,    3908298,    000h 00m 03.383s,    001h 05m 08.298s
1155,    3378,    3911676,    000h 00m 03.378s,    001h 05m 11.676s
1156,    3393,    3915069,    000h 00m 03.393s,    001h 05m 15.069s
1157,    3383,    3918452,    000h 00m 03.383s,    001h 05m 18.452s
1158,    3385,    3921837,    000h 00m 03.385s,    001h 05m 21.837s
1159,    3424,    3925261,    000h 00m 03.424s,    001h 05m 25.261s
1160,    3388,    3928649,    000h 00m 03.388s,    001h 05m 28.649s
1161,    3388,    3932037,    000h 00m 03.388s,    001h 05m 32.037s
1162,    3390,    3935427,    000h 00m 03.390s,    001h 05m 35.427s
1163,    3382,    3938809,    000h 00m 03.382s,    001h 05m 38.809s
1164,    3403,    3942212,    000h 00m 03.403s,    001h 05m 42.212s
1165,    3384,    3945596,    000h 00m 03.384s,    001h 05m 45.596s
1166,    3387,    3948983,    000h 00m 03.387s,    001h 05m 48.983s
1167,    3394,    3952377,    000h 00m 03.394s,    001h 05m 52.377s
1168,    3380,    3955757,    000h 00m 03.380s,    001h 05m 55.757s
1169,    3392,    3959149,    000h 00m 03.392s,    001h 05m 59.149s
1170,    3386,    3962535,    000h 00m 03.386s,    001h 06m 02.535s
1171,    3382,    3965917,    000h 00m 03.382s,    001h 06m 05.917s
1172,    3380,    3969297,    000h 00m 03.380s,    001h 06m 09.297s
1173,    3389,    3972686,    000h 00m 03.389s,    001h 06m 12.686s
1174,    3392,    3976078,    000h 00m 03.392s,    001h 06m 16.078s
1175,    3381,    3979459,    000h 00m 03.381s,    001h 06m 19.459s
1176,    3380,    3982839,    000h 00m 03.380s,    001h 06m 22.839s
1177,    3374,    3986213,    000h 00m 03.374s,    001h 06m 26.213s
1178,    3385,    3989598,    000h 00m 03.385s,    001h 06m 29.598s
1179,    3401,    3992999,    000h 00m 03.401s,    001h 06m 32.999s
1180,    3398,    3996397,    000h 00m 03.398s,    001h 06m 36.397s
1181,    3383,    3999780,    000h 00m 03.383s,    001h 06m 39.780s
1182,    3375,    4003155,    000h 00m 03.375s,    001h 06m 43.155s
1183,    3383,    4006538,    000h 00m 03.383s,    001h 06m 46.538s
1184,    3383,    4009921,    000h 00m 03.383s,    001h 06m 49.921s
1185,    3384,    4013305,    000h 00m 03.384s,    001h 06m 53.305s
1186,    3386,    4016691,    000h 00m 03.386s,    001h 06m 56.691s
1187,    3394,    4020085,    000h 00m 03.394s,    001h 07m 00.085s
1188,    3390,    4023475,    000h 00m 03.390s,    001h 07m 03.475s
1189,    3387,    4026862,    000h 00m 03.387s,    001h 07m 06.862s
1190,    3381,    4030243,    000h 00m 03.381s,    001h 07m 10.243s
1191,    3379,    4033622,    000h 00m 03.379s,    001h 07m 13.622s
1192,    3387,    4037009,    000h 00m 03.387s,    001h 07m 17.009s
1193,    3379,    4040388,    000h 00m 03.379s,    001h 07m 20.388s
1194,    3384,    4043772,    000h 00m 03.384s,    001h 07m 23.772s
1195,    3384,    4047156,    000h 00m 03.384s,    001h 07m 27.156s
1196,    3382,    4050538,    000h 00m 03.382s,    001h 07m 30.538s
1197,    3381,    4053919,    000h 00m 03.381s,    001h 07m 33.919s
1198,    3384,    4057303,    000h 00m 03.384s,    001h 07m 37.303s
1199,    3372,    4060675,    000h 00m 03.372s,    001h 07m 40.675s
1200,    3378,    4064053,    000h 00m 03.378s,    001h 07m 44.053s
1201,    3387,    4067440,    000h 00m 03.387s,    001h 07m 47.440s
1202,    3378,    4070818,    000h 00m 03.378s,    001h 07m 50.818s
1203,    3422,    4074240,    000h 00m 03.422s,    001h 07m 54.240s
1204,    3392,    4077632,    000h 00m 03.392s,    001h 07m 57.632s
1205,    3395,    4081027,    000h 00m 03.395s,    001h 08m 01.027s
1206,    3395,    4084422,    000h 00m 03.395s,    001h 08m 04.422s
1207,    3386,    4087808,    000h 00m 03.386s,    001h 08m 07.808s
1208,    3386,    4091194,    000h 00m 03.386s,    001h 08m 11.194s
1209,    3394,    4094588,    000h 00m 03.394s,    001h 08m 14.588s
1210,    3387,    4097975,    000h 00m 03.387s,    001h 08m 17.975s
1211,    3392,    4101367,    000h 00m 03.392s,    001h 08m 21.367s
1212,    3383,    4104750,    000h 00m 03.383s,    001h 08m 24.750s
1213,    3391,    4108141,    000h 00m 03.391s,    001h 08m 28.141s
1214,    3382,    4111523,    000h 00m 03.382s,    001h 08m 31.523s
1215,    3388,    4114911,    000h 00m 03.388s,    001h 08m 34.911s
1216,    3377,    4118288,    000h 00m 03.377s,    001h 08m 38.288s
1217,    3383,    4121671,    000h 00m 03.383s,    001h 08m 41.671s
1218,    3390,    4125061,    000h 00m 03.390s,    001h 08m 45.061s
1219,    3377,    4128438,    000h 00m 03.377s,    001h 08m 48.438s
1220,    3384,    4131822,    000h 00m 03.384s,    001h 08m 51.822s
1221,    3384,    4135206,    000h 00m 03.384s,    001h 08m 55.206s
1222,    3401,    4138607,    000h 00m 03.401s,    001h 08m 58.607s
1223,    3427,    4142034,    000h 00m 03.427s,    001h 09m 02.034s
1224,    3384,    4145418,    000h 00m 03.384s,    001h 09m 05.418s
1225,    3388,    4148806,    000h 00m 03.388s,    001h 09m 08.806s
1226,    3378,    4152184,    000h 00m 03.378s,    001h 09m 12.184s
1227,    3393,    4155577,    000h 00m 03.393s,    001h 09m 15.577s
1228,    3380,    4158957,    000h 00m 03.380s,    001h 09m 18.957s
1229,    3391,    4162348,    000h 00m 03.391s,    001h 09m 22.348s
1230,    3387,    4165735,    000h 00m 03.387s,    001h 09m 25.735s
1231,    3383,    4169118,    000h 00m 03.383s,    001h 09m 29.118s
1232,    3381,    4172499,    000h 00m 03.381s,    001h 09m 32.499s
1233,    3380,    4175879,    000h 00m 03.380s,    001h 09m 35.879s
1234,    3384,    4179263,    000h 00m 03.384s,    001h 09m 39.263s
1235,    3391,    4182654,    000h 00m 03.391s,    001h 09m 42.654s
1236,    3379,    4186033,    000h 00m 03.379s,    001h 09m 46.033s
1237,    3389,    4189422,    000h 00m 03.389s,    001h 09m 49.422s
1238,    3382,    4192804,    000h 00m 03.382s,    001h 09m 52.804s
1239,    3392,    4196196,    000h 00m 03.392s,    001h 09m 56.196s
1240,    3387,    4199583,    000h 00m 03.387s,    001h 09m 59.583s
1241,    3391,    4202974,    000h 00m 03.391s,    001h 10m 02.974s
1242,    3387,    4206361,    000h 00m 03.387s,    001h 10m 06.361s
1243,    3411,    4209772,    000h 00m 03.411s,    001h 10m 09.772s
1244,    3416,    4213188,    000h 00m 03.416s,    001h 10m 13.188s
1245,    3398,    4216586,    000h 00m 03.398s,    001h 10m 16.586s
1246,    3383,    4219969,    000h 00m 03.383s,    001h 10m 19.969s
1247,    3388,    4223357,    000h 00m 03.388s,    001h 10m 23.357s
1248,    3374,    4226731,    000h 00m 03.374s,    001h 10m 26.731s
1249,    3382,    4230113,    000h 00m 03.382s,    001h 10m 30.113s
1250,    3387,    4233500,    000h 00m 03.387s,    001h 10m 33.500s
1251,    3376,    4236876,    000h 00m 03.376s,    001h 10m 36.876s
1252,    3383,    4240259,    000h 00m 03.383s,    001h 10m 40.259s
1253,    3394,    4243653,    000h 00m 03.394s,    001h 10m 43.653s
1254,    3397,    4247050,    000h 00m 03.397s,    001h 10m 47.050s
1255,    3393,    4250443,    000h 00m 03.393s,    001h 10m 50.443s
1256,    3381,    4253824,    000h 00m 03.381s,    001h 10m 53.824s
1257,    3387,    4257211,    000h 00m 03.387s,    001h 10m 57.211s
1258,    3392,    4260603,    000h 00m 03.392s,    001h 11m 00.603s
1259,    3380,    4263983,    000h 00m 03.380s,    001h 11m 03.983s
1260,    3383,    4267366,    000h 00m 03.383s,    001h 11m 07.366s
1261,    3378,    4270744,    000h 00m 03.378s,    001h 11m 10.744s
1262,    3389,    4274133,    000h 00m 03.389s,    001h 11m 14.133s
1263,    3385,    4277518,    000h 00m 03.385s,    001h 11m 17.518s
1264,    3385,    4280903,    000h 00m 03.385s,    001h 11m 20.903s
1265,    3392,    4284295,    000h 00m 03.392s,    001h 11m 24.295s
1266,    3381,    4287676,    000h 00m 03.381s,    001h 11m 27.676s
1267,    3425,    4291101,    000h 00m 03.425s,    001h 11m 31.101s
1268,    3386,    4294487,    000h 00m 03.386s,    001h 11m 34.487s
1269,    3400,    4297887,    000h 00m 03.400s,    001h 11m 37.887s
1270,    3380,    4301267,    000h 00m 03.380s,    001h 11m 41.267s
1271,    3395,    4304662,    000h 00m 03.395s,    001h 11m 44.662s
1272,    3380,    4308042,    000h 00m 03.380s,    001h 11m 48.042s
1273,    3389,    4311431,    000h 00m 03.389s,    001h 11m 51.431s
1274,    3383,    4314814,    000h 00m 03.383s,    001h 11m 54.814s
1275,    3395,    4318209,    000h 00m 03.395s,    001h 11m 58.209s
1276,    3390,    4321599,    000h 00m 03.390s,    001h 12m 01.599s
1277,    3390,    4324989,    000h 00m 03.390s,    001h 12m 04.989s
1278,    3383,    4328372,    000h 00m 03.383s,    001h 12m 08.372s
1279,    3391,    4331763,    000h 00m 03.391s,    001h 12m 11.763s
1280,    3389,    4335152,    000h 00m 03.389s,    001h 12m 15.152s
1281,    3376,    4338528,    000h 00m 03.376s,    001h 12m 18.528s
1282,    3372,    4341900,    000h 00m 03.372s,    001h 12m 21.900s
1283,    3396,    4345296,    000h 00m 03.396s,    001h 12m 25.296s
1284,    3382,    4348678,    000h 00m 03.382s,    001h 12m 28.678s
1285,    3371,    4352049,    000h 00m 03.371s,    001h 12m 32.049s
1286,    3380,    4355429,    000h 00m 03.380s,    001h 12m 35.429s
1287,    3386,    4358815,    000h 00m 03.386s,    001h 12m 38.815s
1288,    3416,    4362231,    000h 00m 03.416s,    001h 12m 42.231s
1289,    3382,    4365613,    000h 00m 03.382s,    001h 12m 45.613s
1290,    3387,    4369000,    000h 00m 03.387s,    001h 12m 49.000s
1291,    3384,    4372384,    000h 00m 03.384s,    001h 12m 52.384s
1292,    3387,    4375771,    000h 00m 03.387s,    001h 12m 55.771s
1293,    3387,    4379158,    000h 00m 03.387s,    001h 12m 59.158s
1294,    3389,    4382547,    000h 00m 03.389s,    001h 13m 02.547s
1295,    3376,    4385923,    000h 00m 03.376s,    001h 13m 05.923s
1296,    3396,    4389319,    000h 00m 03.396s,    001h 13m 09.319s
1297,    3378,    4392697,    000h 00m 03.378s,    001h 13m 12.697s
1298,    3382,    4396079,    000h 00m 03.382s,    001h 13m 16.079s
1299,    3376,    4399455,    000h 00m 03.376s,    001h 13m 19.455s
1300,    3385,    4402840,    000h 00m 03.385s,    001h 13m 22.840s
1301,    3376,    4406216,    000h 00m 03.376s,    001h 13m 26.216s
1302,    3384,    4409600,    000h 00m 03.384s,    001h 13m 29.600s
1303,    3384,    4412984,    000h 00m 03.384s,    001h 13m 32.984s
1304,    3386,    4416370,    000h 00m 03.386s,    001h 13m 36.370s
1305,    3381,    4419751,    000h 00m 03.381s,    001h 13m 39.751s
1306,    3377,    4423128,    000h 00m 03.377s,    001h 13m 43.128s
1307,    3405,    4426533,    000h 00m 03.405s,    001h 13m 46.533s
1308,    3384,    4429917,    000h 00m 03.384s,    001h 13m 49.917s
1309,    3376,    4433293,    000h 00m 03.376s,    001h 13m 53.293s
1310,    3387,    4436680,    000h 00m 03.387s,    001h 13m 56.680s
1311,    3393,    4440073,    000h 00m 03.393s,    001h 14m 00.073s
1312,    3386,    4443459,    000h 00m 03.386s,    001h 14m 03.459s
1313,    3423,    4446882,    000h 00m 03.423s,    001h 14m 06.882s
1314,    3381,    4450263,    000h 00m 03.381s,    001h 14m 10.263s
1315,    3382,    4453645,    000h 00m 03.382s,    001h 14m 13.645s
1316,    3381,    4457026,    000h 00m 03.381s,    001h 14m 17.026s
1317,    3385,    4460411,    000h 00m 03.385s,    001h 14m 20.411s
1318,    3383,    4463794,    000h 00m 03.383s,    001h 14m 23.794s
1319,    3380,    4467174,    000h 00m 03.380s,    001h 14m 27.174s
1320,    3395,    4470569,    000h 00m 03.395s,    001h 14m 30.569s
1321,    3390,    4473959,    000h 00m 03.390s,    001h 14m 33.959s
1322,    3384,    4477343,    000h 00m 03.384s,    001h 14m 37.343s
1323,    3470,    4480813,    000h 00m 03.470s,    001h 14m 40.813s
1324,    3378,    4484191,    000h 00m 03.378s,    001h 14m 44.191s
1325,    3384,    4487575,    000h 00m 03.384s,    001h 14m 47.575s
1326,    3381,    4490956,    000h 00m 03.381s,    001h 14m 50.956s
1327,    3381,    4494337,    000h 00m 03.381s,    001h 14m 54.337s
1328,    3383,    4497720,    000h 00m 03.383s,    001h 14m 57.720s
1329,    3391,    4501111,    000h 00m 03.391s,    001h 15m 01.111s
1330,    3376,    4504487,    000h 00m 03.376s,    001h 15m 04.487s
1331,    3393,    4507880,    000h 00m 03.393s,    001h 15m 07.880s
1332,    3385,    4511265,    000h 00m 03.385s,    001h 15m 11.265s
1333,    3396,    4514661,    000h 00m 03.396s,    001h 15m 14.661s
1334,    3403,    4518064,    000h 00m 03.403s,    001h 15m 18.064s
1335,    3378,    4521442,    000h 00m 03.378s,    001h 15m 21.442s
1336,    3383,    4524825,    000h 00m 03.383s,    001h 15m 24.825s
1337,    3407,    4528232,    000h 00m 03.407s,    001h 15m 28.232s
1338,    3387,    4531619,    000h 00m 03.387s,    001h 15m 31.619s
1339,    3384,    4535003,    000h 00m 03.384s,    001h 15m 35.003s
1340,    3379,    4538382,    000h 00m 03.379s,    001h 15m 38.382s
1341,    3387,    4541769,    000h 00m 03.387s,    001h 15m 41.769s
1342,    3379,    4545148,    000h 00m 03.379s,    001h 15m 45.148s
1343,    3396,    4548544,    000h 00m 03.396s,    001h 15m 48.544s
1344,    3385,    4551929,    000h 00m 03.385s,    001h 15m 51.929s
1345,    3385,    4555314,    000h 00m 03.385s,    001h 15m 55.314s
1346,    3399,    4558713,    000h 00m 03.399s,    001h 15m 58.713s
1347,    3392,    4562105,    000h 00m 03.392s,    001h 16m 02.105s
1348,    3370,    4565475,    000h 00m 03.370s,    001h 16m 05.475s
1349,    3379,    4568854,    000h 00m 03.379s,    001h 16m 08.854s
1350,    3390,    4572244,    000h 00m 03.390s,    001h 16m 12.244s
1351,    3393,    4575637,    000h 00m 03.393s,    001h 16m 15.637s
1352,    3394,    4579031,    000h 00m 03.394s,    001h 16m 19.031s
1353,    3382,    4582413,    000h 00m 03.382s,    001h 16m 22.413s
1354,    3388,    4585801,    000h 00m 03.388s,    001h 16m 25.801s
1355,    3375,    4589176,    000h 00m 03.375s,    001h 16m 29.176s
1356,    3377,    4592553,    000h 00m 03.377s,    001h 16m 32.553s
1357,    3427,    4595980,    000h 00m 03.427s,    001h 16m 35.980s
1358,    3380,    4599360,    000h 00m 03.380s,    001h 16m 39.360s
1359,    3386,    4602746,    000h 00m 03.386s,    001h 16m 42.746s
1360,    3389,    4606135,    000h 00m 03.389s,    001h 16m 46.135s
1361,    3386,    4609521,    000h 00m 03.386s,    001h 16m 49.521s
1362,    3390,    4612911,    000h 00m 03.390s,    001h 16m 52.911s
1363,    3395,    4616306,    000h 00m 03.395s,    001h 16m 56.306s
1364,    3397,    4619703,    000h 00m 03.397s,    001h 16m 59.703s
1365,    3398,    4623101,    000h 00m 03.398s,    001h 17m 03.101s
1366,    3384,    4626485,    000h 00m 03.384s,    001h 17m 06.485s
1367,    3385,    4629870,    000h 00m 03.385s,    001h 17m 09.870s
1368,    3384,    4633254,    000h 00m 03.384s,    001h 17m 13.254s
1369,    3393,    4636647,    000h 00m 03.393s,    001h 17m 16.647s
1370,    3382,    4640029,    000h 00m 03.382s,    001h 17m 20.029s
1371,    3378,    4643407,    000h 00m 03.378s,    001h 17m 23.407s
1372,    3389,    4646796,    000h 00m 03.389s,    001h 17m 26.796s
1373,    3382,    4650178,    000h 00m 03.382s,    001h 17m 30.178s
1374,    3384,    4653562,    000h 00m 03.384s,    001h 17m 33.562s
1375,    3395,    4656957,    000h 00m 03.395s,    001h 17m 36.957s
1376,    3387,    4660344,    000h 00m 03.387s,    001h 17m 40.344s
1377,    3378,    4663722,    000h 00m 03.378s,    001h 17m 43.722s
1378,    3394,    4667116,    000h 00m 03.394s,    001h 17m 47.116s
1379,    3381,    4670497,    000h 00m 03.381s,    001h 17m 50.497s
1380,    3417,    4673914,    000h 00m 03.417s,    001h 17m 53.914s
1381,    3381,    4677295,    000h 00m 03.381s,    001h 17m 57.295s
1382,    3395,    4680690,    000h 00m 03.395s,    001h 18m 00.690s
1383,    3383,    4684073,    000h 00m 03.383s,    001h 18m 04.073s
1384,    3382,    4687455,    000h 00m 03.382s,    001h 18m 07.455s
1385,    3385,    4690840,    000h 00m 03.385s,    001h 18m 10.840s
1386,    3385,    4694225,    000h 00m 03.385s,    001h 18m 14.225s
1387,    3386,    4697611,    000h 00m 03.386s,    001h 18m 17.611s
1388,    3385,    4700996,    000h 00m 03.385s,    001h 18m 20.996s
1389,    3386,    4704382,    000h 00m 03.386s,    001h 18m 24.382s
1390,    3388,    4707770,    000h 00m 03.388s,    001h 18m 27.770s
1391,    3389,    4711159,    000h 00m 03.389s,    001h 18m 31.159s
1392,    3386,    4714545,    000h 00m 03.386s,    001h 18m 34.545s
1393,    3387,    4717932,    000h 00m 03.387s,    001h 18m 37.932s
1394,    3394,    4721326,    000h 00m 03.394s,    001h 18m 41.326s
1395,    3385,    4724711,    000h 00m 03.385s,    001h 18m 44.711s
1396,    3380,    4728091,    000h 00m 03.380s,    001h 18m 48.091s
1397,    3394,    4731485,    000h 00m 03.394s,    001h 18m 51.485s
1398,    3373,    4734858,    000h 00m 03.373s,    001h 18m 54.858s
1399,    3383,    4738241,    000h 00m 03.383s,    001h 18m 58.241s
1400,    3389,    4741630,    000h 00m 03.389s,    001h 19m 01.630s
1401,    3391,    4745021,    000h 00m 03.391s,    001h 19m 05.021s
1402,    3418,    4748439,    000h 00m 03.418s,    001h 19m 08.439s
1403,    3377,    4751816,    000h 00m 03.377s,    001h 19m 11.816s
1404,    3386,    4755202,    000h 00m 03.386s,    001h 19m 15.202s
1405,    3388,    4758590,    000h 00m 03.388s,    001h 19m 18.590s
1406,    3383,    4761973,    000h 00m 03.383s,    001h 19m 21.973s
1407,    3381,    4765354,    000h 00m 03.381s,    001h 19m 25.354s
1408,    3396,    4768750,    000h 00m 03.396s,    001h 19m 28.750s
1409,    3392,    4772142,    000h 00m 03.392s,    001h 19m 32.142s
1410,    3381,    4775523,    000h 00m 03.381s,    001h 19m 35.523s
1411,    3378,    4778901,    000h 00m 03.378s,    001h 19m 38.901s
1412,    3381,    4782282,    000h 00m 03.381s,    001h 19m 42.282s
1413,    3393,    4785675,    000h 00m 03.393s,    001h 19m 45.675s
1414,    3396,    4789071,    000h 00m 03.396s,    001h 19m 49.071s
1415,    3388,    4792459,    000h 00m 03.388s,    001h 19m 52.459s
1416,    3393,    4795852,    000h 00m 03.393s,    001h 19m 55.852s
1417,    3392,    4799244,    000h 00m 03.392s,    001h 19m 59.244s
1418,    3380,    4802624,    000h 00m 03.380s,    001h 20m 02.624s
1419,    3385,    4806009,    000h 00m 03.385s,    001h 20m 06.009s
1420,    3395,    4809404,    000h 00m 03.395s,    001h 20m 09.404s
1421,    3366,    4812770,    000h 00m 03.366s,    001h 20m 12.770s
1422,    3433,    4816203,    000h 00m 03.433s,    001h 20m 16.203s
1423,    3393,    4819596,    000h 00m 03.393s,    001h 20m 19.596s
1424,    3398,    4822994,    000h 00m 03.398s,    001h 20m 22.994s
1425,    3384,    4826378,    000h 00m 03.384s,    001h 20m 26.378s
1426,    3389,    4829767,    000h 00m 03.389s,    001h 20m 29.767s
1427,    3394,    4833161,    000h 00m 03.394s,    001h 20m 33.161s
1428,    3382,    4836543,    000h 00m 03.382s,    001h 20m 36.543s
1429,    3380,    4839923,    000h 00m 03.380s,    001h 20m 39.923s
1430,    3382,    4843305,    000h 00m 03.382s,    001h 20m 43.305s
1431,    3398,    4846703,    000h 00m 03.398s,    001h 20m 46.703s
1432,    3410,    4850113,    000h 00m 03.410s,    001h 20m 50.113s
1433,    3383,    4853496,    000h 00m 03.383s,    001h 20m 53.496s
1434,    3386,    4856882,    000h 00m 03.386s,    001h 20m 56.882s
1435,    3389,    4860271,    000h 00m 03.389s,    001h 21m 00.271s
1436,    3391,    4863662,    000h 00m 03.391s,    001h 21m 03.662s
1437,    3387,    4867049,    000h 00m 03.387s,    001h 21m 07.049s
1438,    3393,    4870442,    000h 00m 03.393s,    001h 21m 10.442s
1439,    3387,    4873829,    000h 00m 03.387s,    001h 21m 13.829s
1440,    3384,    4877213,    000h 00m 03.384s,    001h 21m 17.213s
1441,    3399,    4880612,    000h 00m 03.399s,    001h 21m 20.612s
1442,    3392,    4884004,    000h 00m 03.392s,    001h 21m 24.004s
1443,    3393,    4887397,    000h 00m 03.393s,    001h 21m 27.397s
1444,    3415,    4890812,    000h 00m 03.415s,    001h 21m 30.812s
1445,    3381,    4894193,    000h 00m 03.381s,    001h 21m 34.193s
1446,    3383,    4897576,    000h 00m 03.383s,    001h 21m 37.576s
1447,    3377,    4900953,    000h 00m 03.377s,    001h 21m 40.953s
1448,    3378,    4904331,    000h 00m 03.378s,    001h 21m 44.331s
1449,    3385,    4907716,    000h 00m 03.385s,    001h 21m 47.716s
1450,    3387,    4911103,    000h 00m 03.387s,    001h 21m 51.103s
1451,    3385,    4914488,    000h 00m 03.385s,    001h 21m 54.488s
1452,    3394,    4917882,    000h 00m 03.394s,    001h 21m 57.882s
1453,    3392,    4921274,    000h 00m 03.392s,    001h 22m 01.274s
1454,    3380,    4924654,    000h 00m 03.380s,    001h 22m 04.654s
1455,    3374,    4928028,    000h 00m 03.374s,    001h 22m 08.028s
1456,    3381,    4931409,    000h 00m 03.381s,    001h 22m 11.409s
1457,    3393,    4934802,    000h 00m 03.393s,    001h 22m 14.802s
1458,    3375,    4938177,    000h 00m 03.375s,    001h 22m 18.177s
1459,    3394,    4941571,    000h 00m 03.394s,    001h 22m 21.571s
1460,    3382,    4944953,    000h 00m 03.382s,    001h 22m 24.953s
1461,    3377,    4948330,    000h 00m 03.377s,    001h 22m 28.330s
1462,    3383,    4951713,    000h 00m 03.383s,    001h 22m 31.713s
1463,    3382,    4955095,    000h 00m 03.382s,    001h 22m 35.095s
1464,    3417,    4958512,    000h 00m 03.417s,    001h 22m 38.512s
1465,    3374,    4961886,    000h 00m 03.374s,    001h 22m 41.886s
1466,    3392,    4965278,    000h 00m 03.392s,    001h 22m 45.278s
1467,    3389,    4968667,    000h 00m 03.389s,    001h 22m 48.667s
1468,    3382,    4972049,    000h 00m 03.382s,    001h 22m 52.049s
1469,    3388,    4975437,    000h 00m 03.388s,    001h 22m 55.437s
1470,    3386,    4978823,    000h 00m 03.386s,    001h 22m 58.823s
1471,    3395,    4982218,    000h 00m 03.395s,    001h 23m 02.218s
1472,    3377,    4985595,    000h 00m 03.377s,    001h 23m 05.595s
1473,    3394,    4988989,    000h 00m 03.394s,    001h 23m 08.989s
1474,    3375,    4992364,    000h 00m 03.375s,    001h 23m 12.364s
1475,    3392,    4995756,    000h 00m 03.392s,    001h 23m 15.756s
1476,    3384,    4999140,    000h 00m 03.384s,    001h 23m 19.140s
1477,    3386,    5002526,    000h 00m 03.386s,    001h 23m 22.526s
1478,    3377,    5005903,    000h 00m 03.377s,    001h 23m 25.903s
1479,    3380,    5009283,    000h 00m 03.380s,    001h 23m 29.283s
1480,    3381,    5012664,    000h 00m 03.381s,    001h 23m 32.664s
1481,    3383,    5016047,    000h 00m 03.383s,    001h 23m 36.047s
1482,    3391,    5019438,    000h 00m 03.391s,    001h 23m 39.438s
1483,    3389,    5022827,    000h 00m 03.389s,    001h 23m 42.827s
1484,    3420,    5026247,    000h 00m 03.420s,    001h 23m 46.247s
1485,    3381,    5029628,    000h 00m 03.381s,    001h 23m 49.628s
1486,    3390,    5033018,    000h 00m 03.390s,    001h 23m 53.018s
1487,    3384,    5036402,    000h 00m 03.384s,    001h 23m 56.402s
1488,    3383,    5039785,    000h 00m 03.383s,    001h 23m 59.785s
1489,    3378,    5043163,    000h 00m 03.378s,    001h 24m 03.163s
1490,    3382,    5046545,    000h 00m 03.382s,    001h 24m 06.545s
1491,    3378,    5049923,    000h 00m 03.378s,    001h 24m 09.923s
1492,    3370,    5053293,    000h 00m 03.370s,    001h 24m 13.293s
1493,    3380,    5056673,    000h 00m 03.380s,    001h 24m 16.673s
1494,    3391,    5060064,    000h 00m 03.391s,    001h 24m 20.064s
1495,    3385,    5063449,    000h 00m 03.385s,    001h 24m 23.449s
1496,    3388,    5066837,    000h 00m 03.388s,    001h 24m 26.837s
1497,    3379,    5070216,    000h 00m 03.379s,    001h 24m 30.216s
1498,    3383,    5073599,    000h 00m 03.383s,    001h 24m 33.599s
1499,    3386,    5076985,    000h 00m 03.386s,    001h 24m 36.985s
1500,    3386,    5080371,    000h 00m 03.386s,    001h 24m 40.371s
1501,    3389,    5083760,    000h 00m 03.389s,    001h 24m 43.760s
1502,    3386,    5087146,    000h 00m 03.386s,    001h 24m 47.146s
1503,    3386,    5090532,    000h 00m 03.386s,    001h 24m 50.532s
1504,    3380,    5093912,    000h 00m 03.380s,    001h 24m 53.912s
1505,    3388,    5097300,    000h 00m 03.388s,    001h 24m 57.300s
1506,    3395,    5100695,    000h 00m 03.395s,    001h 25m 00.695s
1507,    3427,    5104122,    000h 00m 03.427s,    001h 25m 04.122s
1508,    3388,    5107510,    000h 00m 03.388s,    001h 25m 07.510s
1509,    3392,    5110902,    000h 00m 03.392s,    001h 25m 10.902s
1510,    3376,    5114278,    000h 00m 03.376s,    001h 25m 14.278s
1511,    3386,    5117664,    000h 00m 03.386s,    001h 25m 17.664s
1512,    3383,    5121047,    000h 00m 03.383s,    001h 25m 21.047s
1513,    3377,    5124424,    000h 00m 03.377s,    001h 25m 24.424s
1514,    3384,    5127808,    000h 00m 03.384s,    001h 25m 27.808s
1515,    3377,    5131185,    000h 00m 03.377s,    001h 25m 31.185s
1516,    3397,    5134582,    000h 00m 03.397s,    001h 25m 34.582s
1517,    3386,    5137968,    000h 00m 03.386s,    001h 25m 37.968s
1518,    3373,    5141341,    000h 00m 03.373s,    001h 25m 41.341s
1519,    3390,    5144731,    000h 00m 03.390s,    001h 25m 44.731s
1520,    3377,    5148108,    000h 00m 03.377s,    001h 25m 48.108s
1521,    3384,    5151492,    000h 00m 03.384s,    001h 25m 51.492s
1522,    3405,    5154897,    000h 00m 03.405s,    001h 25m 54.897s
1523,    3384,    5158281,    000h 00m 03.384s,    001h 25m 58.281s
1524,    3395,    5161676,    000h 00m 03.395s,    001h 26m 01.676s
1525,    3390,    5165066,    000h 00m 03.390s,    001h 26m 05.066s
1526,    3390,    5168456,    000h 00m 03.390s,    001h 26m 08.456s
1527,    3390,    5171846,    000h 00m 03.390s,    001h 26m 11.846s
1528,    3381,    5175227,    000h 00m 03.381s,    001h 26m 15.227s
1529,    3388,    5178615,    000h 00m 03.388s,    001h 26m 18.615s
1530,    3377,    5181992,    000h 00m 03.377s,    001h 26m 21.992s
1531,    3381,    5185373,    000h 00m 03.381s,    001h 26m 25.373s
1532,    3375,    5188748,    000h 00m 03.375s,    001h 26m 28.748s
1533,    3387,    5192135,    000h 00m 03.387s,    001h 26m 32.135s
1534,    3419,    5195554,    000h 00m 03.419s,    001h 26m 35.554s
1535,    3393,    5198947,    000h 00m 03.393s,    001h 26m 38.947s
1536,    3387,    5202334,    000h 00m 03.387s,    001h 26m 42.334s
1537,    3380,    5205714,    000h 00m 03.380s,    001h 26m 45.714s
1538,    3384,    5209098,    000h 00m 03.384s,    001h 26m 49.098s
1539,    3385,    5212483,    000h 00m 03.385s,    001h 26m 52.483s
1540,    3395,    5215878,    000h 00m 03.395s,    001h 26m 55.878s
1541,    3395,    5219273,    000h 00m 03.395s,    001h 26m 59.273s
1542,    3381,    5222654,    000h 00m 03.381s,    001h 27m 02.654s
1543,    3388,    5226042,    000h 00m 03.388s,    001h 27m 06.042s
1544,    3371,    5229413,    000h 00m 03.371s,    001h 27m 09.413s
1545,    3385,    5232798,    000h 00m 03.385s,    001h 27m 12.798s
1546,    3391,    5236189,    000h 00m 03.391s,    001h 27m 16.189s
1547,    3380,    5239569,    000h 00m 03.380s,    001h 27m 19.569s
1548,    3374,    5242943,    000h 00m 03.374s,    001h 27m 22.943s
1549,    3384,    5246327,    000h 00m 03.384s,    001h 27m 26.327s
1550,    3392,    5249719,    000h 00m 03.392s,    001h 27m 29.719s
1551,    3381,    5253100,    000h 00m 03.381s,    001h 27m 33.100s
1552,    3378,    5256478,    000h 00m 03.378s,    001h 27m 36.478s
1553,    3380,    5259858,    000h 00m 03.380s,    001h 27m 39.858s
1554,    3377,    5263235,    000h 00m 03.377s,    001h 27m 43.235s
1555,    3381,    5266616,    000h 00m 03.381s,    001h 27m 46.616s
1556,    3380,    5269996,    000h 00m 03.380s,    001h 27m 49.996s
1557,    3387,    5273383,    000h 00m 03.387s,    001h 27m 53.383s
1558,    3403,    5276786,    000h 00m 03.403s,    001h 27m 56.786s
1559,    3408,    5280194,    000h 00m 03.408s,    001h 28m 00.194s
1560,    3390,    5283584,    000h 00m 03.390s,    001h 28m 03.584s
1561,    3384,    5286968,    000h 00m 03.384s,    001h 28m 06.968s
1562,    3384,    5290352,    000h 00m 03.384s,    001h 28m 10.352s
1563,    3377,    5293729,    000h 00m 03.377s,    001h 28m 13.729s
1564,    3464,    5297193,    000h 00m 03.464s,    001h 28m 17.193s
1565,    3383,    5300576,    000h 00m 03.383s,    001h 28m 20.576s
1566,    3389,    5303965,    000h 00m 03.389s,    001h 28m 23.965s
1567,    3392,    5307357,    000h 00m 03.392s,    001h 28m 27.357s
1568,    3389,    5310746,    000h 00m 03.389s,    001h 28m 30.746s
1569,    3384,    5314130,    000h 00m 03.384s,    001h 28m 34.130s
1570,    3377,    5317507,    000h 00m 03.377s,    001h 28m 37.507s
1571,    3380,    5320887,    000h 00m 03.380s,    001h 28m 40.887s
1572,    3386,    5324273,    000h 00m 03.386s,    001h 28m 44.273s
1573,    3385,    5327658,    000h 00m 03.385s,    001h 28m 47.658s
1574,    3386,    5331044,    000h 00m 03.386s,    001h 28m 51.044s
1575,    3384,    5334428,    000h 00m 03.384s,    001h 28m 54.428s
1576,    3385,    5337813,    000h 00m 03.385s,    001h 28m 57.813s
1577,    3397,    5341210,    000h 00m 03.397s,    001h 29m 01.210s
1578,    3384,    5344594,    000h 00m 03.384s,    001h 29m 04.594s
1579,    3409,    5348003,    000h 00m 03.409s,    001h 29m 08.003s
1580,    3380,    5351383,    000h 00m 03.380s,    001h 29m 11.383s
1581,    3390,    5354773,    000h 00m 03.390s,    001h 29m 14.773s
1582,    3387,    5358160,    000h 00m 03.387s,    001h 29m 18.160s
1583,    3381,    5361541,    000h 00m 03.381s,    001h 29m 21.541s
1584,    3389,    5364930,    000h 00m 03.389s,    001h 29m 24.930s
1585,    3388,    5368318,    000h 00m 03.388s,    001h 29m 28.318s
1586,    3388,    5371706,    000h 00m 03.388s,    001h 29m 31.706s
1587,    3389,    5375095,    000h 00m 03.389s,    001h 29m 35.095s
1588,    3380,    5378475,    000h 00m 03.380s,    001h 29m 38.475s
1589,    3375,    5381850,    000h 00m 03.375s,    001h 29m 41.850s
1590,    3384,    5385234,    000h 00m 03.384s,    001h 29m 45.234s
1591,    3385,    5388619,    000h 00m 03.385s,    001h 29m 48.619s
1592,    3381,    5392000,    000h 00m 03.381s,    001h 29m 52.000s
1593,    3385,    5395385,    000h 00m 03.385s,    001h 29m 55.385s
1594,    3380,    5398765,    000h 00m 03.380s,    001h 29m 58.765s
1595,    3392,    5402157,    000h 00m 03.392s,    001h 30m 02.157s
1596,    3389,    5405546,    000h 00m 03.389s,    001h 30m 05.546s
1597,    3380,    5408926,    000h 00m 03.380s,    001h 30m 08.926s
1598,    3449,    5412375,    000h 00m 03.449s,    001h 30m 12.375s
1599,    3395,    5415770,    000h 00m 03.395s,    001h 30m 15.770s
1600,    3387,    5419157,    000h 00m 03.387s,    001h 30m 19.157s
1601,    3416,    5422573,    000h 00m 03.416s,    001h 30m 22.573s
1602,    3387,    5425960,    000h 00m 03.387s,    001h 30m 25.960s
1603,    3384,    5429344,    000h 00m 03.384s,    001h 30m 29.344s
1604,    3388,    5432732,    000h 00m 03.388s,    001h 30m 32.732s
1605,    3381,    5436113,    000h 00m 03.381s,    001h 30m 36.113s
1606,    3380,    5439493,    000h 00m 03.380s,    001h 30m 39.493s
1607,    3398,    5442891,    000h 00m 03.398s,    001h 30m 42.891s
1608,    3404,    5446295,    000h 00m 03.404s,    001h 30m 46.295s
1609,    3393,    5449688,    000h 00m 03.393s,    001h 30m 49.688s
1610,    3385,    5453073,    000h 00m 03.385s,    001h 30m 53.073s
1611,    3383,    5456456,    000h 00m 03.383s,    001h 30m 56.456s
1612,    3395,    5459851,    000h 00m 03.395s,    001h 30m 59.851s
1613,    3374,    5463225,    000h 00m 03.374s,    001h 31m 03.225s
1614,    3382,    5466607,    000h 00m 03.382s,    001h 31m 06.607s
1615,    3383,    5469990,    000h 00m 03.383s,    001h 31m 09.990s
1616,    3380,    5473370,    000h 00m 03.380s,    001h 31m 13.370s
1617,    3387,    5476757,    000h 00m 03.387s,    001h 31m 16.757s
1618,    3389,    5480146,    000h 00m 03.389s,    001h 31m 20.146s
1619,    3397,    5483543,    000h 00m 03.397s,    001h 31m 23.543s
1620,    3395,    5486938,    000h 00m 03.395s,    001h 31m 26.938s
1621,    3393,    5490331,    000h 00m 03.393s,    001h 31m 30.331s
1622,    3391,    5493722,    000h 00m 03.391s,    001h 31m 33.722s
1623,    3382,    5497104,    000h 00m 03.382s,    001h 31m 37.104s
1624,    3382,    5500486,    000h 00m 03.382s,    001h 31m 40.486s
1625,    3418,    5503904,    000h 00m 03.418s,    001h 31m 43.904s
1626,    3393,    5507297,    000h 00m 03.393s,    001h 31m 47.297s
1627,    3388,    5510685,    000h 00m 03.388s,    001h 31m 50.685s
1628,    3385,    5514070,    000h 00m 03.385s,    001h 31m 54.070s
1629,    3387,    5517457,    000h 00m 03.387s,    001h 31m 57.457s
1630,    3386,    5520843,    000h 00m 03.386s,    001h 32m 00.843s
1631,    3390,    5524233,    000h 00m 03.390s,    001h 32m 04.233s
1632,    3391,    5527624,    000h 00m 03.391s,    001h 32m 07.624s
1633,    3386,    5531010,    000h 00m 03.386s,    001h 32m 11.010s
1634,    3390,    5534400,    000h 00m 03.390s,    001h 32m 14.400s
1635,    3375,    5537775,    000h 00m 03.375s,    001h 32m 17.775s
1636,    3379,    5541154,    000h 00m 03.379s,    001h 32m 21.154s
1637,    3381,    5544535,    000h 00m 03.381s,    001h 32m 24.535s
1638,    3389,    5547924,    000h 00m 03.389s,    001h 32m 27.924s
1639,    3377,    5551301,    000h 00m 03.377s,    001h 32m 31.301s
1640,    3388,    5554689,    000h 00m 03.388s,    001h 32m 34.689s
1641,    3381,    5558070,    000h 00m 03.381s,    001h 32m 38.070s
1642,    3377,    5561447,    000h 00m 03.377s,    001h 32m 41.447s
1643,    3380,    5564827,    000h 00m 03.380s,    001h 32m 44.827s
1644,    3381,    5568208,    000h 00m 03.381s,    001h 32m 48.208s
1645,    3376,    5571584,    000h 00m 03.376s,    001h 32m 51.584s
1646,    3387,    5574971,    000h 00m 03.387s,    001h 32m 54.971s
1647,    3384,    5578355,    000h 00m 03.384s,    001h 32m 58.355s
1648,    3401,    5581756,    000h 00m 03.401s,    001h 33m 01.756s
1649,    3424,    5585180,    000h 00m 03.424s,    001h 33m 05.180s
1650,    3386,    5588566,    000h 00m 03.386s,    001h 33m 08.566s
1651,    3386,    5591952,    000h 00m 03.386s,    001h 33m 11.952s
1652,    3386,    5595338,    000h 00m 03.386s,    001h 33m 15.338s
1653,    3368,    5598706,    000h 00m 03.368s,    001h 33m 18.706s
1654,    3379,    5602085,    000h 00m 03.379s,    001h 33m 22.085s
1655,    3381,    5605466,    000h 00m 03.381s,    001h 33m 25.466s
1656,    3380,    5608846,    000h 00m 03.380s,    001h 33m 28.846s
1657,    3387,    5612233,    000h 00m 03.387s,    001h 33m 32.233s
1658,    3375,    5615608,    000h 00m 03.375s,    001h 33m 35.608s
1659,    3382,    5618990,    000h 00m 03.382s,    001h 33m 38.990s
1660,    3378,    5622368,    000h 00m 03.378s,    001h 33m 42.368s
1661,    3396,    5625764,    000h 00m 03.396s,    001h 33m 45.764s
1662,    3388,    5629152,    000h 00m 03.388s,    001h 33m 49.152s
1663,    3384,    5632536,    000h 00m 03.384s,    001h 33m 52.536s
1664,    3384,    5635920,    000h 00m 03.384s,    001h 33m 55.920s
1665,    3388,    5639308,    000h 00m 03.388s,    001h 33m 59.308s
1666,    3388,    5642696,    000h 00m 03.388s,    001h 34m 02.696s
1667,    3379,    5646075,    000h 00m 03.379s,    001h 34m 06.075s
1668,    3380,    5649455,    000h 00m 03.380s,    001h 34m 09.455s
1669,    3386,    5652841,    000h 00m 03.386s,    001h 34m 12.841s
1670,    3391,    5656232,    000h 00m 03.391s,    001h 34m 16.232s
1671,    3380,    5659612,    000h 00m 03.380s,    001h 34m 19.612s
1672,    3374,    5662986,    000h 00m 03.374s,    001h 34m 22.986s
1673,    3383,    5666369,    000h 00m 03.383s,    001h 34m 26.369s
1674,    3416,    5669785,    000h 00m 03.416s,    001h 34m 29.785s
1675,    3383,    5673168,    000h 00m 03.383s,    001h 34m 33.168s
1676,    3383,    5676551,    000h 00m 03.383s,    001h 34m 36.551s
1677,    3389,    5679940,    000h 00m 03.389s,    001h 34m 39.940s
1678,    3393,    5683333,    000h 00m 03.393s,    001h 34m 43.333s
1679,    3382,    5686715,    000h 00m 03.382s,    001h 34m 46.715s
1680,    3372,    5690087,    000h 00m 03.372s,    001h 34m 50.087s
1681,    3397,    5693484,    000h 00m 03.397s,    001h 34m 53.484s
1682,    3384,    5696868,    000h 00m 03.384s,    001h 34m 56.868s
1683,    3398,    5700266,    000h 00m 03.398s,    001h 35m 00.266s
1684,    3377,    5703643,    000h 00m 03.377s,    001h 35m 03.643s
1685,    3390,    5707033,    000h 00m 03.390s,    001h 35m 07.033s
1686,    3388,    5710421,    000h 00m 03.388s,    001h 35m 10.421s
1687,    3390,    5713811,    000h 00m 03.390s,    001h 35m 13.811s
1688,    3385,    5717196,    000h 00m 03.385s,    001h 35m 17.196s
1689,    3387,    5720583,    000h 00m 03.387s,    001h 35m 20.583s
1690,    3383,    5723966,    000h 00m 03.383s,    001h 35m 23.966s
1691,    3384,    5727350,    000h 00m 03.384s,    001h 35m 27.350s
1692,    3384,    5730734,    000h 00m 03.384s,    001h 35m 30.734s
1693,    3377,    5734111,    000h 00m 03.377s,    001h 35m 34.111s
1694,    3386,    5737497,    000h 00m 03.386s,    001h 35m 37.497s
1695,    3380,    5740877,    000h 00m 03.380s,    001h 35m 40.877s
1696,    3393,    5744270,    000h 00m 03.393s,    001h 35m 44.270s
1697,    3395,    5747665,    000h 00m 03.395s,    001h 35m 47.665s
1698,    3420,    5751085,    000h 00m 03.420s,    001h 35m 51.085s
1699,    3386,    5754471,    000h 00m 03.386s,    001h 35m 54.471s
1700,    3380,    5757851,    000h 00m 03.380s,    001h 35m 57.851s
1701,    3411,    5761262,    000h 00m 03.411s,    001h 36m 01.262s
1702,    3392,    5764654,    000h 00m 03.392s,    001h 36m 04.654s
1703,    3399,    5768053,    000h 00m 03.399s,    001h 36m 08.053s
1704,    3388,    5771441,    000h 00m 03.388s,    001h 36m 11.441s
1705,    3391,    5774832,    000h 00m 03.391s,    001h 36m 14.832s
1706,    3385,    5778217,    000h 00m 03.385s,    001h 36m 18.217s
1707,    3386,    5781603,    000h 00m 03.386s,    001h 36m 21.603s
1708,    3389,    5784992,    000h 00m 03.389s,    001h 36m 24.992s
1709,    3395,    5788387,    000h 00m 03.395s,    001h 36m 28.387s
1710,    3393,    5791780,    000h 00m 03.393s,    001h 36m 31.780s
1711,    3379,    5795159,    000h 00m 03.379s,    001h 36m 35.159s
1712,    3379,    5798538,    000h 00m 03.379s,    001h 36m 38.538s
1713,    3382,    5801920,    000h 00m 03.382s,    001h 36m 41.920s
1714,    3391,    5805311,    000h 00m 03.391s,    001h 36m 45.311s
1715,    3409,    5808720,    000h 00m 03.409s,    001h 36m 48.720s
1716,    3378,    5812098,    000h 00m 03.378s,    001h 36m 52.098s
1717,    3376,    5815474,    000h 00m 03.376s,    001h 36m 55.474s
1718,    3377,    5818851,    000h 00m 03.377s,    001h 36m 58.851s
1719,    3389,    5822240,    000h 00m 03.389s,    001h 37m 02.240s
1720,    3384,    5825624,    000h 00m 03.384s,    001h 37m 05.624s
1721,    3377,    5829001,    000h 00m 03.377s,    001h 37m 09.001s
1722,    3380,    5832381,    000h 00m 03.380s,    001h 37m 12.381s
1723,    3402,    5835783,    000h 00m 03.402s,    001h 37m 15.783s
1724,    3404,    5839187,    000h 00m 03.404s,    001h 37m 19.187s
1725,    3380,    5842567,    000h 00m 03.380s,    001h 37m 22.567s
1726,    3382,    5845949,    000h 00m 03.382s,    001h 37m 25.949s
1727,    3376,    5849325,    000h 00m 03.376s,    001h 37m 29.325s
1728,    3382,    5852707,    000h 00m 03.382s,    001h 37m 32.707s
1729,    3385,    5856092,    000h 00m 03.385s,    001h 37m 36.092s
1730,    3395,    5859487,    000h 00m 03.395s,    001h 37m 39.487s
1731,    3390,    5862877,    000h 00m 03.390s,    001h 37m 42.877s
1732,    3394,    5866271,    000h 00m 03.394s,    001h 37m 46.271s
1733,    3397,    5869668,    000h 00m 03.397s,    001h 37m 49.668s
1734,    3380,    5873048,    000h 00m 03.380s,    001h 37m 53.048s
1735,    3377,    5876425,    000h 00m 03.377s,    001h 37m 56.425s
1736,    3396,    5879821,    000h 00m 03.396s,    001h 37m 59.821s
1737,    3390,    5883211,    000h 00m 03.390s,    001h 38m 03.211s
1738,    3394,    5886605,    000h 00m 03.394s,    001h 38m 06.605s
1739,    3380,    5889985,    000h 00m 03.380s,    001h 38m 09.985s
1740,    3378,    5893363,    000h 00m 03.378s,    001h 38m 13.363s
1741,    3388,    5896751,    000h 00m 03.388s,    001h 38m 16.751s
1742,    3382,    5900133,    000h 00m 03.382s,    001h 38m 20.133s
1743,    3384,    5903517,    000h 00m 03.384s,    001h 38m 23.517s
1744,    3414,    5906931,    000h 00m 03.414s,    001h 38m 26.931s
1745,    3397,    5910328,    000h 00m 03.397s,    001h 38m 30.328s
1746,    3390,    5913718,    000h 00m 03.390s,    001h 38m 33.718s
1747,    3389,    5917107,    000h 00m 03.389s,    001h 38m 37.107s
1748,    3379,    5920486,    000h 00m 03.379s,    001h 38m 40.486s
1749,    3384,    5923870,    000h 00m 03.384s,    001h 38m 43.870s
1750,    3392,    5927262,    000h 00m 03.392s,    001h 38m 47.262s
1751,    3390,    5930652,    000h 00m 03.390s,    001h 38m 50.652s
1752,    3390,    5934042,    000h 00m 03.390s,    001h 38m 54.042s
1753,    3383,    5937425,    000h 00m 03.383s,    001h 38m 57.425s
1754,    3393,    5940818,    000h 00m 03.393s,    001h 39m 00.818s
1755,    3393,    5944211,    000h 00m 03.393s,    001h 39m 04.211s
1756,    3383,    5947594,    000h 00m 03.383s,    001h 39m 07.594s
1757,    3381,    5950975,    000h 00m 03.381s,    001h 39m 10.975s
1758,    3393,    5954368,    000h 00m 03.393s,    001h 39m 14.368s
1759,    3380,    5957748,    000h 00m 03.380s,    001h 39m 17.748s
1760,    3388,    5961136,    000h 00m 03.388s,    001h 39m 21.136s
1761,    3379,    5964515,    000h 00m 03.379s,    001h 39m 24.515s
1762,    3386,    5967901,    000h 00m 03.386s,    001h 39m 27.901s
1763,    3381,    5971282,    000h 00m 03.381s,    001h 39m 31.282s
1764,    3379,    5974661,    000h 00m 03.379s,    001h 39m 34.661s
1765,    3382,    5978043,    000h 00m 03.382s,    001h 39m 38.043s
1766,    3426,    5981469,    000h 00m 03.426s,    001h 39m 41.469s
1767,    3392,    5984861,    000h 00m 03.392s,    001h 39m 44.861s
1768,    3392,    5988253,    000h 00m 03.392s,    001h 39m 48.253s
1769,    3379,    5991632,    000h 00m 03.379s,    001h 39m 51.632s
1770,    3380,    5995012,    000h 00m 03.380s,    001h 39m 55.012s
1771,    3384,    5998396,    000h 00m 03.384s,    001h 39m 58.396s
1772,    3393,    6001789,    000h 00m 03.393s,    001h 40m 01.789s
1773,    3385,    6005174,    000h 00m 03.385s,    001h 40m 05.174s
1774,    3386,    6008560,    000h 00m 03.386s,    001h 40m 08.560s
1775,    3385,    6011945,    000h 00m 03.385s,    001h 40m 11.945s
1776,    3385,    6015330,    000h 00m 03.385s,    001h 40m 15.330s
1777,    3380,    6018710,    000h 00m 03.380s,    001h 40m 18.710s
1778,    3383,    6022093,    000h 00m 03.383s,    001h 40m 22.093s
1779,    3384,    6025477,    000h 00m 03.384s,    001h 40m 25.477s
1780,    3388,    6028865,    000h 00m 03.388s,    001h 40m 28.865s
1781,    3388,    6032253,    000h 00m 03.388s,    001h 40m 32.253s
1782,    3391,    6035644,    000h 00m 03.391s,    001h 40m 35.644s
1783,    3390,    6039034,    000h 00m 03.390s,    001h 40m 39.034s
1784,    3390,    6042424,    000h 00m 03.390s,    001h 40m 42.424s
1785,    3388,    6045812,    000h 00m 03.388s,    001h 40m 45.812s
1786,    3510,    6049322,    000h 00m 03.510s,    001h 40m 49.322s
1787,    3392,    6052714,    000h 00m 03.392s,    001h 40m 52.714s
1788,    3382,    6056096,    000h 00m 03.382s,    001h 40m 56.096s
1789,    3379,    6059475,    000h 00m 03.379s,    001h 40m 59.475s
1790,    3377,    6062852,    000h 00m 03.377s,    001h 41m 02.852s
1791,    3385,    6066237,    000h 00m 03.385s,    001h 41m 06.237s
1792,    3382,    6069619,    000h 00m 03.382s,    001h 41m 09.619s
1793,    3390,    6073009,    000h 00m 03.390s,    001h 41m 13.009s
1794,    3382,    6076391,    000h 00m 03.382s,    001h 41m 16.391s
1795,    3391,    6079782,    000h 00m 03.391s,    001h 41m 19.782s
1796,    3392,    6083174,    000h 00m 03.392s,    001h 41m 23.174s
1797,    3386,    6086560,    000h 00m 03.386s,    001h 41m 26.560s
1798,    3383,    6089943,    000h 00m 03.383s,    001h 41m 29.943s
1799,    3379,    6093322,    000h 00m 03.379s,    001h 41m 33.322s
1800,    3376,    6096698,    000h 00m 03.376s,    001h 41m 36.698s
1801,    3382,    6100080,    000h 00m 03.382s,    001h 41m 40.080s
1802,    3387,    6103467,    000h 00m 03.387s,    001h 41m 43.467s
1803,    3387,    6106854,    000h 00m 03.387s,    001h 41m 46.854s
1804,    3385,    6110239,    000h 00m 03.385s,    001h 41m 50.239s
1805,    3380,    6113619,    000h 00m 03.380s,    001h 41m 53.619s
1806,    3383,    6117002,    000h 00m 03.383s,    001h 41m 57.002s
1807,    3393,    6120395,    000h 00m 03.393s,    001h 42m 00.395s
1808,    3385,    6123780,    000h 00m 03.385s,    001h 42m 03.780s
1809,    3402,    6127182,    000h 00m 03.402s,    001h 42m 07.182s
1810,    3434,    6130616,    000h 00m 03.434s,    001h 42m 10.616s
1811,    3387,    6134003,    000h 00m 03.387s,    001h 42m 14.003s
1812,    3394,    6137397,    000h 00m 03.394s,    001h 42m 17.397s
1813,    3381,    6140778,    000h 00m 03.381s,    001h 42m 20.778s
1814,    3386,    6144164,    000h 00m 03.386s,    001h 42m 24.164s
1815,    3374,    6147538,    000h 00m 03.374s,    001h 42m 27.538s
1816,    3398,    6150936,    000h 00m 03.398s,    001h 42m 30.936s
1817,    3385,    6154321,    000h 00m 03.385s,    001h 42m 34.321s
1818,    3394,    6157715,    000h 00m 03.394s,    001h 42m 37.715s
1819,    3391,    6161106,    000h 00m 03.391s,    001h 42m 41.106s
1820,    3389,    6164495,    000h 00m 03.389s,    001h 42m 44.495s
1821,    3371,    6167866,    000h 00m 03.371s,    001h 42m 47.866s
1822,    3385,    6171251,    000h 00m 03.385s,    001h 42m 51.251s
1823,    3386,    6174637,    000h 00m 03.386s,    001h 42m 54.637s
1824,    3381,    6178018,    000h 00m 03.381s,    001h 42m 58.018s
1825,    3397,    6181415,    000h 00m 03.397s,    001h 43m 01.415s
1826,    3391,    6184806,    000h 00m 03.391s,    001h 43m 04.806s
1827,    3388,    6188194,    000h 00m 03.388s,    001h 43m 08.194s
1828,    3389,    6191583,    000h 00m 03.389s,    001h 43m 11.583s
1829,    3419,    6195002,    000h 00m 03.419s,    001h 43m 15.002s
1830,    3389,    6198391,    000h 00m 03.389s,    001h 43m 18.391s
1831,    3386,    6201777,    000h 00m 03.386s,    001h 43m 21.777s
1832,    3381,    6205158,    000h 00m 03.381s,    001h 43m 25.158s
1833,    3385,    6208543,    000h 00m 03.385s,    001h 43m 28.543s
1834,    3387,    6211930,    000h 00m 03.387s,    001h 43m 31.930s
1835,    3380,    6215310,    000h 00m 03.380s,    001h 43m 35.310s
1836,    3386,    6218696,    000h 00m 03.386s,    001h 43m 38.696s
1837,    3378,    6222074,    000h 00m 03.378s,    001h 43m 42.074s
1838,    3379,    6225453,    000h 00m 03.379s,    001h 43m 45.453s
1839,    3383,    6228836,    000h 00m 03.383s,    001h 43m 48.836s
1840,    3382,    6232218,    000h 00m 03.382s,    001h 43m 52.218s
1841,    3384,    6235602,    000h 00m 03.384s,    001h 43m 55.602s
1842,    3374,    6238976,    000h 00m 03.374s,    001h 43m 58.976s
1843,    3394,    6242370,    000h 00m 03.394s,    001h 44m 02.370s
1844,    3376,    6245746,    000h 00m 03.376s,    001h 44m 05.746s
1845,    3379,    6249125,    000h 00m 03.379s,    001h 44m 09.125s
1846,    3377,    6252502,    000h 00m 03.377s,    001h 44m 12.502s
1847,    3392,    6255894,    000h 00m 03.392s,    001h 44m 15.894s
1848,    3380,    6259274,    000h 00m 03.380s,    001h 44m 19.274s
1849,    3419,    6262693,    000h 00m 03.419s,    001h 44m 22.693s
1850,    3386,    6266079,    000h 00m 03.386s,    001h 44m 26.079s
1851,    3405,    6269484,    000h 00m 03.405s,    001h 44m 29.484s
1852,    3381,    6272865,    000h 00m 03.381s,    001h 44m 32.865s
1853,    3387,    6276252,    000h 00m 03.387s,    001h 44m 36.252s
1854,    3385,    6279637,    000h 00m 03.385s,    001h 44m 39.637s
1855,    3378,    6283015,    000h 00m 03.378s,    001h 44m 43.015s
1856,    3387,    6286402,    000h 00m 03.387s,    001h 44m 46.402s
1857,    3383,    6289785,    000h 00m 03.383s,    001h 44m 49.785s
1858,    3388,    6293173,    000h 00m 03.388s,    001h 44m 53.173s
1859,    3378,    6296551,    000h 00m 03.378s,    001h 44m 56.551s
1860,    3391,    6299942,    000h 00m 03.391s,    001h 44m 59.942s
1861,    3397,    6303339,    000h 00m 03.397s,    001h 45m 03.339s
1862,    3375,    6306714,    000h 00m 03.375s,    001h 45m 06.714s
1863,    3382,    6310096,    000h 00m 03.382s,    001h 45m 10.096s
1864,    3384,    6313480,    000h 00m 03.384s,    001h 45m 13.480s
1865,    3392,    6316872,    000h 00m 03.392s,    001h 45m 16.872s
1866,    3394,    6320266,    000h 00m 03.394s,    001h 45m 20.266s
1867,    3375,    6323641,    000h 00m 03.375s,    001h 45m 23.641s
1868,    3387,    6327028,    000h 00m 03.387s,    001h 45m 27.028s
1869,    3382,    6330410,    000h 00m 03.382s,    001h 45m 30.410s
1870,    3378,    6333788,    000h 00m 03.378s,    001h 45m 33.788s
1871,    3377,    6337165,    000h 00m 03.377s,    001h 45m 37.165s
1872,    3411,    6340576,    000h 00m 03.411s,    001h 45m 40.576s
1873,    3394,    6343970,    000h 00m 03.394s,    001h 45m 43.970s
1874,    3375,    6347345,    000h 00m 03.375s,    001h 45m 47.345s
1875,    3379,    6350724,    000h 00m 03.379s,    001h 45m 50.724s
1876,    3378,    6354102,    000h 00m 03.378s,    001h 45m 54.102s
1877,    3385,    6357487,    000h 00m 03.385s,    001h 45m 57.487s
1878,    3386,    6360873,    000h 00m 03.386s,    001h 46m 00.873s
1879,    3398,    6364271,    000h 00m 03.398s,    001h 46m 04.271s
1880,    3381,    6367652,    000h 00m 03.381s,    001h 46m 07.652s
1881,    3390,    6371042,    000h 00m 03.390s,    001h 46m 11.042s
1882,    3381,    6374423,    000h 00m 03.381s,    001h 46m 14.423s
1883,    3413,    6377836,    000h 00m 03.413s,    001h 46m 17.836s
1884,    3376,    6381212,    000h 00m 03.376s,    001h 46m 21.212s
1885,    3407,    6384619,    000h 00m 03.407s,    001h 46m 24.619s
1886,    3382,    6388001,    000h 00m 03.382s,    001h 46m 28.001s
1887,    3377,    6391378,    000h 00m 03.377s,    001h 46m 31.378s
1888,    3384,    6394762,    000h 00m 03.384s,    001h 46m 34.762s
1889,    3383,    6398145,    000h 00m 03.383s,    001h 46m 38.145s
1890,    3402,    6401547,    000h 00m 03.402s,    001h 46m 41.547s
1891,    3384,    6404931,    000h 00m 03.384s,    001h 46m 44.931s
1892,    3385,    6408316,    000h 00m 03.385s,    001h 46m 48.316s
1893,    3405,    6411721,    000h 00m 03.405s,    001h 46m 51.721s
1894,    3382,    6415103,    000h 00m 03.382s,    001h 46m 55.103s
1895,    3389,    6418492,    000h 00m 03.389s,    001h 46m 58.492s
1896,    3398,    6421890,    000h 00m 03.398s,    001h 47m 01.890s
1897,    3389,    6425279,    000h 00m 03.389s,    001h 47m 05.279s
1898,    3380,    6428659,    000h 00m 03.380s,    001h 47m 08.659s
1899,    3397,    6432056,    000h 00m 03.397s,    001h 47m 12.056s
1900,    3396,    6435452,    000h 00m 03.396s,    001h 47m 15.452s
1901,    3392,    6438844,    000h 00m 03.392s,    001h 47m 18.844s
1902,    3381,    6442225,    000h 00m 03.381s,    001h 47m 22.225s
1903,    3380,    6445605,    000h 00m 03.380s,    001h 47m 25.605s
1904,    3411,    6449016,    000h 00m 03.411s,    001h 47m 29.016s
1905,    3383,    6452399,    000h 00m 03.383s,    001h 47m 32.399s
1906,    3400,    6455799,    000h 00m 03.400s,    001h 47m 35.799s
1907,    3379,    6459178,    000h 00m 03.379s,    001h 47m 39.178s
1908,    3383,    6462561,    000h 00m 03.383s,    001h 47m 42.561s
1909,    3388,    6465949,    000h 00m 03.388s,    001h 47m 45.949s
1910,    3380,    6469329,    000h 00m 03.380s,    001h 47m 49.329s
1911,    3370,    6472699,    000h 00m 03.370s,    001h 47m 52.699s
1912,    3382,    6476081,    000h 00m 03.382s,    001h 47m 56.081s
1913,    3385,    6479466,    000h 00m 03.385s,    001h 47m 59.466s
1914,    3388,    6482854,    000h 00m 03.388s,    001h 48m 02.854s
1915,    3386,    6486240,    000h 00m 03.386s,    001h 48m 06.240s
1916,    3380,    6489620,    000h 00m 03.380s,    001h 48m 09.620s
1917,    3388,    6493008,    000h 00m 03.388s,    001h 48m 13.008s
1918,    3396,    6496404,    000h 00m 03.396s,    001h 48m 16.404s
1919,    3401,    6499805,    000h 00m 03.401s,    001h 48m 19.805s
1920,    3383,    6503188,    000h 00m 03.383s,    001h 48m 23.188s
1921,    3390,    6506578,    000h 00m 03.390s,    001h 48m 26.578s
1922,    3389,    6509967,    000h 00m 03.389s,    001h 48m 29.967s
1923,    3376,    6513343,    000h 00m 03.376s,    001h 48m 33.343s
1924,    3392,    6516735,    000h 00m 03.392s,    001h 48m 36.735s
1925,    3385,    6520120,    000h 00m 03.385s,    001h 48m 40.120s
1926,    3387,    6523507,    000h 00m 03.387s,    001h 48m 43.507s
1927,    3390,    6526897,    000h 00m 03.390s,    001h 48m 46.897s
1928,    3376,    6530273,    000h 00m 03.376s,    001h 48m 50.273s
1929,    3380,    6533653,    000h 00m 03.380s,    001h 48m 53.653s
1930,    3382,    6537035,    000h 00m 03.382s,    001h 48m 57.035s
1931,    3389,    6540424,    000h 00m 03.389s,    001h 49m 00.424s
1932,    3382,    6543806,    000h 00m 03.382s,    001h 49m 03.806s
1933,    3384,    6547190,    000h 00m 03.384s,    001h 49m 07.190s
1934,    3375,    6550565,    000h 00m 03.375s,    001h 49m 10.565s
1935,    3387,    6553952,    000h 00m 03.387s,    001h 49m 13.952s
1936,    3380,    6557332,    000h 00m 03.380s,    001h 49m 17.332s
1937,    3381,    6560713,    000h 00m 03.381s,    001h 49m 20.713s
1938,    3380,    6564093,    000h 00m 03.380s,    001h 49m 24.093s
1939,    3377,    6567470,    000h 00m 03.377s,    001h 49m 27.470s
1940,    3386,    6570856,    000h 00m 03.386s,    001h 49m 30.856s
1941,    3381,    6574237,    000h 00m 03.381s,    001h 49m 34.237s
1942,    3425,    6577662,    000h 00m 03.425s,    001h 49m 37.662s
1943,    3390,    6581052,    000h 00m 03.390s,    001h 49m 41.052s
1944,    3399,    6584451,    000h 00m 03.399s,    001h 49m 44.451s
1945,    3389,    6587840,    000h 00m 03.389s,    001h 49m 47.840s
1946,    3375,    6591215,    000h 00m 03.375s,    001h 49m 51.215s
1947,    3395,    6594610,    000h 00m 03.395s,    001h 49m 54.610s
1948,    3388,    6597998,    000h 00m 03.388s,    001h 49m 57.998s
1949,    3404,    6601402,    000h 00m 03.404s,    001h 50m 01.402s
1950,    3384,    6604786,    000h 00m 03.384s,    001h 50m 04.786s
1951,    3389,    6608175,    000h 00m 03.389s,    001h 50m 08.175s
1952,    3386,    6611561,    000h 00m 03.386s,    001h 50m 11.561s
1953,    3385,    6614946,    000h 00m 03.385s,    001h 50m 14.946s
1954,    3386,    6618332,    000h 00m 03.386s,    001h 50m 18.332s
1955,    3381,    6621713,    000h 00m 03.381s,    001h 50m 21.713s
1956,    3386,    6625099,    000h 00m 03.386s,    001h 50m 25.099s
1957,    3384,    6628483,    000h 00m 03.384s,    001h 50m 28.483s
1958,    3380,    6631863,    000h 00m 03.380s,    001h 50m 31.863s
1959,    3392,    6635255,    000h 00m 03.392s,    001h 50m 35.255s
1960,    3382,    6638637,    000h 00m 03.382s,    001h 50m 38.637s
1961,    3381,    6642018,    000h 00m 03.381s,    001h 50m 42.018s
1962,    3390,    6645408,    000h 00m 03.390s,    001h 50m 45.408s
1963,    3376,    6648784,    000h 00m 03.376s,    001h 50m 48.784s
1964,    3384,    6652168,    000h 00m 03.384s,    001h 50m 52.168s
1965,    3379,    6655547,    000h 00m 03.379s,    001h 50m 55.547s
1966,    3404,    6658951,    000h 00m 03.404s,    001h 50m 58.951s
1967,    3410,    6662361,    000h 00m 03.410s,    001h 51m 02.361s
1968,    3385,    6665746,    000h 00m 03.385s,    001h 51m 05.746s
1969,    3380,    6669126,    000h 00m 03.380s,    001h 51m 09.126s
1970,    3377,    6672503,    000h 00m 03.377s,    001h 51m 12.503s
1971,    3378,    6675881,    000h 00m 03.378s,    001h 51m 15.881s
1972,    3382,    6679263,    000h 00m 03.382s,    001h 51m 19.263s
1973,    3384,    6682647,    000h 00m 03.384s,    001h 51m 22.647s
1974,    3392,    6686039,    000h 00m 03.392s,    001h 51m 26.039s
1975,    3394,    6689433,    000h 00m 03.394s,    001h 51m 29.433s
1976,    3380,    6692813,    000h 00m 03.380s,    001h 51m 32.813s
1977,    3386,    6696199,    000h 00m 03.386s,    001h 51m 36.199s
1978,    3389,    6699588,    000h 00m 03.389s,    001h 51m 39.588s
1979,    3378,    6702966,    000h 00m 03.378s,    001h 51m 42.966s
1980,    3393,    6706359,    000h 00m 03.393s,    001h 51m 46.359s
1981,    3377,    6709736,    000h 00m 03.377s,    001h 51m 49.736s
1982,    3369,    6713105,    000h 00m 03.369s,    001h 51m 53.105s
1983,    3399,    6716504,    000h 00m 03.399s,    001h 51m 56.504s
1984,    3381,    6719885,    000h 00m 03.381s,    001h 51m 59.885s
1985,    3396,    6723281,    000h 00m 03.396s,    001h 52m 03.281s
1986,    3374,    6726655,    000h 00m 03.374s,    001h 52m 06.655s
1987,    3425,    6730080,    000h 00m 03.425s,    001h 52m 10.080s
1988,    3377,    6733457,    000h 00m 03.377s,    001h 52m 13.457s
1989,    3385,    6736842,    000h 00m 03.385s,    001h 52m 16.842s
1990,    3378,    6740220,    000h 00m 03.378s,    001h 52m 20.220s
1991,    3385,    6743605,    000h 00m 03.385s,    001h 52m 23.605s
1992,    3398,    6747003,    000h 00m 03.398s,    001h 52m 27.003s
1993,    3388,    6750391,    000h 00m 03.388s,    001h 52m 30.391s
1994,    3389,    6753780,    000h 00m 03.389s,    001h 52m 33.780s
1995,    3380,    6757160,    000h 00m 03.380s,    001h 52m 37.160s
1996,    3373,    6760533,    000h 00m 03.373s,    001h 52m 40.533s
1997,    3390,    6763923,    000h 00m 03.390s,    001h 52m 43.923s
1998,    3456,    6767379,    000h 00m 03.456s,    001h 52m 47.379s
1999,    3408,    6770787,    000h 00m 03.408s,    001h 52m 50.787s
2000,    3392,    6774179,    000h 00m 03.392s,    001h 52m 54.179s
2001,    3382,    6777561,    000h 00m 03.382s,    001h 52m 57.561s
2002,    3387,    6780948,    000h 00m 03.387s,    001h 53m 00.948s
2003,    3384,    6784332,    000h 00m 03.384s,    001h 53m 04.332s
2004,    3382,    6787714,    000h 00m 03.382s,    001h 53m 07.714s
2005,    3429,    6791143,    000h 00m 03.429s,    001h 53m 11.143s
2006,    3397,    6794540,    000h 00m 03.397s,    001h 53m 14.540s
2007,    3390,    6797930,    000h 00m 03.390s,    001h 53m 17.930s
2008,    3379,    6801309,    000h 00m 03.379s,    001h 53m 21.309s
2009,    3385,    6804694,    000h 00m 03.385s,    001h 53m 24.694s
2010,    3388,    6808082,    000h 00m 03.388s,    001h 53m 28.082s
2011,    3390,    6811472,    000h 00m 03.390s,    001h 53m 31.472s
2012,    3385,    6814857,    000h 00m 03.385s,    001h 53m 34.857s
2013,    3391,    6818248,    000h 00m 03.391s,    001h 53m 38.248s
2014,    3377,    6821625,    000h 00m 03.377s,    001h 53m 41.625s
2015,    3391,    6825016,    000h 00m 03.391s,    001h 53m 45.016s
2016,    3383,    6828399,    000h 00m 03.383s,    001h 53m 48.399s
2017,    3379,    6831778,    000h 00m 03.379s,    001h 53m 51.778s
2018,    3373,    6835151,    000h 00m 03.373s,    001h 53m 55.151s
2019,    3385,    6838536,    000h 00m 03.385s,    001h 53m 58.536s
2020,    3384,    6841920,    000h 00m 03.384s,    001h 54m 01.920s
2021,    3387,    6845307,    000h 00m 03.387s,    001h 54m 05.307s
2022,    3370,    6848677,    000h 00m 03.370s,    001h 54m 08.677s
2023,    3376,    6852053,    000h 00m 03.376s,    001h 54m 12.053s
2024,    3382,    6855435,    000h 00m 03.382s,    001h 54m 15.435s
2025,    3379,    6858814,    000h 00m 03.379s,    001h 54m 18.814s
2026,    3385,    6862199,    000h 00m 03.385s,    001h 54m 22.199s
2027,    3426,    6865625,    000h 00m 03.426s,    001h 54m 25.625s
2028,    3380,    6869005,    000h 00m 03.380s,    001h 54m 29.005s
2029,    3385,    6872390,    000h 00m 03.385s,    001h 54m 32.390s
2030,    3388,    6875778,    000h 00m 03.388s,    001h 54m 35.778s
2031,    3382,    6879160,    000h 00m 03.382s,    001h 54m 39.160s
2032,    3380,    6882540,    000h 00m 03.380s,    001h 54m 42.540s
2033,    3396,    6885936,    000h 00m 03.396s,    001h 54m 45.936s
2034,    3390,    6889326,    000h 00m 03.390s,    001h 54m 49.326s
2035,    3388,    6892714,    000h 00m 03.388s,    001h 54m 52.714s
2036,    3381,    6896095,    000h 00m 03.381s,    001h 54m 56.095s
2037,    3373,    6899468,    000h 00m 03.373s,    001h 54m 59.468s
2038,    3396,    6902864,    000h 00m 03.396s,    001h 55m 02.864s
2039,    3380,    6906244,    000h 00m 03.380s,    001h 55m 06.244s
2040,    3388,    6909632,    000h 00m 03.388s,    001h 55m 09.632s
2041,    3376,    6913008,    000h 00m 03.376s,    001h 55m 13.008s
2042,    3389,    6916397,    000h 00m 03.389s,    001h 55m 16.397s
2043,    3376,    6919773,    000h 00m 03.376s,    001h 55m 19.773s
2044,    3389,    6923162,    000h 00m 03.389s,    001h 55m 23.162s
2045,    3375,    6926537,    000h 00m 03.375s,    001h 55m 26.537s
2046,    3379,    6929916,    000h 00m 03.379s,    001h 55m 29.916s
2047,    3376,    6933292,    000h 00m 03.376s,    001h 55m 33.292s
2048,    3425,    6936717,    000h 00m 03.425s,    001h 55m 36.717s
2049,    3397,    6940114,    000h 00m 03.397s,    001h 55m 40.114s
2050,    3396,    6943510,    000h 00m 03.396s,    001h 55m 43.510s
2051,    3385,    6946895,    000h 00m 03.385s,    001h 55m 46.895s
2052,    3379,    6950274,    000h 00m 03.379s,    001h 55m 50.274s
2053,    3383,    6953657,    000h 00m 03.383s,    001h 55m 53.657s
2054,    3389,    6957046,    000h 00m 03.389s,    001h 55m 57.046s
2055,    3398,    6960444,    000h 00m 03.398s,    001h 56m 00.444s
2056,    3390,    6963834,    000h 00m 03.390s,    001h 56m 03.834s
2057,    3377,    6967211,    000h 00m 03.377s,    001h 56m 07.211s
2058,    3390,    6970601,    000h 00m 03.390s,    001h 56m 10.601s
2059,    3393,    6973994,    000h 00m 03.393s,    001h 56m 13.994s
2060,    3383,    6977377,    000h 00m 03.383s,    001h 56m 17.377s
2061,    3387,    6980764,    000h 00m 03.387s,    001h 56m 20.764s
2062,    3393,    6984157,    000h 00m 03.393s,    001h 56m 24.157s
2063,    3370,    6987527,    000h 00m 03.370s,    001h 56m 27.527s
2064,    3385,    6990912,    000h 00m 03.385s,    001h 56m 30.912s
2065,    3382,    6994294,    000h 00m 03.382s,    001h 56m 34.294s
2066,    3388,    6997682,    000h 00m 03.388s,    001h 56m 37.682s
2067,    3412,    7001094,    000h 00m 03.412s,    001h 56m 41.094s
2068,    3401,    7004495,    000h 00m 03.401s,    001h 56m 44.495s
2069,    3376,    7007871,    000h 00m 03.376s,    001h 56m 47.871s
2070,    3379,    7011250,    000h 00m 03.379s,    001h 56m 51.250s
2071,    3385,    7014635,    000h 00m 03.385s,    001h 56m 54.635s
2072,    3389,    7018024,    000h 00m 03.389s,    001h 56m 58.024s
2073,    3391,    7021415,    000h 00m 03.391s,    001h 57m 01.415s
2074,    3378,    7024793,    000h 00m 03.378s,    001h 57m 04.793s
2075,    3385,    7028178,    000h 00m 03.385s,    001h 57m 08.178s
2076,    3388,    7031566,    000h 00m 03.388s,    001h 57m 11.566s
2077,    3386,    7034952,    000h 00m 03.386s,    001h 57m 14.952s
2078,    3382,    7038334,    000h 00m 03.382s,    001h 57m 18.334s
2079,    3376,    7041710,    000h 00m 03.376s,    001h 57m 21.710s
2080,    3380,    7045090,    000h 00m 03.380s,    001h 57m 25.090s
2081,    3385,    7048475,    000h 00m 03.385s,    001h 57m 28.475s
2082,    3396,    7051871,    000h 00m 03.396s,    001h 57m 31.871s
2083,    3371,    7055242,    000h 00m 03.371s,    001h 57m 35.242s
2084,    3382,    7058624,    000h 00m 03.382s,    001h 57m 38.624s
2085,    3380,    7062004,    000h 00m 03.380s,    001h 57m 42.004s
2086,    3385,    7065389,    000h 00m 03.385s,    001h 57m 45.389s
2087,    3389,    7068778,    000h 00m 03.389s,    001h 57m 48.778s
2088,    3425,    7072203,    000h 00m 03.425s,    001h 57m 52.203s
2089,    3390,    7075593,    000h 00m 03.390s,    001h 57m 55.593s
2090,    3382,    7078975,    000h 00m 03.382s,    001h 57m 58.975s
2091,    3402,    7082377,    000h 00m 03.402s,    001h 58m 02.377s
2092,    3386,    7085763,    000h 00m 03.386s,    001h 58m 05.763s
2093,    3412,    7089175,    000h 00m 03.412s,    001h 58m 09.175s
2094,    3387,    7092562,    000h 00m 03.387s,    001h 58m 12.562s
2095,    3388,    7095950,    000h 00m 03.388s,    001h 58m 15.950s
2096,    3385,    7099335,    000h 00m 03.385s,    001h 58m 19.335s
2097,    3387,    7102722,    000h 00m 03.387s,    001h 58m 22.722s
2098,    3393,    7106115,    000h 00m 03.393s,    001h 58m 26.115s
2099,    3380,    7109495,    000h 00m 03.380s,    001h 58m 29.495s
2100,    3376,    7112871,    000h 00m 03.376s,    001h 58m 32.871s
2101,    3387,    7116258,    000h 00m 03.387s,    001h 58m 36.258s
2102,    3376,    7119634,    000h 00m 03.376s,    001h 58m 39.634s
2103,    3383,    7123017,    000h 00m 03.383s,    001h 58m 43.017s
2104,    3386,    7126403,    000h 00m 03.386s,    001h 58m 46.403s
2105,    3381,    7129784,    000h 00m 03.381s,    001h 58m 49.784s
2106,    3381,    7133165,    000h 00m 03.381s,    001h 58m 53.165s
2107,    3384,    7136549,    000h 00m 03.384s,    001h 58m 56.549s
2108,    3390,    7139939,    000h 00m 03.390s,    001h 58m 59.939s
2109,    3394,    7143333,    000h 00m 03.394s,    001h 59m 03.333s
2110,    3388,    7146721,    000h 00m 03.388s,    001h 59m 06.721s
2111,    3372,    7150093,    000h 00m 03.372s,    001h 59m 10.093s
2112,    3385,    7153478,    000h 00m 03.385s,    001h 59m 13.478s
2113,    3428,    7156906,    000h 00m 03.428s,    001h 59m 16.906s
2114,    3384,    7160290,    000h 00m 03.384s,    001h 59m 20.290s
2115,    3374,    7163664,    000h 00m 03.374s,    001h 59m 23.664s
2116,    3392,    7167056,    000h 00m 03.392s,    001h 59m 27.056s
2117,    3384,    7170440,    000h 00m 03.384s,    001h 59m 30.440s
2118,    3388,    7173828,    000h 00m 03.388s,    001h 59m 33.828s
2119,    3395,    7177223,    000h 00m 03.395s,    001h 59m 37.223s
2120,    3385,    7180608,    000h 00m 03.385s,    001h 59m 40.608s
2121,    3382,    7183990,    000h 00m 03.382s,    001h 59m 43.990s
2122,    3374,    7187364,    000h 00m 03.374s,    001h 59m 47.364s
2123,    3392,    7190756,    000h 00m 03.392s,    001h 59m 50.756s
2124,    3388,    7194144,    000h 00m 03.388s,    001h 59m 54.144s
2125,    3383,    7197527,    000h 00m 03.383s,    001h 59m 57.527s
2126,    3393,    7200920,    000h 00m 03.393s,    002h 00m 00.920s
2127,    3387,    7204307,    000h 00m 03.387s,    002h 00m 04.307s
2128,    3399,    7207706,    000h 00m 03.399s,    002h 00m 07.706s
2129,    3386,    7211092,    000h 00m 03.386s,    002h 00m 11.092s
2130,    3385,    7214477,    000h 00m 03.385s,    002h 00m 14.477s
2131,    3384,    7217861,    000h 00m 03.384s,    002h 00m 17.861s
2132,    3379,    7221240,    000h 00m 03.379s,    002h 00m 21.240s
2133,    3386,    7224626,    000h 00m 03.386s,    002h 00m 24.626s
2134,    3384,    7228010,    000h 00m 03.384s,    002h 00m 28.010s
2135,    3395,    7231405,    000h 00m 03.395s,    002h 00m 31.405s
2136,    3429,    7234834,    000h 00m 03.429s,    002h 00m 34.834s
2137,    3395,    7238229,    000h 00m 03.395s,    002h 00m 38.229s
2138,    3400,    7241629,    000h 00m 03.400s,    002h 00m 41.629s
2139,    3412,    7245041,    000h 00m 03.412s,    002h 00m 45.041s
2140,    3399,    7248440,    000h 00m 03.399s,    002h 00m 48.440s
2141,    3377,    7251817,    000h 00m 03.377s,    002h 00m 51.817s
2142,    3380,    7255197,    000h 00m 03.380s,    002h 00m 55.197s
2143,    3380,    7258577,    000h 00m 03.380s,    002h 00m 58.577s
2144,    3396,    7261973,    000h 00m 03.396s,    002h 01m 01.973s
2145,    3388,    7265361,    000h 00m 03.388s,    002h 01m 05.361s
2146,    3368,    7268729,    000h 00m 03.368s,    002h 01m 08.729s
2147,    3386,    7272115,    000h 00m 03.386s,    002h 01m 12.115s
2148,    3389,    7275504,    000h 00m 03.389s,    002h 01m 15.504s
2149,    3385,    7278889,    000h 00m 03.385s,    002h 01m 18.889s
2150,    3378,    7282267,    000h 00m 03.378s,    002h 01m 22.267s
2151,    3397,    7285664,    000h 00m 03.397s,    002h 01m 25.664s
2152,    3375,    7289039,    000h 00m 03.375s,    002h 01m 29.039s
2153,    3379,    7292418,    000h 00m 03.379s,    002h 01m 32.418s
2154,    3390,    7295808,    000h 00m 03.390s,    002h 01m 35.808s
2155,    3383,    7299191,    000h 00m 03.383s,    002h 01m 39.191s
2156,    3381,    7302572,    000h 00m 03.381s,    002h 01m 42.572s
2157,    3374,    7305946,    000h 00m 03.374s,    002h 01m 45.946s
2158,    3383,    7309329,    000h 00m 03.383s,    002h 01m 49.329s
2159,    3382,    7312711,    000h 00m 03.382s,    002h 01m 52.711s
2160,    3394,    7316105,    000h 00m 03.394s,    002h 01m 56.105s
2161,    3385,    7319490,    000h 00m 03.385s,    002h 01m 59.490s
2162,    3425,    7322915,    000h 00m 03.425s,    002h 02m 02.915s
2163,    3391,    7326306,    000h 00m 03.391s,    002h 02m 06.306s
2164,    3374,    7329680,    000h 00m 03.374s,    002h 02m 09.680s
2165,    3392,    7333072,    000h 00m 03.392s,    002h 02m 13.072s
2166,    3397,    7336469,    000h 00m 03.397s,    002h 02m 16.469s
2167,    3384,    7339853,    000h 00m 03.384s,    002h 02m 19.853s
2168,    3388,    7343241,    000h 00m 03.388s,    002h 02m 23.241s
2169,    3376,    7346617,    000h 00m 03.376s,    002h 02m 26.617s
2170,    3392,    7350009,    000h 00m 03.392s,    002h 02m 30.009s
2171,    3390,    7353399,    000h 00m 03.390s,    002h 02m 33.399s
2172,    3385,    7356784,    000h 00m 03.385s,    002h 02m 36.784s
2173,    3396,    7360180,    000h 00m 03.396s,    002h 02m 40.180s
2174,    3376,    7363556,    000h 00m 03.376s,    002h 02m 43.556s
2175,    3393,    7366949,    000h 00m 03.393s,    002h 02m 46.949s
2176,    3388,    7370337,    000h 00m 03.388s,    002h 02m 50.337s
2177,    3378,    7373715,    000h 00m 03.378s,    002h 02m 53.715s
2178,    3375,    7377090,    000h 00m 03.375s,    002h 02m 57.090s
2179,    3389,    7380479,    000h 00m 03.389s,    002h 03m 00.479s
2180,    3396,    7383875,    000h 00m 03.396s,    002h 03m 03.875s
2181,    3391,    7387266,    000h 00m 03.391s,    002h 03m 07.266s
2182,    3382,    7390648,    000h 00m 03.382s,    002h 03m 10.648s
2183,    3383,    7394031,    000h 00m 03.383s,    002h 03m 14.031s
2184,    3380,    7397411,    000h 00m 03.380s,    002h 03m 17.411s
2185,    3385,    7400796,    000h 00m 03.385s,    002h 03m 20.796s
2186,    3394,    7404190,    000h 00m 03.394s,    002h 03m 24.190s
2187,    3423,    7407613,    000h 00m 03.423s,    002h 03m 27.613s
2188,    3416,    7411029,    000h 00m 03.416s,    002h 03m 31.029s
2189,    3395,    7414424,    000h 00m 03.395s,    002h 03m 34.424s
2190,    3391,    7417815,    000h 00m 03.391s,    002h 03m 37.815s
2191,    3382,    7421197,    000h 00m 03.382s,    002h 03m 41.197s
2192,    3382,    7424579,    000h 00m 03.382s,    002h 03m 44.579s
2193,    3374,    7427953,    000h 00m 03.374s,    002h 03m 47.953s
2194,    3372,    7431325,    000h 00m 03.372s,    002h 03m 51.325s
2195,    3391,    7434716,    000h 00m 03.391s,    002h 03m 54.716s
2196,    3388,    7438104,    000h 00m 03.388s,    002h 03m 58.104s
2197,    3395,    7441499,    000h 00m 03.395s,    002h 04m 01.499s
2198,    3380,    7444879,    000h 00m 03.380s,    002h 04m 04.879s
2199,    3377,    7448256,    000h 00m 03.377s,    002h 04m 08.256s
2200,    3388,    7451644,    000h 00m 03.388s,    002h 04m 11.644s
2201,    3386,    7455030,    000h 00m 03.386s,    002h 04m 15.030s
2202,    3386,    7458416,    000h 00m 03.386s,    002h 04m 18.416s
2203,    3374,    7461790,    000h 00m 03.374s,    002h 04m 21.790s
2204,    3393,    7465183,    000h 00m 03.393s,    002h 04m 25.183s
2205,    3382,    7468565,    000h 00m 03.382s,    002h 04m 28.565s
2206,    3389,    7471954,    000h 00m 03.389s,    002h 04m 31.954s
2207,    3384,    7475338,    000h 00m 03.384s,    002h 04m 35.338s
2208,    3377,    7478715,    000h 00m 03.377s,    002h 04m 38.715s
2209,    3385,    7482100,    000h 00m 03.385s,    002h 04m 42.100s
2210,    3397,    7485497,    000h 00m 03.397s,    002h 04m 45.497s
2211,    3381,    7488878,    000h 00m 03.381s,    002h 04m 48.878s
2212,    3412,    7492290,    000h 00m 03.412s,    002h 04m 52.290s
2213,    3386,    7495676,    000h 00m 03.386s,    002h 04m 55.676s
2214,    3381,    7499057,    000h 00m 03.381s,    002h 04m 59.057s
2215,    3398,    7502455,    000h 00m 03.398s,    002h 05m 02.455s
2216,    3390,    7505845,    000h 00m 03.390s,    002h 05m 05.845s
2217,    3391,    7509236,    000h 00m 03.391s,    002h 05m 09.236s
2218,    3389,    7512625,    000h 00m 03.389s,    002h 05m 12.625s
2219,    3394,    7516019,    000h 00m 03.394s,    002h 05m 16.019s
2220,    3385,    7519404,    000h 00m 03.385s,    002h 05m 19.404s
2221,    3384,    7522788,    000h 00m 03.384s,    002h 05m 22.788s
2222,    3436,    7526224,    000h 00m 03.436s,    002h 05m 26.224s
2223,    3382,    7529606,    000h 00m 03.382s,    002h 05m 29.606s
2224,    3385,    7532991,    000h 00m 03.385s,    002h 05m 32.991s
2225,    3390,    7536381,    000h 00m 03.390s,    002h 05m 36.381s
2226,    3383,    7539764,    000h 00m 03.383s,    002h 05m 39.764s
2227,    3389,    7543153,    000h 00m 03.389s,    002h 05m 43.153s
2228,    3384,    7546537,    000h 00m 03.384s,    002h 05m 46.537s
2229,    3381,    7549918,    000h 00m 03.381s,    002h 05m 49.918s
2230,    3398,    7553316,    000h 00m 03.398s,    002h 05m 53.316s
2231,    3397,    7556713,    000h 00m 03.397s,    002h 05m 56.713s
2232,    3390,    7560103,    000h 00m 03.390s,    002h 06m 00.103s
2233,    3390,    7563493,    000h 00m 03.390s,    002h 06m 03.493s
2234,    3386,    7566879,    000h 00m 03.386s,    002h 06m 06.879s
2235,    3391,    7570270,    000h 00m 03.391s,    002h 06m 10.270s
2236,    3396,    7573666,    000h 00m 03.396s,    002h 06m 13.666s
2237,    3398,    7577064,    000h 00m 03.398s,    002h 06m 17.064s
2238,    3393,    7580457,    000h 00m 03.393s,    002h 06m 20.457s
2239,    3380,    7583837,    000h 00m 03.380s,    002h 06m 23.837s
2240,    3374,    7587211,    000h 00m 03.374s,    002h 06m 27.211s
2241,    3400,    7590611,    000h 00m 03.400s,    002h 06m 30.611s
2242,    3370,    7593981,    000h 00m 03.370s,    002h 06m 33.981s
2243,    3380,    7597361,    000h 00m 03.380s,    002h 06m 37.361s
2244,    3392,    7600753,    000h 00m 03.392s,    002h 06m 40.753s
2245,    3385,    7604138,    000h 00m 03.385s,    002h 06m 44.138s
2246,    3390,    7607528,    000h 00m 03.390s,    002h 06m 47.528s
2247,    3383,    7610911,    000h 00m 03.383s,    002h 06m 50.911s
2248,    3379,    7614290,    000h 00m 03.379s,    002h 06m 54.290s
2249,    3376,    7617666,    000h 00m 03.376s,    002h 06m 57.666s
2250,    3427,    7621093,    000h 00m 03.427s,    002h 07m 01.093s
2251,    3391,    7624484,    000h 00m 03.391s,    002h 07m 04.484s
2252,    3387,    7627871,    000h 00m 03.387s,    002h 07m 07.871s
2253,    3388,    7631259,    000h 00m 03.388s,    002h 07m 11.259s
2254,    3383,    7634642,    000h 00m 03.383s,    002h 07m 14.642s
2255,    3381,    7638023,    000h 00m 03.381s,    002h 07m 18.023s
2256,    3379,    7641402,    000h 00m 03.379s,    002h 07m 21.402s
2257,    3379,    7644781,    000h 00m 03.379s,    002h 07m 24.781s
2258,    3399,    7648180,    000h 00m 03.399s,    002h 07m 28.180s
2259,    3380,    7651560,    000h 00m 03.380s,    002h 07m 31.560s
2260,    3393,    7654953,    000h 00m 03.393s,    002h 07m 34.953s
2261,    3382,    7658335,    000h 00m 03.382s,    002h 07m 38.335s
2262,    3378,    7661713,    000h 00m 03.378s,    002h 07m 41.713s
2263,    3389,    7665102,    000h 00m 03.389s,    002h 07m 45.102s
2264,    3379,    7668481,    000h 00m 03.379s,    002h 07m 48.481s
2265,    3390,    7671871,    000h 00m 03.390s,    002h 07m 51.871s
2266,    3382,    7675253,    000h 00m 03.382s,    002h 07m 55.253s
2267,    3377,    7678630,    000h 00m 03.377s,    002h 07m 58.630s
2268,    3386,    7682016,    000h 00m 03.386s,    002h 08m 02.016s
2269,    3378,    7685394,    000h 00m 03.378s,    002h 08m 05.394s
2270,    3384,    7688778,    000h 00m 03.384s,    002h 08m 08.778s
2271,    3382,    7692160,    000h 00m 03.382s,    002h 08m 12.160s
2272,    3403,    7695563,    000h 00m 03.403s,    002h 08m 15.563s
2273,    3377,    7698940,    000h 00m 03.377s,    002h 08m 18.940s
2274,    3387,    7702327,    000h 00m 03.387s,    002h 08m 22.327s
2275,    3378,    7705705,    000h 00m 03.378s,    002h 08m 25.705s
2276,    3392,    7709097,    000h 00m 03.392s,    002h 08m 29.097s
2277,    3375,    7712472,    000h 00m 03.375s,    002h 08m 32.472s
2278,    3425,    7715897,    000h 00m 03.425s,    002h 08m 35.897s
2279,    3393,    7719290,    000h 00m 03.393s,    002h 08m 39.290s
2280,    3380,    7722670,    000h 00m 03.380s,    002h 08m 42.670s
2281,    3384,    7726054,    000h 00m 03.384s,    002h 08m 46.054s
2282,    3405,    7729459,    000h 00m 03.405s,    002h 08m 49.459s
2283,    3378,    7732837,    000h 00m 03.378s,    002h 08m 52.837s
2284,    3389,    7736226,    000h 00m 03.389s,    002h 08m 56.226s
2285,    3387,    7739613,    000h 00m 03.387s,    002h 08m 59.613s
2286,    3388,    7743001,    000h 00m 03.388s,    002h 09m 03.001s
2287,    3385,    7746386,    000h 00m 03.385s,    002h 09m 06.386s
2288,    3383,    7749769,    000h 00m 03.383s,    002h 09m 09.769s
2289,    3382,    7753151,    000h 00m 03.382s,    002h 09m 13.151s
2290,    3394,    7756545,    000h 00m 03.394s,    002h 09m 16.545s
2291,    3391,    7759936,    000h 00m 03.391s,    002h 09m 19.936s
2292,    3380,    7763316,    000h 00m 03.380s,    002h 09m 23.316s
2293,    3382,    7766698,    000h 00m 03.382s,    002h 09m 26.698s
2294,    3389,    7770087,    000h 00m 03.389s,    002h 09m 30.087s
2295,    3398,    7773485,    000h 00m 03.398s,    002h 09m 33.485s
2296,    3404,    7776889,    000h 00m 03.404s,    002h 09m 36.889s
2297,    3376,    7780265,    000h 00m 03.376s,    002h 09m 40.265s
2298,    3380,    7783645,    000h 00m 03.380s,    002h 09m 43.645s
2299,    3388,    7787033,    000h 00m 03.388s,    002h 09m 47.033s
2300,    3380,    7790413,    000h 00m 03.380s,    002h 09m 50.413s
2301,    3392,    7793805,    000h 00m 03.392s,    002h 09m 53.805s
2302,    3391,    7797196,    000h 00m 03.391s,    002h 09m 57.196s
2303,    3395,    7800591,    000h 00m 03.395s,    002h 10m 00.591s
2304,    3393,    7803984,    000h 00m 03.393s,    002h 10m 03.984s
2305,    3382,    7807366,    000h 00m 03.382s,    002h 10m 07.366s
2306,    3380,    7810746,    000h 00m 03.380s,    002h 10m 10.746s
2307,    3378,    7814124,    000h 00m 03.378s,    002h 10m 14.124s
2308,    3375,    7817499,    000h 00m 03.375s,    002h 10m 17.499s
2309,    3381,    7820880,    000h 00m 03.381s,    002h 10m 20.880s
2310,    3383,    7824263,    000h 00m 03.383s,    002h 10m 24.263s
2311,    3380,    7827643,    000h 00m 03.380s,    002h 10m 27.643s
2312,    3389,    7831032,    000h 00m 03.389s,    002h 10m 31.032s
2313,    3387,    7834419,    000h 00m 03.387s,    002h 10m 34.419s
2314,    3380,    7837799,    000h 00m 03.380s,    002h 10m 37.799s
2315,    3382,    7841181,    000h 00m 03.382s,    002h 10m 41.181s
2316,    3386,    7844567,    000h 00m 03.386s,    002h 10m 44.567s
2317,    3376,    7847943,    000h 00m 03.376s,    002h 10m 47.943s
2318,    3407,    7851350,    000h 00m 03.407s,    002h 10m 51.350s
2319,    3383,    7854733,    000h 00m 03.383s,    002h 10m 54.733s
2320,    3376,    7858109,    000h 00m 03.376s,    002h 10m 58.109s
2321,    3398,    7861507,    000h 00m 03.398s,    002h 11m 01.507s
2322,    3375,    7864882,    000h 00m 03.375s,    002h 11m 04.882s
2323,    3388,    7868270,    000h 00m 03.388s,    002h 11m 08.270s
2324,    3385,    7871655,    000h 00m 03.385s,    002h 11m 11.655s
2325,    3390,    7875045,    000h 00m 03.390s,    002h 11m 15.045s
2326,    3365,    7878410,    000h 00m 03.365s,    002h 11m 18.410s
2327,    3386,    7881796,    000h 00m 03.386s,    002h 11m 21.796s
2328,    3383,    7885179,    000h 00m 03.383s,    002h 11m 25.179s
2329,    3397,    7888576,    000h 00m 03.397s,    002h 11m 28.576s
2330,    3386,    7891962,    000h 00m 03.386s,    002h 11m 31.962s
2331,    3394,    7895356,    000h 00m 03.394s,    002h 11m 35.356s
2332,    3382,    7898738,    000h 00m 03.382s,    002h 11m 38.738s
2333,    3379,    7902117,    000h 00m 03.379s,    002h 11m 42.117s
2334,    3389,    7905506,    000h 00m 03.389s,    002h 11m 45.506s
2335,    3374,    7908880,    000h 00m 03.374s,    002h 11m 48.880s
2336,    3384,    7912264,    000h 00m 03.384s,    002h 11m 52.264s
2337,    3379,    7915643,    000h 00m 03.379s,    002h 11m 55.643s
2338,    3371,    7919014,    000h 00m 03.371s,    002h 11m 59.014s
2339,    3397,    7922411,    000h 00m 03.397s,    002h 12m 02.411s
2340,    3414,    7925825,    000h 00m 03.414s,    002h 12m 05.825s
2341,    3387,    7929212,    000h 00m 03.387s,    002h 12m 09.212s
2342,    3383,    7932595,    000h 00m 03.383s,    002h 12m 12.595s
2343,    3375,    7935970,    000h 00m 03.375s,    002h 12m 15.970s
2344,    3381,    7939351,    000h 00m 03.381s,    002h 12m 19.351s
2345,    3389,    7942740,    000h 00m 03.389s,    002h 12m 22.740s
2346,    3384,    7946124,    000h 00m 03.384s,    002h 12m 26.124s
2347,    3395,    7949519,    000h 00m 03.395s,    002h 12m 29.519s
2348,    3388,    7952907,    000h 00m 03.388s,    002h 12m 32.907s
2349,    3381,    7956288,    000h 00m 03.381s,    002h 12m 36.288s
2350,    3384,    7959672,    000h 00m 03.384s,    002h 12m 39.672s
2351,    3382,    7963054,    000h 00m 03.382s,    002h 12m 43.054s
2352,    3389,    7966443,    000h 00m 03.389s,    002h 12m 46.443s
2353,    3385,    7969828,    000h 00m 03.385s,    002h 12m 49.828s
2354,    3374,    7973202,    000h 00m 03.374s,    002h 12m 53.202s
2355,    3383,    7976585,    000h 00m 03.383s,    002h 12m 56.585s
2356,    3382,    7979967,    000h 00m 03.382s,    002h 12m 59.967s
2357,    3390,    7983357,    000h 00m 03.390s,    002h 13m 03.357s
2358,    3388,    7986745,    000h 00m 03.388s,    002h 13m 06.745s
2359,    3396,    7990141,    000h 00m 03.396s,    002h 13m 10.141s
2360,    3405,    7993546,    000h 00m 03.405s,    002h 13m 13.546s
2361,    3393,    7996939,    000h 00m 03.393s,    002h 13m 16.939s
2362,    3383,    8000322,    000h 00m 03.383s,    002h 13m 20.322s
2363,    3388,    8003710,    000h 00m 03.388s,    002h 13m 23.710s
2364,    3381,    8007091,    000h 00m 03.381s,    002h 13m 27.091s
2365,    3388,    8010479,    000h 00m 03.388s,    002h 13m 30.479s
2366,    3389,    8013868,    000h 00m 03.389s,    002h 13m 33.868s
2367,    3387,    8017255,    000h 00m 03.387s,    002h 13m 37.255s
2368,    3389,    8020644,    000h 00m 03.389s,    002h 13m 40.644s
2369,    3385,    8024029,    000h 00m 03.385s,    002h 13m 44.029s
2370,    3376,    8027405,    000h 00m 03.376s,    002h 13m 47.405s
2371,    3386,    8030791,    000h 00m 03.386s,    002h 13m 50.791s
2372,    3375,    8034166,    000h 00m 03.375s,    002h 13m 54.166s
2373,    3384,    8037550,    000h 00m 03.384s,    002h 13m 57.550s
2374,    3382,    8040932,    000h 00m 03.382s,    002h 14m 00.932s
2375,    3391,    8044323,    000h 00m 03.391s,    002h 14m 04.323s
2376,    3392,    8047715,    000h 00m 03.392s,    002h 14m 07.715s
2377,    3408,    8051123,    000h 00m 03.408s,    002h 14m 11.123s
2378,    3393,    8054516,    000h 00m 03.393s,    002h 14m 14.516s
2379,    3402,    8057918,    000h 00m 03.402s,    002h 14m 17.918s
2380,    3395,    8061313,    000h 00m 03.395s,    002h 14m 21.313s
2381,    3377,    8064690,    000h 00m 03.377s,    002h 14m 24.690s
2382,    3385,    8068075,    000h 00m 03.385s,    002h 14m 28.075s
2383,    3392,    8071467,    000h 00m 03.392s,    002h 14m 31.467s
2384,    3386,    8074853,    000h 00m 03.386s,    002h 14m 34.853s
2385,    3393,    8078246,    000h 00m 03.393s,    002h 14m 38.246s
2386,    3396,    8081642,    000h 00m 03.396s,    002h 14m 41.642s
2387,    3395,    8085037,    000h 00m 03.395s,    002h 14m 45.037s
2388,    3398,    8088435,    000h 00m 03.398s,    002h 14m 48.435s
2389,    3376,    8091811,    000h 00m 03.376s,    002h 14m 51.811s
2390,    3388,    8095199,    000h 00m 03.388s,    002h 14m 55.199s
2391,    3390,    8098589,    000h 00m 03.390s,    002h 14m 58.589s
2392,    3386,    8101975,    000h 00m 03.386s,    002h 15m 01.975s
2393,    3378,    8105353,    000h 00m 03.378s,    002h 15m 05.353s
2394,    3380,    8108733,    000h 00m 03.380s,    002h 15m 08.733s
2395,    3380,    8112113,    000h 00m 03.380s,    002h 15m 12.113s
2396,    3373,    8115486,    000h 00m 03.373s,    002h 15m 15.486s
2397,    3387,    8118873,    000h 00m 03.387s,    002h 15m 18.873s
2398,    3386,    8122259,    000h 00m 03.386s,    002h 15m 22.259s
2399,    3408,    8125667,    000h 00m 03.408s,    002h 15m 25.667s
2400,    3401,    8129068,    000h 00m 03.401s,    002h 15m 29.068s
2401,    3384,    8132452,    000h 00m 03.384s,    002h 15m 32.452s
2402,    3383,    8135835,    000h 00m 03.383s,    002h 15m 35.835s
2403,    3380,    8139215,    000h 00m 03.380s,    002h 15m 39.215s
2404,    3390,    8142605,    000h 00m 03.390s,    002h 15m 42.605s
2405,    3385,    8145990,    000h 00m 03.385s,    002h 15m 45.990s
2406,    3399,    8149389,    000h 00m 03.399s,    002h 15m 49.389s
2407,    3390,    8152779,    000h 00m 03.390s,    002h 15m 52.779s
2408,    3380,    8156159,    000h 00m 03.380s,    002h 15m 56.159s
2409,    3382,    8159541,    000h 00m 03.382s,    002h 15m 59.541s
2410,    3395,    8162936,    000h 00m 03.395s,    002h 16m 02.936s
2411,    3385,    8166321,    000h 00m 03.385s,    002h 16m 06.321s
2412,    3380,    8169701,    000h 00m 03.380s,    002h 16m 09.701s
2413,    3376,    8173077,    000h 00m 03.376s,    002h 16m 13.077s
2414,    3386,    8176463,    000h 00m 03.386s,    002h 16m 16.463s
2415,    3380,    8179843,    000h 00m 03.380s,    002h 16m 19.843s
2416,    3378,    8183221,    000h 00m 03.378s,    002h 16m 23.221s
2417,    3385,    8186606,    000h 00m 03.385s,    002h 16m 26.606s
2418,    3375,    8189981,    000h 00m 03.375s,    002h 16m 29.981s
2419,    3400,    8193381,    000h 00m 03.400s,    002h 16m 33.381s
2420,    3389,    8196770,    000h 00m 03.389s,    002h 16m 36.770s
2421,    3412,    8200182,    000h 00m 03.412s,    002h 16m 40.182s
2422,    3386,    8203568,    000h 00m 03.386s,    002h 16m 43.568s
2423,    3384,    8206952,    000h 00m 03.384s,    002h 16m 46.952s
2424,    3386,    8210338,    000h 00m 03.386s,    002h 16m 50.338s
2425,    3378,    8213716,    000h 00m 03.378s,    002h 16m 53.716s
2426,    3386,    8217102,    000h 00m 03.386s,    002h 16m 57.102s
2427,    3396,    8220498,    000h 00m 03.396s,    002h 17m 00.498s
2428,    3392,    8223890,    000h 00m 03.392s,    002h 17m 03.890s
2429,    3376,    8227266,    000h 00m 03.376s,    002h 17m 07.266s
2430,    3386,    8230652,    000h 00m 03.386s,    002h 17m 10.652s
2431,    3387,    8234039,    000h 00m 03.387s,    002h 17m 14.039s
2432,    3384,    8237423,    000h 00m 03.384s,    002h 17m 17.423s
2433,    3375,    8240798,    000h 00m 03.375s,    002h 17m 20.798s
2434,    3395,    8244193,    000h 00m 03.395s,    002h 17m 24.193s
2435,    3388,    8247581,    000h 00m 03.388s,    002h 17m 27.581s
2436,    3387,    8250968,    000h 00m 03.387s,    002h 17m 30.968s
2437,    3380,    8254348,    000h 00m 03.380s,    002h 17m 34.348s
2438,    3375,    8257723,    000h 00m 03.375s,    002h 17m 37.723s
2439,    3375,    8261098,    000h 00m 03.375s,    002h 17m 41.098s
2440,    3387,    8264485,    000h 00m 03.387s,    002h 17m 44.485s
2441,    3414,    8267899,    000h 00m 03.414s,    002h 17m 47.899s
2442,    3391,    8271290,    000h 00m 03.391s,    002h 17m 51.290s
2443,    3377,    8274667,    000h 00m 03.377s,    002h 17m 54.667s
2444,    3375,    8278042,    000h 00m 03.375s,    002h 17m 58.042s
2445,    3392,    8281434,    000h 00m 03.392s,    002h 18m 01.434s
2446,    3395,    8284829,    000h 00m 03.395s,    002h 18m 04.829s
2447,    3402,    8288231,    000h 00m 03.402s,    002h 18m 08.231s
2448,    3392,    8291623,    000h 00m 03.392s,    002h 18m 11.623s
2449,    3392,    8295015,    000h 00m 03.392s,    002h 18m 15.015s
2450,    3410,    8298425,    000h 00m 03.410s,    002h 18m 18.425s
2451,    3431,    8301856,    000h 00m 03.431s,    002h 18m 21.856s
2452,    3387,    8305243,    000h 00m 03.387s,    002h 18m 25.243s
2453,    3382,    8308625,    000h 00m 03.382s,    002h 18m 28.625s
2454,    3391,    8312016,    000h 00m 03.391s,    002h 18m 32.016s
2455,    3382,    8315398,    000h 00m 03.382s,    002h 18m 35.398s
2456,    3377,    8318775,    000h 00m 03.377s,    002h 18m 38.775s
2457,    3372,    8322147,    000h 00m 03.372s,    002h 18m 42.147s
2458,    3400,    8325547,    000h 00m 03.400s,    002h 18m 45.547s
2459,    3414,    8328961,    000h 00m 03.414s,    002h 18m 48.961s
2460,    3377,    8332338,    000h 00m 03.377s,    002h 18m 52.338s
2461,    3380,    8335718,    000h 00m 03.380s,    002h 18m 55.718s
2462,    3383,    8339101,    000h 00m 03.383s,    002h 18m 59.101s
2463,    3400,    8342501,    000h 00m 03.400s,    002h 19m 02.501s
2464,    3377,    8345878,    000h 00m 03.377s,    002h 19m 05.878s
2465,    3382,    8349260,    000h 00m 03.382s,    002h 19m 09.260s
2466,    3382,    8352642,    000h 00m 03.382s,    002h 19m 12.642s
2467,    3393,    8356035,    000h 00m 03.393s,    002h 19m 16.035s
2468,    3390,    8359425,    000h 00m 03.390s,    002h 19m 19.425s
2469,    3375,    8362800,    000h 00m 03.375s,    002h 19m 22.800s
2470,    3379,    8366179,    000h 00m 03.379s,    002h 19m 26.179s
2471,    3405,    8369584,    000h 00m 03.405s,    002h 19m 29.584s
2472,    3375,    8372959,    000h 00m 03.375s,    002h 19m 32.959s
2473,    3375,    8376334,    000h 00m 03.375s,    002h 19m 36.334s
2474,    3378,    8379712,    000h 00m 03.378s,    002h 19m 39.712s
2475,    3378,    8383090,    000h 00m 03.378s,    002h 19m 43.090s
2476,    3392,    8386482,    000h 00m 03.392s,    002h 19m 46.482s
2477,    3388,    8389870,    000h 00m 03.388s,    002h 19m 49.870s
2478,    3391,    8393261,    000h 00m 03.391s,    002h 19m 53.261s
2479,    3393,    8396654,    000h 00m 03.393s,    002h 19m 56.654s
2480,    3392,    8400046,    000h 00m 03.392s,    002h 20m 00.046s
2481,    3406,    8403452,    000h 00m 03.406s,    002h 20m 03.452s
2482,    3405,    8406857,    000h 00m 03.405s,    002h 20m 06.857s
2483,    3386,    8410243,    000h 00m 03.386s,    002h 20m 10.243s
2484,    3387,    8413630,    000h 00m 03.387s,    002h 20m 13.630s
2485,    3391,    8417021,    000h 00m 03.391s,    002h 20m 17.021s
2486,    3383,    8420404,    000h 00m 03.383s,    002h 20m 20.404s
2487,    3386,    8423790,    000h 00m 03.386s,    002h 20m 23.790s
2488,    3387,    8427177,    000h 00m 03.387s,    002h 20m 27.177s
2489,    3383,    8430560,    000h 00m 03.383s,    002h 20m 30.560s
2490,    3391,    8433951,    000h 00m 03.391s,    002h 20m 33.951s
2491,    3387,    8437338,    000h 00m 03.387s,    002h 20m 37.338s
2492,    3379,    8440717,    000h 00m 03.379s,    002h 20m 40.717s
2493,    3395,    8444112,    000h 00m 03.395s,    002h 20m 44.112s
2494,    3380,    8447492,    000h 00m 03.380s,    002h 20m 47.492s
2495,    3383,    8450875,    000h 00m 03.383s,    002h 20m 50.875s
2496,    3383,    8454258,    000h 00m 03.383s,    002h 20m 54.258s
2497,    3383,    8457641,    000h 00m 03.383s,    002h 20m 57.641s
2498,    3383,    8461024,    000h 00m 03.383s,    002h 21m 01.024s
2499,    3394,    8464418,    000h 00m 03.394s,    002h 21m 04.418s
2500,    3389,    8467807,    000h 00m 03.389s,    002h 21m 07.807s
2501,    3408,    8471215,    000h 00m 03.408s,    002h 21m 11.215s
2502,    3393,    8474608,    000h 00m 03.393s,    002h 21m 14.608s
2503,    3393,    8478001,    000h 00m 03.393s,    002h 21m 18.001s
2504,    3373,    8481374,    000h 00m 03.373s,    002h 21m 21.374s
2505,    3380,    8484754,    000h 00m 03.380s,    002h 21m 24.754s
2506,    3386,    8488140,    000h 00m 03.386s,    002h 21m 28.140s
2507,    3397,    8491537,    000h 00m 03.397s,    002h 21m 31.537s
2508,    3394,    8494931,    000h 00m 03.394s,    002h 21m 34.931s
2509,    3390,    8498321,    000h 00m 03.390s,    002h 21m 38.321s
2510,    3383,    8501704,    000h 00m 03.383s,    002h 21m 41.704s
2511,    3387,    8505091,    000h 00m 03.387s,    002h 21m 45.091s
2512,    3387,    8508478,    000h 00m 03.387s,    002h 21m 48.478s
2513,    3382,    8511860,    000h 00m 03.382s,    002h 21m 51.860s
2514,    3382,    8515242,    000h 00m 03.382s,    002h 21m 55.242s
2515,    3385,    8518627,    000h 00m 03.385s,    002h 21m 58.627s
2516,    3385,    8522012,    000h 00m 03.385s,    002h 22m 02.012s
2517,    3380,    8525392,    000h 00m 03.380s,    002h 22m 05.392s
2518,    3394,    8528786,    000h 00m 03.394s,    002h 22m 08.786s
2519,    3378,    8532164,    000h 00m 03.378s,    002h 22m 12.164s
2520,    3387,    8535551,    000h 00m 03.387s,    002h 22m 15.551s
2521,    3422,    8538973,    000h 00m 03.422s,    002h 22m 18.973s
2522,    3385,    8542358,    000h 00m 03.385s,    002h 22m 22.358s
2523,    3396,    8545754,    000h 00m 03.396s,    002h 22m 25.754s
2524,    3379,    8549133,    000h 00m 03.379s,    002h 22m 29.133s
2525,    3389,    8552522,    000h 00m 03.389s,    002h 22m 32.522s
2526,    3398,    8555920,    000h 00m 03.398s,    002h 22m 35.920s
2527,    3383,    8559303,    000h 00m 03.383s,    002h 22m 39.303s
2528,    3379,    8562682,    000h 00m 03.379s,    002h 22m 42.682s
2529,    3391,    8566073,    000h 00m 03.391s,    002h 22m 46.073s
2530,    3377,    8569450,    000h 00m 03.377s,    002h 22m 49.450s
2531,    3374,    8572824,    000h 00m 03.374s,    002h 22m 52.824s
2532,    3390,    8576214,    000h 00m 03.390s,    002h 22m 56.214s
2533,    3375,    8579589,    000h 00m 03.375s,    002h 22m 59.589s
2534,    3393,    8582982,    000h 00m 03.393s,    002h 23m 02.982s
2535,    3374,    8586356,    000h 00m 03.374s,    002h 23m 06.356s
2536,    3385,    8589741,    000h 00m 03.385s,    002h 23m 09.741s
2537,    3392,    8593133,    000h 00m 03.392s,    002h 23m 13.133s
2538,    3385,    8596518,    000h 00m 03.385s,    002h 23m 16.518s
2539,    3384,    8599902,    000h 00m 03.384s,    002h 23m 19.902s
2540,    3380,    8603282,    000h 00m 03.380s,    002h 23m 23.282s
2541,    3378,    8606660,    000h 00m 03.378s,    002h 23m 26.660s
2542,    3426,    8610086,    000h 00m 03.426s,    002h 23m 30.086s
2543,    3393,    8613479,    000h 00m 03.393s,    002h 23m 33.479s
2544,    3376,    8616855,    000h 00m 03.376s,    002h 23m 36.855s
2545,    3391,    8620246,    000h 00m 03.391s,    002h 23m 40.246s
2546,    3391,    8623637,    000h 00m 03.391s,    002h 23m 43.637s
2547,    3379,    8627016,    000h 00m 03.379s,    002h 23m 47.016s
2548,    3384,    8630400,    000h 00m 03.384s,    002h 23m 50.400s
2549,    3392,    8633792,    000h 00m 03.392s,    002h 23m 53.792s
2550,    3376,    8637168,    000h 00m 03.376s,    002h 23m 57.168s
2551,    3386,    8640554,    000h 00m 03.386s,    002h 24m 00.554s
2552,    3394,    8643948,    000h 00m 03.394s,    002h 24m 03.948s
2553,    3376,    8647324,    000h 00m 03.376s,    002h 24m 07.324s
2554,    3377,    8650701,    000h 00m 03.377s,    002h 24m 10.701s
2555,    3388,    8654089,    000h 00m 03.388s,    002h 24m 14.089s
2556,    3366,    8657455,    000h 00m 03.366s,    002h 24m 17.455s
2557,    3387,    8660842,    000h 00m 03.387s,    002h 24m 20.842s
2558,    3384,    8664226,    000h 00m 03.384s,    002h 24m 24.226s
2559,    3428,    8667654,    000h 00m 03.428s,    002h 24m 27.654s
2560,    3394,    8671048,    000h 00m 03.394s,    002h 24m 31.048s
2561,    3378,    8674426,    000h 00m 03.378s,    002h 24m 34.426s
2562,    3389,    8677815,    000h 00m 03.389s,    002h 24m 37.815s
2563,    3383,    8681198,    000h 00m 03.383s,    002h 24m 41.198s
2564,    3384,    8684582,    000h 00m 03.384s,    002h 24m 44.582s
2565,    3418,    8688000,    000h 00m 03.418s,    002h 24m 48.000s
2566,    3393,    8691393,    000h 00m 03.393s,    002h 24m 51.393s
2567,    3385,    8694778,    000h 00m 03.385s,    002h 24m 54.778s
2568,    3388,    8698166,    000h 00m 03.388s,    002h 24m 58.166s
2569,    3381,    8701547,    000h 00m 03.381s,    002h 25m 01.547s
2570,    3399,    8704946,    000h 00m 03.399s,    002h 25m 04.946s
2571,    3392,    8708338,    000h 00m 03.392s,    002h 25m 08.338s
2572,    3378,    8711716,    000h 00m 03.378s,    002h 25m 11.716s
2573,    3385,    8715101,    000h 00m 03.385s,    002h 25m 15.101s
2574,    3394,    8718495,    000h 00m 03.394s,    002h 25m 18.495s
2575,    3395,    8721890,    000h 00m 03.395s,    002h 25m 21.890s
2576,    3380,    8725270,    000h 00m 03.380s,    002h 25m 25.270s
2577,    3377,    8728647,    000h 00m 03.377s,    002h 25m 28.647s
2578,    3414,    8732061,    000h 00m 03.414s,    002h 25m 32.061s
2579,    3381,    8735442,    000h 00m 03.381s,    002h 25m 35.442s
2580,    3395,    8738837,    000h 00m 03.395s,    002h 25m 38.837s
2581,    3388,    8742225,    000h 00m 03.388s,    002h 25m 42.225s
2582,    3383,    8745608,    000h 00m 03.383s,    002h 25m 45.608s
2583,    3390,    8748998,    000h 00m 03.390s,    002h 25m 48.998s
2584,    3389,    8752387,    000h 00m 03.389s,    002h 25m 52.387s
2585,    3401,    8755788,    000h 00m 03.401s,    002h 25m 55.788s
2586,    3378,    8759166,    000h 00m 03.378s,    002h 25m 59.166s
2587,    3388,    8762554,    000h 00m 03.388s,    002h 26m 02.554s
2588,    3384,    8765938,    000h 00m 03.384s,    002h 26m 05.938s
2589,    3384,    8769322,    000h 00m 03.384s,    002h 26m 09.322s
2590,    3389,    8772711,    000h 00m 03.389s,    002h 26m 12.711s
2591,    3383,    8776094,    000h 00m 03.383s,    002h 26m 16.094s
2592,    3374,    8779468,    000h 00m 03.374s,    002h 26m 19.468s
2593,    3381,    8782849,    000h 00m 03.381s,    002h 26m 22.849s
2594,    3387,    8786236,    000h 00m 03.387s,    002h 26m 26.236s
2595,    3408,    8789644,    000h 00m 03.408s,    002h 26m 29.644s
2596,    3388,    8793032,    000h 00m 03.388s,    002h 26m 33.032s
2597,    3384,    8796416,    000h 00m 03.384s,    002h 26m 36.416s
2598,    3396,    8799812,    000h 00m 03.396s,    002h 26m 39.812s
2599,    3400,    8803212,    000h 00m 03.400s,    002h 26m 43.212s
2600,    3378,    8806590,    000h 00m 03.378s,    002h 26m 46.590s
2601,    3388,    8809978,    000h 00m 03.388s,    002h 26m 49.978s
2602,    3396,    8813374,    000h 00m 03.396s,    002h 26m 53.374s
2603,    3392,    8816766,    000h 00m 03.392s,    002h 26m 56.766s
2604,    3380,    8820146,    000h 00m 03.380s,    002h 27m 00.146s
2605,    3382,    8823528,    000h 00m 03.382s,    002h 27m 03.528s
2606,    3390,    8826918,    000h 00m 03.390s,    002h 27m 06.918s
2607,    3386,    8830304,    000h 00m 03.386s,    002h 27m 10.304s
2608,    3390,    8833694,    000h 00m 03.390s,    002h 27m 13.694s
2609,    3383,    8837077,    000h 00m 03.383s,    002h 27m 17.077s
2610,    3374,    8840451,    000h 00m 03.374s,    002h 27m 20.451s
2611,    3386,    8843837,    000h 00m 03.386s,    002h 27m 23.837s
2612,    3376,    8847213,    000h 00m 03.376s,    002h 27m 27.213s
2613,    3389,    8850602,    000h 00m 03.389s,    002h 27m 30.602s
2614,    3388,    8853990,    000h 00m 03.388s,    002h 27m 33.990s
2615,    3412,    8857402,    000h 00m 03.412s,    002h 27m 37.402s
2616,    3384,    8860786,    000h 00m 03.384s,    002h 27m 40.786s
2617,    3390,    8864176,    000h 00m 03.390s,    002h 27m 44.176s
2618,    3389,    8867565,    000h 00m 03.389s,    002h 27m 47.565s
2619,    3385,    8870950,    000h 00m 03.385s,    002h 27m 50.950s
2620,    3378,    8874328,    000h 00m 03.378s,    002h 27m 54.328s
2621,    3384,    8877712,    000h 00m 03.384s,    002h 27m 57.712s
2622,    3395,    8881107,    000h 00m 03.395s,    002h 28m 01.107s
2623,    3390,    8884497,    000h 00m 03.390s,    002h 28m 04.497s
2624,    3373,    8887870,    000h 00m 03.373s,    002h 28m 07.870s
2625,    3380,    8891250,    000h 00m 03.380s,    002h 28m 11.250s
2626,    3384,    8894634,    000h 00m 03.384s,    002h 28m 14.634s
2627,    3397,    8898031,    000h 00m 03.397s,    002h 28m 18.031s
2628,    3384,    8901415,    000h 00m 03.384s,    002h 28m 21.415s
2629,    3382,    8904797,    000h 00m 03.382s,    002h 28m 24.797s
2630,    3383,    8908180,    000h 00m 03.383s,    002h 28m 28.180s
2631,    3377,    8911557,    000h 00m 03.377s,    002h 28m 31.557s
2632,    3384,    8914941,    000h 00m 03.384s,    002h 28m 34.941s
2633,    3391,    8918332,    000h 00m 03.391s,    002h 28m 38.332s
2634,    3386,    8921718,    000h 00m 03.386s,    002h 28m 41.718s
2635,    3389,    8925107,    000h 00m 03.389s,    002h 28m 45.107s
2636,    3394,    8928501,    000h 00m 03.394s,    002h 28m 48.501s
2637,    3393,    8931894,    000h 00m 03.393s,    002h 28m 51.894s
2638,    3389,    8935283,    000h 00m 03.389s,    002h 28m 55.283s
2639,    3387,    8938670,    000h 00m 03.387s,    002h 28m 58.670s
2640,    3392,    8942062,    000h 00m 03.392s,    002h 29m 02.062s
2641,    3389,    8945451,    000h 00m 03.389s,    002h 29m 05.451s
2642,    3380,    8948831,    000h 00m 03.380s,    002h 29m 08.831s
2643,    3372,    8952203,    000h 00m 03.372s,    002h 29m 12.203s
2644,    3390,    8955593,    000h 00m 03.390s,    002h 29m 15.593s
2645,    3389,    8958982,    000h 00m 03.389s,    002h 29m 18.982s
2646,    3423,    8962405,    000h 00m 03.423s,    002h 29m 22.405s
2647,    3399,    8965804,    000h 00m 03.399s,    002h 29m 25.804s
2648,    3371,    8969175,    000h 00m 03.371s,    002h 29m 29.175s
2649,    3384,    8972559,    000h 00m 03.384s,    002h 29m 32.559s
2650,    3392,    8975951,    000h 00m 03.392s,    002h 29m 35.951s
2651,    3400,    8979351,    000h 00m 03.400s,    002h 29m 39.351s
2652,    3382,    8982733,    000h 00m 03.382s,    002h 29m 42.733s
2653,    3382,    8986115,    000h 00m 03.382s,    002h 29m 46.115s
2654,    3382,    8989497,    000h 00m 03.382s,    002h 29m 49.497s
2655,    3384,    8992881,    000h 00m 03.384s,    002h 29m 52.881s
2656,    3377,    8996258,    000h 00m 03.377s,    002h 29m 56.258s
2657,    3390,    8999648,    000h 00m 03.390s,    002h 29m 59.648s
2658,    3388,    9003036,    000h 00m 03.388s,    002h 30m 03.036s
2659,    3387,    9006423,    000h 00m 03.387s,    002h 30m 06.423s
2660,    3400,    9009823,    000h 00m 03.400s,    002h 30m 09.823s
2661,    3379,    9013202,    000h 00m 03.379s,    002h 30m 13.202s
2662,    3394,    9016596,    000h 00m 03.394s,    002h 30m 16.596s
2663,    3385,    9019981,    000h 00m 03.385s,    002h 30m 19.981s
2664,    3375,    9023356,    000h 00m 03.375s,    002h 30m 23.356s
2665,    3412,    9026768,    000h 00m 03.412s,    002h 30m 26.768s
2666,    3380,    9030148,    000h 00m 03.380s,    002h 30m 30.148s
2667,    3386,    9033534,    000h 00m 03.386s,    002h 30m 33.534s
2668,    3382,    9036916,    000h 00m 03.382s,    002h 30m 36.916s
2669,    3390,    9040306,    000h 00m 03.390s,    002h 30m 40.306s
2670,    3384,    9043690,    000h 00m 03.384s,    002h 30m 43.690s
2671,    3388,    9047078,    000h 00m 03.388s,    002h 30m 47.078s
2672,    3389,    9050467,    000h 00m 03.389s,    002h 30m 50.467s
2673,    3382,    9053849,    000h 00m 03.382s,    002h 30m 53.849s
2674,    3386,    9057235,    000h 00m 03.386s,    002h 30m 57.235s
2675,    3377,    9060612,    000h 00m 03.377s,    002h 31m 00.612s
2676,    3456,    9064068,    000h 00m 03.456s,    002h 31m 04.068s
2677,    3396,    9067464,    000h 00m 03.396s,    002h 31m 07.464s
2678,    3388,    9070852,    000h 00m 03.388s,    002h 31m 10.852s
2679,    3384,    9074236,    000h 00m 03.384s,    002h 31m 14.236s
2680,    3390,    9077626,    000h 00m 03.390s,    002h 31m 17.626s
2681,    3379,    9081005,    000h 00m 03.379s,    002h 31m 21.005s
2682,    3391,    9084396,    000h 00m 03.391s,    002h 31m 24.396s
2683,    3391,    9087787,    000h 00m 03.391s,    002h 31m 27.787s
2684,    3385,    9091172,    000h 00m 03.385s,    002h 31m 31.172s
2685,    3377,    9094549,    000h 00m 03.377s,    002h 31m 34.549s
2686,    3407,    9097956,    000h 00m 03.407s,    002h 31m 37.956s
2687,    3382,    9101338,    000h 00m 03.382s,    002h 31m 41.338s
2688,    3391,    9104729,    000h 00m 03.391s,    002h 31m 44.729s
2689,    3376,    9108105,    000h 00m 03.376s,    002h 31m 48.105s
2690,    3443,    9111548,    000h 00m 03.443s,    002h 31m 51.548s
2691,    3382,    9114930,    000h 00m 03.382s,    002h 31m 54.930s
2692,    3393,    9118323,    000h 00m 03.393s,    002h 31m 58.323s
2693,    3384,    9121707,    000h 00m 03.384s,    002h 32m 01.707s
2694,    3382,    9125089,    000h 00m 03.382s,    002h 32m 05.089s
2695,    3386,    9128475,    000h 00m 03.386s,    002h 32m 08.475s
2696,    3389,    9131864,    000h 00m 03.389s,    002h 32m 11.864s
2697,    3388,    9135252,    000h 00m 03.388s,    002h 32m 15.252s
2698,    3377,    9138629,    000h 00m 03.377s,    002h 32m 18.629s
2699,    3387,    9142016,    000h 00m 03.387s,    002h 32m 22.016s
2700,    3392,    9145408,    000h 00m 03.392s,    002h 32m 25.408s
2701,    3373,    9148781,    000h 00m 03.373s,    002h 32m 28.781s
2702,    3379,    9152160,    000h 00m 03.379s,    002h 32m 32.160s
2703,    3398,    9155558,    000h 00m 03.398s,    002h 32m 35.558s
2704,    3381,    9158939,    000h 00m 03.381s,    002h 32m 38.939s
2705,    3386,    9162325,    000h 00m 03.386s,    002h 32m 42.325s
2706,    3379,    9165704,    000h 00m 03.379s,    002h 32m 45.704s
2707,    3374,    9169078,    000h 00m 03.374s,    002h 32m 49.078s
2708,    3376,    9172454,    000h 00m 03.376s,    002h 32m 52.454s
2709,    3423,    9175877,    000h 00m 03.423s,    002h 32m 55.877s
2710,    3375,    9179252,    000h 00m 03.375s,    002h 32m 59.252s
2711,    3383,    9182635,    000h 00m 03.383s,    002h 33m 02.635s
2712,    3387,    9186022,    000h 00m 03.387s,    002h 33m 06.022s
2713,    3384,    9189406,    000h 00m 03.384s,    002h 33m 09.406s
2714,    3390,    9192796,    000h 00m 03.390s,    002h 33m 12.796s
2715,    3393,    9196189,    000h 00m 03.393s,    002h 33m 16.189s
2716,    3387,    9199576,    000h 00m 03.387s,    002h 33m 19.576s
2717,    3389,    9202965,    000h 00m 03.389s,    002h 33m 22.965s
2718,    3383,    9206348,    000h 00m 03.383s,    002h 33m 26.348s
2719,    3385,    9209733,    000h 00m 03.385s,    002h 33m 29.733s
2720,    3393,    9213126,    000h 00m 03.393s,    002h 33m 33.126s
2721,    3383,    9216509,    000h 00m 03.383s,    002h 33m 36.509s
2722,    3380,    9219889,    000h 00m 03.380s,    002h 33m 39.889s
2723,    3386,    9223275,    000h 00m 03.386s,    002h 33m 43.275s
2724,    3375,    9226650,    000h 00m 03.375s,    002h 33m 46.650s
2725,    3372,    9230022,    000h 00m 03.372s,    002h 33m 50.022s
2726,    3375,    9233397,    000h 00m 03.375s,    002h 33m 53.397s
2727,    3386,    9236783,    000h 00m 03.386s,    002h 33m 56.783s
2728,    3419,    9240202,    000h 00m 03.419s,    002h 34m 00.202s
2729,    3395,    9243597,    000h 00m 03.395s,    002h 34m 03.597s
2730,    3384,    9246981,    000h 00m 03.384s,    002h 34m 06.981s
2731,    3394,    9250375,    000h 00m 03.394s,    002h 34m 10.375s
2732,    3373,    9253748,    000h 00m 03.373s,    002h 34m 13.748s
2733,    3383,    9257131,    000h 00m 03.383s,    002h 34m 17.131s
2734,    3397,    9260528,    000h 00m 03.397s,    002h 34m 20.528s
2735,    3387,    9263915,    000h 00m 03.387s,    002h 34m 23.915s
2736,    3380,    9267295,    000h 00m 03.380s,    002h 34m 27.295s
2737,    3393,    9270688,    000h 00m 03.393s,    002h 34m 30.688s
2738,    3382,    9274070,    000h 00m 03.382s,    002h 34m 34.070s
2739,    3387,    9277457,    000h 00m 03.387s,    002h 34m 37.457s
2740,    3376,    9280833,    000h 00m 03.376s,    002h 34m 40.833s
2741,    3385,    9284218,    000h 00m 03.385s,    002h 34m 44.218s
2742,    3377,    9287595,    000h 00m 03.377s,    002h 34m 47.595s
2743,    3380,    9290975,    000h 00m 03.380s,    002h 34m 50.975s
2744,    3386,    9294361,    000h 00m 03.386s,    002h 34m 54.361s
2745,    3388,    9297749,    000h 00m 03.388s,    002h 34m 57.749s
2746,    3389,    9301138,    000h 00m 03.389s,    002h 35m 01.138s
2747,    3391,    9304529,    000h 00m 03.391s,    002h 35m 04.529s
2748,    3376,    9307905,    000h 00m 03.376s,    002h 35m 07.905s
2749,    3375,    9311280,    000h 00m 03.375s,    002h 35m 11.280s
2750,    3379,    9314659,    000h 00m 03.379s,    002h 35m 14.659s
2751,    3373,    9318032,    000h 00m 03.373s,    002h 35m 18.032s
2752,    3377,    9321409,    000h 00m 03.377s,    002h 35m 21.409s
2753,    3381,    9324790,    000h 00m 03.381s,    002h 35m 24.790s
2754,    3413,    9328203,    000h 00m 03.413s,    002h 35m 28.203s
2755,    3411,    9331614,    000h 00m 03.411s,    002h 35m 31.614s
2756,    3386,    9335000,    000h 00m 03.386s,    002h 35m 35.000s
2757,    3386,    9338386,    000h 00m 03.386s,    002h 35m 38.386s
2758,    3379,    9341765,    000h 00m 03.379s,    002h 35m 41.765s
2759,    3381,    9345146,    000h 00m 03.381s,    002h 35m 45.146s
2760,    3380,    9348526,    000h 00m 03.380s,    002h 35m 48.526s
2761,    3392,    9351918,    000h 00m 03.392s,    002h 35m 51.918s
2762,    3389,    9355307,    000h 00m 03.389s,    002h 35m 55.307s
2763,    3380,    9358687,    000h 00m 03.380s,    002h 35m 58.687s
2764,    3388,    9362075,    000h 00m 03.388s,    002h 36m 02.075s
2765,    3386,    9365461,    000h 00m 03.386s,    002h 36m 05.461s
2766,    3386,    9368847,    000h 00m 03.386s,    002h 36m 08.847s
2767,    3385,    9372232,    000h 00m 03.385s,    002h 36m 12.232s
2768,    3387,    9375619,    000h 00m 03.387s,    002h 36m 15.619s
2769,    3385,    9379004,    000h 00m 03.385s,    002h 36m 19.004s
2770,    3377,    9382381,    000h 00m 03.377s,    002h 36m 22.381s
2771,    3377,    9385758,    000h 00m 03.377s,    002h 36m 25.758s
2772,    3373,    9389131,    000h 00m 03.373s,    002h 36m 29.131s
2773,    3389,    9392520,    000h 00m 03.389s,    002h 36m 32.520s
2774,    3374,    9395894,    000h 00m 03.374s,    002h 36m 35.894s
2775,    3388,    9399282,    000h 00m 03.388s,    002h 36m 39.282s
2776,    3395,    9402677,    000h 00m 03.395s,    002h 36m 42.677s
2777,    3416,    9406093,    000h 00m 03.416s,    002h 36m 46.093s
2778,    3383,    9409476,    000h 00m 03.383s,    002h 36m 49.476s
2779,    3400,    9412876,    000h 00m 03.400s,    002h 36m 52.876s
2780,    3384,    9416260,    000h 00m 03.384s,    002h 36m 56.260s
2781,    3383,    9419643,    000h 00m 03.383s,    002h 36m 59.643s
2782,    3408,    9423051,    000h 00m 03.408s,    002h 37m 03.051s
2783,    3385,    9426436,    000h 00m 03.385s,    002h 37m 06.436s
2784,    3380,    9429816,    000h 00m 03.380s,    002h 37m 09.816s
2785,    3381,    9433197,    000h 00m 03.381s,    002h 37m 13.197s
2786,    3396,    9436593,    000h 00m 03.396s,    002h 37m 16.593s
2787,    3384,    9439977,    000h 00m 03.384s,    002h 37m 19.977s
2788,    3372,    9443349,    000h 00m 03.372s,    002h 37m 23.349s
2789,    3380,    9446729,    000h 00m 03.380s,    002h 37m 26.729s
2790,    3394,    9450123,    000h 00m 03.394s,    002h 37m 30.123s
2791,    3387,    9453510,    000h 00m 03.387s,    002h 37m 33.510s
2792,    3387,    9456897,    000h 00m 03.387s,    002h 37m 36.897s
2793,    3382,    9460279,    000h 00m 03.382s,    002h 37m 40.279s
2794,    3382,    9463661,    000h 00m 03.382s,    002h 37m 43.661s
2795,    3380,    9467041,    000h 00m 03.380s,    002h 37m 47.041s
2796,    3384,    9470425,    000h 00m 03.384s,    002h 37m 50.425s
2797,    3382,    9473807,    000h 00m 03.382s,    002h 37m 53.807s
2798,    3387,    9477194,    000h 00m 03.387s,    002h 37m 57.194s
2799,    3376,    9480570,    000h 00m 03.376s,    002h 38m 00.570s
2800,    3396,    9483966,    000h 00m 03.396s,    002h 38m 03.966s
2801,    3411,    9487377,    000h 00m 03.411s,    002h 38m 07.377s
2802,    3394,    9490771,    000h 00m 03.394s,    002h 38m 10.771s
2803,    3392,    9494163,    000h 00m 03.392s,    002h 38m 14.163s
2804,    3392,    9497555,    000h 00m 03.392s,    002h 38m 17.555s
2805,    3383,    9500938,    000h 00m 03.383s,    002h 38m 20.938s
2806,    3389,    9504327,    000h 00m 03.389s,    002h 38m 24.327s
2807,    3394,    9507721,    000h 00m 03.394s,    002h 38m 27.721s
2808,    3386,    9511107,    000h 00m 03.386s,    002h 38m 31.107s
2809,    3380,    9514487,    000h 00m 03.380s,    002h 38m 34.487s
2810,    3376,    9517863,    000h 00m 03.376s,    002h 38m 37.863s
2811,    3382,    9521245,    000h 00m 03.382s,    002h 38m 41.245s
2812,    3393,    9524638,    000h 00m 03.393s,    002h 38m 44.638s
2813,    3388,    9528026,    000h 00m 03.388s,    002h 38m 48.026s
2814,    3387,    9531413,    000h 00m 03.387s,    002h 38m 51.413s
2815,    3391,    9534804,    000h 00m 03.391s,    002h 38m 54.804s
2816,    3382,    9538186,    000h 00m 03.382s,    002h 38m 58.186s
2817,    3386,    9541572,    000h 00m 03.386s,    002h 39m 01.572s
2818,    3397,    9544969,    000h 00m 03.397s,    002h 39m 04.969s
2819,    3408,    9548377,    000h 00m 03.408s,    002h 39m 08.377s
2820,    3397,    9551774,    000h 00m 03.397s,    002h 39m 11.774s
2821,    3396,    9555170,    000h 00m 03.396s,    002h 39m 15.170s
2822,    3391,    9558561,    000h 00m 03.391s,    002h 39m 18.561s
2823,    3377,    9561938,    000h 00m 03.377s,    002h 39m 21.938s
2824,    3385,    9565323,    000h 00m 03.385s,    002h 39m 25.323s
2825,    3383,    9568706,    000h 00m 03.383s,    002h 39m 28.706s
2826,    3386,    9572092,    000h 00m 03.386s,    002h 39m 32.092s
2827,    3383,    9575475,    000h 00m 03.383s,    002h 39m 35.475s
2828,    3381,    9578856,    000h 00m 03.381s,    002h 39m 38.856s
2829,    3385,    9582241,    000h 00m 03.385s,    002h 39m 42.241s
2830,    3384,    9585625,    000h 00m 03.384s,    002h 39m 45.625s
2831,    3380,    9589005,    000h 00m 03.380s,    002h 39m 49.005s
2832,    3379,    9592384,    000h 00m 03.379s,    002h 39m 52.384s
2833,    3376,    9595760,    000h 00m 03.376s,    002h 39m 55.760s
2834,    3384,    9599144,    000h 00m 03.384s,    002h 39m 59.144s
2835,    3388,    9602532,    000h 00m 03.388s,    002h 40m 02.532s
2836,    3392,    9605924,    000h 00m 03.392s,    002h 40m 05.924s
2837,    3377,    9609301,    000h 00m 03.377s,    002h 40m 09.301s
2838,    3379,    9612680,    000h 00m 03.379s,    002h 40m 12.680s
2839,    3421,    9616101,    000h 00m 03.421s,    002h 40m 16.101s
2840,    3393,    9619494,    000h 00m 03.393s,    002h 40m 19.494s
2841,    3390,    9622884,    000h 00m 03.390s,    002h 40m 22.884s
2842,    3383,    9626267,    000h 00m 03.383s,    002h 40m 26.267s
2843,    3375,    9629642,    000h 00m 03.375s,    002h 40m 29.642s
2844,    3389,    9633031,    000h 00m 03.389s,    002h 40m 33.031s
2845,    3378,    9636409,    000h 00m 03.378s,    002h 40m 36.409s
2846,    3384,    9639793,    000h 00m 03.384s,    002h 40m 39.793s
2847,    3392,    9643185,    000h 00m 03.392s,    002h 40m 43.185s
2848,    3389,    9646574,    000h 00m 03.389s,    002h 40m 46.574s
2849,    3406,    9649980,    000h 00m 03.406s,    002h 40m 49.980s
2850,    3378,    9653358,    000h 00m 03.378s,    002h 40m 53.358s
2851,    3390,    9656748,    000h 00m 03.390s,    002h 40m 56.748s
2852,    3380,    9660128,    000h 00m 03.380s,    002h 41m 00.128s
2853,    3386,    9663514,    000h 00m 03.386s,    002h 41m 03.514s
2854,    3382,    9666896,    000h 00m 03.382s,    002h 41m 06.896s
2855,    3381,    9670277,    000h 00m 03.381s,    002h 41m 10.277s
2856,    3386,    9673663,    000h 00m 03.386s,    002h 41m 13.663s
2857,    3380,    9677043,    000h 00m 03.380s,    002h 41m 17.043s
2858,    3443,    9680486,    000h 00m 03.443s,    002h 41m 20.486s
2859,    3367,    9683853,    000h 00m 03.367s,    002h 41m 23.853s
2860,    3377,    9687230,    000h 00m 03.377s,    002h 41m 27.230s
2861,    3403,    9690633,    000h 00m 03.403s,    002h 41m 30.633s
2862,    3374,    9694007,    000h 00m 03.374s,    002h 41m 34.007s
2863,    3399,    9697406,    000h 00m 03.399s,    002h 41m 37.406s
2864,    3387,    9700793,    000h 00m 03.387s,    002h 41m 40.793s
2865,    3390,    9704183,    000h 00m 03.390s,    002h 41m 44.183s
2866,    3378,    9707561,    000h 00m 03.378s,    002h 41m 47.561s
2867,    3382,    9710943,    000h 00m 03.382s,    002h 41m 50.943s
2868,    3380,    9714323,    000h 00m 03.380s,    002h 41m 54.323s
2869,    3381,    9717704,    000h 00m 03.381s,    002h 41m 57.704s
2870,    3380,    9721084,    000h 00m 03.380s,    002h 42m 01.084s
2871,    3387,    9724471,    000h 00m 03.387s,    002h 42m 04.471s
2872,    3381,    9727852,    000h 00m 03.381s,    002h 42m 07.852s
2873,    3383,    9731235,    000h 00m 03.383s,    002h 42m 11.235s
2874,    3388,    9734623,    000h 00m 03.388s,    002h 42m 14.623s
2875,    3373,    9737996,    000h 00m 03.373s,    002h 42m 17.996s
2876,    3384,    9741380,    000h 00m 03.384s,    002h 42m 21.380s
2877,    3405,    9744785,    000h 00m 03.405s,    002h 42m 24.785s
2878,    3387,    9748172,    000h 00m 03.387s,    002h 42m 28.172s
2879,    3388,    9751560,    000h 00m 03.388s,    002h 42m 31.560s
2880,    3376,    9754936,    000h 00m 03.376s,    002h 42m 34.936s
2881,    3383,    9758319,    000h 00m 03.383s,    002h 42m 38.319s
2882,    3383,    9761702,    000h 00m 03.383s,    002h 42m 41.702s
2883,    3388,    9765090,    000h 00m 03.388s,    002h 42m 45.090s
2884,    3389,    9768479,    000h 00m 03.389s,    002h 42m 48.479s
2885,    3392,    9771871,    000h 00m 03.392s,    002h 42m 51.871s
2886,    3390,    9775261,    000h 00m 03.390s,    002h 42m 55.261s
2887,    3384,    9778645,    000h 00m 03.384s,    002h 42m 58.645s
2888,    3383,    9782028,    000h 00m 03.383s,    002h 43m 02.028s
2889,    3391,    9785419,    000h 00m 03.391s,    002h 43m 05.419s
2890,    3384,    9788803,    000h 00m 03.384s,    002h 43m 08.803s
2891,    3384,    9792187,    000h 00m 03.384s,    002h 43m 12.187s
2892,    3382,    9795569,    000h 00m 03.382s,    002h 43m 15.569s
2893,    3385,    9798954,    000h 00m 03.385s,    002h 43m 18.954s
2894,    3380,    9802334,    000h 00m 03.380s,    002h 43m 22.334s
2895,    3377,    9805711,    000h 00m 03.377s,    002h 43m 25.711s
2896,    3378,    9809089,    000h 00m 03.378s,    002h 43m 29.089s
2897,    3381,    9812470,    000h 00m 03.381s,    002h 43m 32.470s
2898,    3384,    9815854,    000h 00m 03.384s,    002h 43m 35.854s
2899,    3414,    9819268,    000h 00m 03.414s,    002h 43m 39.268s
2900,    3380,    9822648,    000h 00m 03.380s,    002h 43m 42.648s
2901,    3390,    9826038,    000h 00m 03.390s,    002h 43m 46.038s
2902,    3384,    9829422,    000h 00m 03.384s,    002h 43m 49.422s
2903,    3378,    9832800,    000h 00m 03.378s,    002h 43m 52.800s
2904,    3396,    9836196,    000h 00m 03.396s,    002h 43m 56.196s
2905,    3390,    9839586,    000h 00m 03.390s,    002h 43m 59.586s
2906,    3397,    9842983,    000h 00m 03.397s,    002h 44m 02.983s
2907,    3400,    9846383,    000h 00m 03.400s,    002h 44m 06.383s
2908,    3384,    9849767,    000h 00m 03.384s,    002h 44m 09.767s
2909,    3391,    9853158,    000h 00m 03.391s,    002h 44m 13.158s
2910,    3388,    9856546,    000h 00m 03.388s,    002h 44m 16.546s
2911,    3384,    9859930,    000h 00m 03.384s,    002h 44m 19.930s
2912,    3380,    9863310,    000h 00m 03.380s,    002h 44m 23.310s
2913,    3385,    9866695,    000h 00m 03.385s,    002h 44m 26.695s
2914,    3386,    9870081,    000h 00m 03.386s,    002h 44m 30.081s
2915,    3381,    9873462,    000h 00m 03.381s,    002h 44m 33.462s
2916,    3390,    9876852,    000h 00m 03.390s,    002h 44m 36.852s
2917,    3384,    9880236,    000h 00m 03.384s,    002h 44m 40.236s
2918,    3393,    9883629,    000h 00m 03.393s,    002h 44m 43.629s
2919,    3422,    9887051,    000h 00m 03.422s,    002h 44m 47.051s
2920,    3376,    9890427,    000h 00m 03.376s,    002h 44m 50.427s
2921,    3376,    9893803,    000h 00m 03.376s,    002h 44m 53.803s
2922,    3449,    9897252,    000h 00m 03.449s,    002h 44m 57.252s
2923,    3389,    9900641,    000h 00m 03.389s,    002h 45m 00.641s
2924,    3396,    9904037,    000h 00m 03.396s,    002h 45m 04.037s
2925,    3405,    9907442,    000h 00m 03.405s,    002h 45m 07.442s
2926,    3384,    9910826,    000h 00m 03.384s,    002h 45m 10.826s
2927,    3394,    9914220,    000h 00m 03.394s,    002h 45m 14.220s
2928,    3383,    9917603,    000h 00m 03.383s,    002h 45m 17.603s
2929,    3374,    9920977,    000h 00m 03.374s,    002h 45m 20.977s
2930,    3384,    9924361,    000h 00m 03.384s,    002h 45m 24.361s
2931,    3379,    9927740,    000h 00m 03.379s,    002h 45m 27.740s
2932,    3384,    9931124,    000h 00m 03.384s,    002h 45m 31.124s
2933,    3379,    9934503,    000h 00m 03.379s,    002h 45m 34.503s
2934,    3389,    9937892,    000h 00m 03.389s,    002h 45m 37.892s
2935,    3379,    9941271,    000h 00m 03.379s,    002h 45m 41.271s
2936,    3382,    9944653,    000h 00m 03.382s,    002h 45m 44.653s
2937,    3380,    9948033,    000h 00m 03.380s,    002h 45m 48.033s
2938,    3380,    9951413,    000h 00m 03.380s,    002h 45m 51.413s
2939,    3385,    9954798,    000h 00m 03.385s,    002h 45m 54.798s
2940,    3387,    9958185,    000h 00m 03.387s,    002h 45m 58.185s
2941,    3410,    9961595,    000h 00m 03.410s,    002h 46m 01.595s
2942,    3383,    9964978,    000h 00m 03.383s,    002h 46m 04.978s
2943,    3391,    9968369,    000h 00m 03.391s,    002h 46m 08.369s
2944,    3399,    9971768,    000h 00m 03.399s,    002h 46m 11.768s
2945,    3383,    9975151,    000h 00m 03.383s,    002h 46m 15.151s
2946,    3385,    9978536,    000h 00m 03.385s,    002h 46m 18.536s
2947,    3391,    9981927,    000h 00m 03.391s,    002h 46m 21.927s
2948,    3387,    9985314,    000h 00m 03.387s,    002h 46m 25.314s
2949,    3388,    9988702,    000h 00m 03.388s,    002h 46m 28.702s
2950,    3377,    9992079,    000h 00m 03.377s,    002h 46m 32.079s
2951,    3384,    9995463,    000h 00m 03.384s,    002h 46m 35.463s
2952,    3385,    9998848,    000h 00m 03.385s,    002h 46m 38.848s
2953,    3383,    10002231,    000h 00m 03.383s,    002h 46m 42.231s
2954,    3388,    10005619,    000h 00m 03.388s,    002h 46m 45.619s
2955,    3382,    10009001,    000h 00m 03.382s,    002h 46m 49.001s
2956,    3388,    10012389,    000h 00m 03.388s,    002h 46m 52.389s
2957,    3380,    10015769,    000h 00m 03.380s,    002h 46m 55.769s
2958,    3403,    10019172,    000h 00m 03.403s,    002h 46m 59.172s
2959,    3375,    10022547,    000h 00m 03.375s,    002h 47m 02.547s
2960,    3394,    10025941,    000h 00m 03.394s,    002h 47m 05.941s
2961,    3386,    10029327,    000h 00m 03.386s,    002h 47m 09.327s
2962,    3423,    10032750,    000h 00m 03.423s,    002h 47m 12.750s
2963,    3396,    10036146,    000h 00m 03.396s,    002h 47m 16.146s
2964,    3416,    10039562,    000h 00m 03.416s,    002h 47m 19.562s
2965,    3384,    10042946,    000h 00m 03.384s,    002h 47m 22.946s
2966,    3388,    10046334,    000h 00m 03.388s,    002h 47m 26.334s
2967,    3379,    10049713,    000h 00m 03.379s,    002h 47m 29.713s
2968,    3390,    10053103,    000h 00m 03.390s,    002h 47m 33.103s
2969,    3392,    10056495,    000h 00m 03.392s,    002h 47m 36.495s
2970,    3397,    10059892,    000h 00m 03.397s,    002h 47m 39.892s
2971,    3392,    10063284,    000h 00m 03.392s,    002h 47m 43.284s
2972,    3379,    10066663,    000h 00m 03.379s,    002h 47m 46.663s
2973,    3385,    10070048,    000h 00m 03.385s,    002h 47m 50.048s
2974,    3381,    10073429,    000h 00m 03.381s,    002h 47m 53.429s
2975,    3392,    10076821,    000h 00m 03.392s,    002h 47m 56.821s
2976,    3370,    10080191,    000h 00m 03.370s,    002h 48m 00.191s
2977,    3394,    10083585,    000h 00m 03.394s,    002h 48m 03.585s
2978,    3369,    10086954,    000h 00m 03.369s,    002h 48m 06.954s
2979,    3382,    10090336,    000h 00m 03.382s,    002h 48m 10.336s
2980,    3389,    10093725,    000h 00m 03.389s,    002h 48m 13.725s
2981,    3383,    10097108,    000h 00m 03.383s,    002h 48m 17.108s
2982,    3380,    10100488,    000h 00m 03.380s,    002h 48m 20.488s
2983,    3383,    10103871,    000h 00m 03.383s,    002h 48m 23.871s
2984,    3379,    10107250,    000h 00m 03.379s,    002h 48m 27.250s
2985,    3418,    10110668,    000h 00m 03.418s,    002h 48m 30.668s
2986,    3374,    10114042,    000h 00m 03.374s,    002h 48m 34.042s
2987,    3394,    10117436,    000h 00m 03.394s,    002h 48m 37.436s
2988,    3376,    10120812,    000h 00m 03.376s,    002h 48m 40.812s
2989,    3383,    10124195,    000h 00m 03.383s,    002h 48m 44.195s
2990,    3389,    10127584,    000h 00m 03.389s,    002h 48m 47.584s
2991,    3387,    10130971,    000h 00m 03.387s,    002h 48m 50.971s
2992,    3383,    10134354,    000h 00m 03.383s,    002h 48m 54.354s
2993,    3396,    10137750,    000h 00m 03.396s,    002h 48m 57.750s
2994,    3385,    10141135,    000h 00m 03.385s,    002h 49m 01.135s
2995,    3387,    10144522,    000h 00m 03.387s,    002h 49m 04.522s
2996,    3385,    10147907,    000h 00m 03.385s,    002h 49m 07.907s
2997,    3391,    10151298,    000h 00m 03.391s,    002h 49m 11.298s
2998,    3374,    10154672,    000h 00m 03.374s,    002h 49m 14.672s
2999,    3384,    10158056,    000h 00m 03.384s,    002h 49m 18.056s
3000,    3388,    10161444,    000h 00m 03.388s,    002h 49m 21.444s
3001,    3374,    10164818,    000h 00m 03.374s,    002h 49m 24.818s
3002,    3409,    10168227,    000h 00m 03.409s,    002h 49m 28.227s
3003,    3384,    10171611,    000h 00m 03.384s,    002h 49m 31.611s
3004,    3383,    10174994,    000h 00m 03.383s,    002h 49m 34.994s
3005,    3379,    10178373,    000h 00m 03.379s,    002h 49m 38.373s
3006,    3386,    10181759,    000h 00m 03.386s,    002h 49m 41.759s
3007,    3387,    10185146,    000h 00m 03.387s,    002h 49m 45.146s
3008,    3385,    10188531,    000h 00m 03.385s,    002h 49m 48.531s
3009,    3388,    10191919,    000h 00m 03.388s,    002h 49m 51.919s
3010,    3380,    10195299,    000h 00m 03.380s,    002h 49m 55.299s
3011,    3385,    10198684,    000h 00m 03.385s,    002h 49m 58.684s
3012,    3375,    10202059,    000h 00m 03.375s,    002h 50m 02.059s
3013,    3391,    10205450,    000h 00m 03.391s,    002h 50m 05.450s
3014,    3381,    10208831,    000h 00m 03.381s,    002h 50m 08.831s
3015,    3384,    10212215,    000h 00m 03.384s,    002h 50m 12.215s
3016,    3388,    10215603,    000h 00m 03.388s,    002h 50m 15.603s
3017,    3395,    10218998,    000h 00m 03.395s,    002h 50m 18.998s
3018,    3379,    10222377,    000h 00m 03.379s,    002h 50m 22.377s
3019,    3442,    10225819,    000h 00m 03.442s,    002h 50m 25.819s
3020,    3389,    10229208,    000h 00m 03.389s,    002h 50m 29.208s
3021,    3379,    10232587,    000h 00m 03.379s,    002h 50m 32.587s
3022,    3383,    10235970,    000h 00m 03.383s,    002h 50m 35.970s
3023,    3393,    10239363,    000h 00m 03.393s,    002h 50m 39.363s
3024,    3376,    10242739,    000h 00m 03.376s,    002h 50m 42.739s
3025,    3390,    10246129,    000h 00m 03.390s,    002h 50m 46.129s
3026,    3394,    10249523,    000h 00m 03.394s,    002h 50m 49.523s
3027,    3382,    10252905,    000h 00m 03.382s,    002h 50m 52.905s
3028,    3390,    10256295,    000h 00m 03.390s,    002h 50m 56.295s
3029,    3383,    10259678,    000h 00m 03.383s,    002h 50m 59.678s
3030,    3382,    10263060,    000h 00m 03.382s,    002h 51m 03.060s
3031,    3389,    10266449,    000h 00m 03.389s,    002h 51m 06.449s
3032,    3382,    10269831,    000h 00m 03.382s,    002h 51m 09.831s
3033,    3387,    10273218,    000h 00m 03.387s,    002h 51m 13.218s
3034,    3381,    10276599,    000h 00m 03.381s,    002h 51m 16.599s
3035,    3383,    10279982,    000h 00m 03.383s,    002h 51m 19.982s
3036,    3381,    10283363,    000h 00m 03.381s,    002h 51m 23.363s
3037,    3432,    10286795,    000h 00m 03.432s,    002h 51m 26.795s
3038,    3386,    10290181,    000h 00m 03.386s,    002h 51m 30.181s
3039,    3392,    10293573,    000h 00m 03.392s,    002h 51m 33.573s
3040,    3382,    10296955,    000h 00m 03.382s,    002h 51m 36.955s
3041,    3384,    10300339,    000h 00m 03.384s,    002h 51m 40.339s
3042,    3388,    10303727,    000h 00m 03.388s,    002h 51m 43.727s
3043,    3394,    10307121,    000h 00m 03.394s,    002h 51m 47.121s
3044,    3395,    10310516,    000h 00m 03.395s,    002h 51m 50.516s
3045,    3386,    10313902,    000h 00m 03.386s,    002h 51m 53.902s
3046,    3377,    10317279,    000h 00m 03.377s,    002h 51m 57.279s
3047,    3382,    10320661,    000h 00m 03.382s,    002h 52m 00.661s
3048,    3393,    10324054,    000h 00m 03.393s,    002h 52m 04.054s
3049,    3386,    10327440,    000h 00m 03.386s,    002h 52m 07.440s
3050,    3369,    10330809,    000h 00m 03.369s,    002h 52m 10.809s
3051,    3381,    10334190,    000h 00m 03.381s,    002h 52m 14.190s
3052,    3392,    10337582,    000h 00m 03.392s,    002h 52m 17.582s
3053,    3382,    10340964,    000h 00m 03.382s,    002h 52m 20.964s
3054,    3379,    10344343,    000h 00m 03.379s,    002h 52m 24.343s
3055,    3416,    10347759,    000h 00m 03.416s,    002h 52m 27.759s
3056,    3380,    10351139,    000h 00m 03.380s,    002h 52m 31.139s
3057,    3381,    10354520,    000h 00m 03.381s,    002h 52m 34.520s
3058,    3389,    10357909,    000h 00m 03.389s,    002h 52m 37.909s
3059,    3384,    10361293,    000h 00m 03.384s,    002h 52m 41.293s
3060,    3390,    10364683,    000h 00m 03.390s,    002h 52m 44.683s
3061,    3384,    10368067,    000h 00m 03.384s,    002h 52m 48.067s
3062,    3390,    10371457,    000h 00m 03.390s,    002h 52m 51.457s
3063,    3389,    10374846,    000h 00m 03.389s,    002h 52m 54.846s
3064,    3377,    10378223,    000h 00m 03.377s,    002h 52m 58.223s
3065,    3381,    10381604,    000h 00m 03.381s,    002h 53m 01.604s
3066,    3396,    10385000,    000h 00m 03.396s,    002h 53m 05.000s
3067,    3394,    10388394,    000h 00m 03.394s,    002h 53m 08.394s
3068,    3376,    10391770,    000h 00m 03.376s,    002h 53m 11.770s
3069,    3385,    10395155,    000h 00m 03.385s,    002h 53m 15.155s
3070,    3381,    10398536,    000h 00m 03.381s,    002h 53m 18.536s
3071,    3374,    10401910,    000h 00m 03.374s,    002h 53m 21.910s
3072,    3382,    10405292,    000h 00m 03.382s,    002h 53m 25.292s
3073,    3376,    10408668,    000h 00m 03.376s,    002h 53m 28.668s
3074,    3419,    10412087,    000h 00m 03.419s,    002h 53m 32.087s
3075,    3385,    10415472,    000h 00m 03.385s,    002h 53m 35.472s
3076,    3380,    10418852,    000h 00m 03.380s,    002h 53m 38.852s
3077,    3378,    10422230,    000h 00m 03.378s,    002h 53m 42.230s
3078,    3397,    10425627,    000h 00m 03.397s,    002h 53m 45.627s
3079,    3397,    10429024,    000h 00m 03.397s,    002h 53m 49.024s
3080,    3399,    10432423,    000h 00m 03.399s,    002h 53m 52.423s
3081,    3386,    10435809,    000h 00m 03.386s,    002h 53m 55.809s
3082,    3384,    10439193,    000h 00m 03.384s,    002h 53m 59.193s
3083,    3375,    10442568,    000h 00m 03.375s,    002h 54m 02.568s
3084,    3389,    10445957,    000h 00m 03.389s,    002h 54m 05.957s
3085,    3383,    10449340,    000h 00m 03.383s,    002h 54m 09.340s
3086,    3386,    10452726,    000h 00m 03.386s,    002h 54m 12.726s
3087,    3370,    10456096,    000h 00m 03.370s,    002h 54m 16.096s
3088,    3390,    10459486,    000h 00m 03.390s,    002h 54m 19.486s
3089,    3382,    10462868,    000h 00m 03.382s,    002h 54m 22.868s
3090,    3382,    10466250,    000h 00m 03.382s,    002h 54m 26.250s
3091,    3419,    10469669,    000h 00m 03.419s,    002h 54m 29.669s
3092,    3391,    10473060,    000h 00m 03.391s,    002h 54m 33.060s
3093,    3371,    10476431,    000h 00m 03.371s,    002h 54m 36.431s
3094,    3382,    10479813,    000h 00m 03.382s,    002h 54m 39.813s
3095,    3388,    10483201,    000h 00m 03.388s,    002h 54m 43.201s
3096,    3383,    10486584,    000h 00m 03.383s,    002h 54m 46.584s
3097,    3383,    10489967,    000h 00m 03.383s,    002h 54m 49.967s
3098,    3392,    10493359,    000h 00m 03.392s,    002h 54m 53.359s
3099,    3392,    10496751,    000h 00m 03.392s,    002h 54m 56.751s
3100,    3377,    10500128,    000h 00m 03.377s,    002h 55m 00.128s
3101,    3395,    10503523,    000h 00m 03.395s,    002h 55m 03.523s
3102,    3376,    10506899,    000h 00m 03.376s,    002h 55m 06.899s
3103,    3387,    10510286,    000h 00m 03.387s,    002h 55m 10.286s
3104,    3389,    10513675,    000h 00m 03.389s,    002h 55m 13.675s
3105,    3384,    10517059,    000h 00m 03.384s,    002h 55m 17.059s
3106,    3382,    10520441,    000h 00m 03.382s,    002h 55m 20.441s
3107,    3389,    10523830,    000h 00m 03.389s,    002h 55m 23.830s
3108,    3407,    10527237,    000h 00m 03.407s,    002h 55m 27.237s
3109,    3389,    10530626,    000h 00m 03.389s,    002h 55m 30.626s
3110,    3371,    10533997,    000h 00m 03.371s,    002h 55m 33.997s
3111,    3381,    10537378,    000h 00m 03.381s,    002h 55m 37.378s
3112,    3377,    10540755,    000h 00m 03.377s,    002h 55m 40.755s
3113,    3385,    10544140,    000h 00m 03.385s,    002h 55m 44.140s
3114,    3386,    10547526,    000h 00m 03.386s,    002h 55m 47.526s
3115,    3385,    10550911,    000h 00m 03.385s,    002h 55m 50.911s
3116,    3379,    10554290,    000h 00m 03.379s,    002h 55m 54.290s
3117,    3382,    10557672,    000h 00m 03.382s,    002h 55m 57.672s
3118,    3391,    10561063,    000h 00m 03.391s,    002h 56m 01.063s
3119,    3387,    10564450,    000h 00m 03.387s,    002h 56m 04.450s
3120,    3377,    10567827,    000h 00m 03.377s,    002h 56m 07.827s
3121,    3382,    10571209,    000h 00m 03.382s,    002h 56m 11.209s
3122,    3389,    10574598,    000h 00m 03.389s,    002h 56m 14.598s
3123,    3378,    10577976,    000h 00m 03.378s,    002h 56m 17.976s
3124,    3391,    10581367,    000h 00m 03.391s,    002h 56m 21.367s
3125,    3389,    10584756,    000h 00m 03.389s,    002h 56m 24.756s
3126,    3387,    10588143,    000h 00m 03.387s,    002h 56m 28.143s
3127,    3459,    10591602,    000h 00m 03.459s,    002h 56m 31.602s
3128,    3399,    10595001,    000h 00m 03.399s,    002h 56m 35.001s
3129,    3426,    10598427,    000h 00m 03.426s,    002h 56m 38.427s
3130,    3395,    10601822,    000h 00m 03.395s,    002h 56m 41.822s
3131,    3404,    10605226,    000h 00m 03.404s,    002h 56m 45.226s
3132,    3375,    10608601,    000h 00m 03.375s,    002h 56m 48.601s
3133,    3382,    10611983,    000h 00m 03.382s,    002h 56m 51.983s
3134,    3381,    10615364,    000h 00m 03.381s,    002h 56m 55.364s
3135,    3387,    10618751,    000h 00m 03.387s,    002h 56m 58.751s
3136,    3390,    10622141,    000h 00m 03.390s,    002h 57m 02.141s
3137,    3412,    10625553,    000h 00m 03.412s,    002h 57m 05.553s
3138,    3379,    10628932,    000h 00m 03.379s,    002h 57m 08.932s
3139,    3382,    10632314,    000h 00m 03.382s,    002h 57m 12.314s
3140,    3390,    10635704,    000h 00m 03.390s,    002h 57m 15.704s
3141,    3384,    10639088,    000h 00m 03.384s,    002h 57m 19.088s
3142,    3383,    10642471,    000h 00m 03.383s,    002h 57m 22.471s
3143,    3379,    10645850,    000h 00m 03.379s,    002h 57m 25.850s
3144,    3390,    10649240,    000h 00m 03.390s,    002h 57m 29.240s
3145,    3392,    10652632,    000h 00m 03.392s,    002h 57m 32.632s
3146,    3379,    10656011,    000h 00m 03.379s,    002h 57m 36.011s
3147,    3381,    10659392,    000h 00m 03.381s,    002h 57m 39.392s
3148,    3384,    10662776,    000h 00m 03.384s,    002h 57m 42.776s
3149,    3381,    10666157,    000h 00m 03.381s,    002h 57m 46.157s
3150,    3379,    10669536,    000h 00m 03.379s,    002h 57m 49.536s
3151,    3415,    10672951,    000h 00m 03.415s,    002h 57m 52.951s
3152,    3382,    10676333,    000h 00m 03.382s,    002h 57m 56.333s
3153,    3390,    10679723,    000h 00m 03.390s,    002h 57m 59.723s
3154,    3380,    10683103,    000h 00m 03.380s,    002h 58m 03.103s
3155,    3403,    10686506,    000h 00m 03.403s,    002h 58m 06.506s
3156,    3373,    10689879,    000h 00m 03.373s,    002h 58m 09.879s
3157,    3382,    10693261,    000h 00m 03.382s,    002h 58m 13.261s
3158,    3389,    10696650,    000h 00m 03.389s,    002h 58m 16.650s
3159,    3381,    10700031,    000h 00m 03.381s,    002h 58m 20.031s
3160,    3383,    10703414,    000h 00m 03.383s,    002h 58m 23.414s
3161,    3380,    10706794,    000h 00m 03.380s,    002h 58m 26.794s
3162,    3399,    10710193,    000h 00m 03.399s,    002h 58m 30.193s
3163,    3396,    10713589,    000h 00m 03.396s,    002h 58m 33.589s
3164,    3393,    10716982,    000h 00m 03.393s,    002h 58m 36.982s
3165,    3382,    10720364,    000h 00m 03.382s,    002h 58m 40.364s
3166,    3384,    10723748,    000h 00m 03.384s,    002h 58m 43.748s
3167,    3386,    10727134,    000h 00m 03.386s,    002h 58m 47.134s
3168,    3378,    10730512,    000h 00m 03.378s,    002h 58m 50.512s
3169,    3381,    10733893,    000h 00m 03.381s,    002h 58m 53.893s
3170,    3381,    10737274,    000h 00m 03.381s,    002h 58m 57.274s
3171,    3383,    10740657,    000h 00m 03.383s,    002h 59m 00.657s
3172,    3393,    10744050,    000h 00m 03.393s,    002h 59m 04.050s
3173,    3385,    10747435,    000h 00m 03.385s,    002h 59m 07.435s
3174,    3384,    10750819,    000h 00m 03.384s,    002h 59m 10.819s
3175,    3394,    10754213,    000h 00m 03.394s,    002h 59m 14.213s
3176,    3374,    10757587,    000h 00m 03.374s,    002h 59m 17.587s
3177,    3386,    10760973,    000h 00m 03.386s,    002h 59m 20.973s
3178,    3387,    10764360,    000h 00m 03.387s,    002h 59m 24.360s
3179,    3385,    10767745,    000h 00m 03.385s,    002h 59m 27.745s
3180,    3389,    10771134,    000h 00m 03.389s,    002h 59m 31.134s
3181,    3428,    10774562,    000h 00m 03.428s,    002h 59m 34.562s
3182,    3385,    10777947,    000h 00m 03.385s,    002h 59m 37.947s
3183,    3391,    10781338,    000h 00m 03.391s,    002h 59m 41.338s
3184,    3385,    10784723,    000h 00m 03.385s,    002h 59m 44.723s
3185,    3374,    10788097,    000h 00m 03.374s,    002h 59m 48.097s
3186,    3388,    10791485,    000h 00m 03.388s,    002h 59m 51.485s
3187,    3384,    10794869,    000h 00m 03.384s,    002h 59m 54.869s
3188,    3369,    10798238,    000h 00m 03.369s,    002h 59m 58.238s
3189,    3391,    10801629,    000h 00m 03.391s,    003h 00m 01.629s
3190,    3397,    10805026,    000h 00m 03.397s,    003h 00m 05.026s
3191,    3391,    10808417,    000h 00m 03.391s,    003h 00m 08.417s
3192,    3389,    10811806,    000h 00m 03.389s,    003h 00m 11.806s
3193,    3387,    10815193,    000h 00m 03.387s,    003h 00m 15.193s
3194,    3377,    10818570,    000h 00m 03.377s,    003h 00m 18.570s
3195,    3388,    10821958,    000h 00m 03.388s,    003h 00m 21.958s
3196,    3390,    10825348,    000h 00m 03.390s,    003h 00m 25.348s
3197,    3386,    10828734,    000h 00m 03.386s,    003h 00m 28.734s
3198,    3384,    10832118,    000h 00m 03.384s,    003h 00m 32.118s
3199,    3385,    10835503,    000h 00m 03.385s,    003h 00m 35.503s
3200,    3379,    10838882,    000h 00m 03.379s,    003h 00m 38.882s
3201,    3387,    10842269,    000h 00m 03.387s,    003h 00m 42.269s
3202,    3388,    10845657,    000h 00m 03.388s,    003h 00m 45.657s
3203,    3382,    10849039,    000h 00m 03.382s,    003h 00m 49.039s
3204,    3383,    10852422,    000h 00m 03.383s,    003h 00m 52.422s
3205,    3405,    10855827,    000h 00m 03.405s,    003h 00m 55.827s
3206,    3389,    10859216,    000h 00m 03.389s,    003h 00m 59.216s
3207,    3384,    10862600,    000h 00m 03.384s,    003h 01m 02.600s
3208,    3386,    10865986,    000h 00m 03.386s,    003h 01m 05.986s
3209,    3389,    10869375,    000h 00m 03.389s,    003h 01m 09.375s
3210,    3377,    10872752,    000h 00m 03.377s,    003h 01m 12.752s
3211,    3385,    10876137,    000h 00m 03.385s,    003h 01m 16.137s
3212,    3435,    10879572,    000h 00m 03.435s,    003h 01m 19.572s
3213,    3390,    10882962,    000h 00m 03.390s,    003h 01m 22.962s
3214,    3373,    10886335,    000h 00m 03.373s,    003h 01m 26.335s
3215,    3400,    10889735,    000h 00m 03.400s,    003h 01m 29.735s
3216,    3390,    10893125,    000h 00m 03.390s,    003h 01m 33.125s
3217,    3375,    10896500,    000h 00m 03.375s,    003h 01m 36.500s
3218,    3385,    10899885,    000h 00m 03.385s,    003h 01m 39.885s
3219,    3383,    10903268,    000h 00m 03.383s,    003h 01m 43.268s
3220,    3375,    10906643,    000h 00m 03.375s,    003h 01m 46.643s
3221,    3403,    10910046,    000h 00m 03.403s,    003h 01m 50.046s
3222,    3386,    10913432,    000h 00m 03.386s,    003h 01m 53.432s
3223,    3385,    10916817,    000h 00m 03.385s,    003h 01m 56.817s
3224,    3377,    10920194,    000h 00m 03.377s,    003h 02m 00.194s
3225,    3387,    10923581,    000h 00m 03.387s,    003h 02m 03.581s
3226,    3406,    10926987,    000h 00m 03.406s,    003h 02m 06.987s
3227,    3390,    10930377,    000h 00m 03.390s,    003h 02m 10.377s
3228,    3384,    10933761,    000h 00m 03.384s,    003h 02m 13.761s
3229,    3391,    10937152,    000h 00m 03.391s,    003h 02m 17.152s
3230,    3381,    10940533,    000h 00m 03.381s,    003h 02m 20.533s
3231,    3412,    10943945,    000h 00m 03.412s,    003h 02m 23.945s
3232,    3394,    10947339,    000h 00m 03.394s,    003h 02m 27.339s
3233,    3383,    10950722,    000h 00m 03.383s,    003h 02m 30.722s
3234,    3396,    10954118,    000h 00m 03.396s,    003h 02m 34.118s
3235,    3386,    10957504,    000h 00m 03.386s,    003h 02m 37.504s
3236,    3376,    10960880,    000h 00m 03.376s,    003h 02m 40.880s
3237,    3385,    10964265,    000h 00m 03.385s,    003h 02m 44.265s
3238,    3379,    10967644,    000h 00m 03.379s,    003h 02m 47.644s
3239,    3379,    10971023,    000h 00m 03.379s,    003h 02m 51.023s
3240,    3377,    10974400,    000h 00m 03.377s,    003h 02m 54.400s
3241,    3383,    10977783,    000h 00m 03.383s,    003h 02m 57.783s
3242,    3383,    10981166,    000h 00m 03.383s,    003h 03m 01.166s
3243,    3381,    10984547,    000h 00m 03.381s,    003h 03m 04.547s
3244,    3383,    10987930,    000h 00m 03.383s,    003h 03m 07.930s
3245,    3378,    10991308,    000h 00m 03.378s,    003h 03m 11.308s
3246,    3387,    10994695,    000h 00m 03.387s,    003h 03m 14.695s
3247,    3379,    10998074,    000h 00m 03.379s,    003h 03m 18.074s
3248,    3376,    11001450,    000h 00m 03.376s,    003h 03m 21.450s
3249,    3384,    11004834,    000h 00m 03.384s,    003h 03m 24.834s
3250,    3386,    11008220,    000h 00m 03.386s,    003h 03m 28.220s
3251,    3382,    11011602,    000h 00m 03.382s,    003h 03m 31.602s
3252,    3370,    11014972,    000h 00m 03.370s,    003h 03m 34.972s
3253,    3423,    11018395,    000h 00m 03.423s,    003h 03m 38.395s
3254,    3397,    11021792,    000h 00m 03.397s,    003h 03m 41.792s
3255,    3400,    11025192,    000h 00m 03.400s,    003h 03m 45.192s
3256,    3404,    11028596,    000h 00m 03.404s,    003h 03m 48.596s
3257,    3377,    11031973,    000h 00m 03.377s,    003h 03m 51.973s
3258,    3383,    11035356,    000h 00m 03.383s,    003h 03m 55.356s
3259,    3387,    11038743,    000h 00m 03.387s,    003h 03m 58.743s
3260,    3380,    11042123,    000h 00m 03.380s,    003h 04m 02.123s
3261,    3407,    11045530,    000h 00m 03.407s,    003h 04m 05.530s
3262,    3377,    11048907,    000h 00m 03.377s,    003h 04m 08.907s
3263,    3383,    11052290,    000h 00m 03.383s,    003h 04m 12.290s
3264,    3395,    11055685,    000h 00m 03.395s,    003h 04m 15.685s
3265,    3389,    11059074,    000h 00m 03.389s,    003h 04m 19.074s
3266,    3378,    11062452,    000h 00m 03.378s,    003h 04m 22.452s
3267,    3383,    11065835,    000h 00m 03.383s,    003h 04m 25.835s
3268,    3374,    11069209,    000h 00m 03.374s,    003h 04m 29.209s
3269,    3378,    11072587,    000h 00m 03.378s,    003h 04m 32.587s
3270,    3385,    11075972,    000h 00m 03.385s,    003h 04m 35.972s
3271,    3386,    11079358,    000h 00m 03.386s,    003h 04m 39.358s
3272,    3371,    11082729,    000h 00m 03.371s,    003h 04m 42.729s
3273,    3386,    11086115,    000h 00m 03.386s,    003h 04m 46.115s
3274,    3389,    11089504,    000h 00m 03.389s,    003h 04m 49.504s
3275,    3426,    11092930,    000h 00m 03.426s,    003h 04m 52.930s
3276,    3387,    11096317,    000h 00m 03.387s,    003h 04m 56.317s
3277,    3395,    11099712,    000h 00m 03.395s,    003h 04m 59.712s
3278,    3380,    11103092,    000h 00m 03.380s,    003h 05m 03.092s
3279,    3404,    11106496,    000h 00m 03.404s,    003h 05m 06.496s
3280,    3381,    11109877,    000h 00m 03.381s,    003h 05m 09.877s
3281,    3389,    11113266,    000h 00m 03.389s,    003h 05m 13.266s
3282,    3380,    11116646,    000h 00m 03.380s,    003h 05m 16.646s
3283,    3377,    11120023,    000h 00m 03.377s,    003h 05m 20.023s
3284,    3392,    11123415,    000h 00m 03.392s,    003h 05m 23.415s
3285,    3390,    11126805,    000h 00m 03.390s,    003h 05m 26.805s
3286,    3393,    11130198,    000h 00m 03.393s,    003h 05m 30.198s
3287,    3381,    11133579,    000h 00m 03.381s,    003h 05m 33.579s
3288,    3378,    11136957,    000h 00m 03.378s,    003h 05m 36.957s
3289,    3377,    11140334,    000h 00m 03.377s,    003h 05m 40.334s
3290,    3395,    11143729,    000h 00m 03.395s,    003h 05m 43.729s
3291,    3391,    11147120,    000h 00m 03.391s,    003h 05m 47.120s
3292,    3376,    11150496,    000h 00m 03.376s,    003h 05m 50.496s
3293,    3389,    11153885,    000h 00m 03.389s,    003h 05m 53.885s
3294,    3391,    11157276,    000h 00m 03.391s,    003h 05m 57.276s
3295,    3390,    11160666,    000h 00m 03.390s,    003h 06m 00.666s
3296,    3400,    11164066,    000h 00m 03.400s,    003h 06m 04.066s
3297,    3384,    11167450,    000h 00m 03.384s,    003h 06m 07.450s
3298,    3426,    11170876,    000h 00m 03.426s,    003h 06m 10.876s
3299,    3382,    11174258,    000h 00m 03.382s,    003h 06m 14.258s
3300,    3399,    11177657,    000h 00m 03.399s,    003h 06m 17.657s
3301,    3395,    11181052,    000h 00m 03.395s,    003h 06m 21.052s
3302,    3385,    11184437,    000h 00m 03.385s,    003h 06m 24.437s
3303,    3379,    11187816,    000h 00m 03.379s,    003h 06m 27.816s
3304,    3390,    11191206,    000h 00m 03.390s,    003h 06m 31.206s
3305,    3378,    11194584,    000h 00m 03.378s,    003h 06m 34.584s
3306,    3382,    11197966,    000h 00m 03.382s,    003h 06m 37.966s
3307,    3374,    11201340,    000h 00m 03.374s,    003h 06m 41.340s
3308,    3386,    11204726,    000h 00m 03.386s,    003h 06m 44.726s
3309,    3387,    11208113,    000h 00m 03.387s,    003h 06m 48.113s
3310,    3375,    11211488,    000h 00m 03.375s,    003h 06m 51.488s
3311,    3390,    11214878,    000h 00m 03.390s,    003h 06m 54.878s
3312,    3379,    11218257,    000h 00m 03.379s,    003h 06m 58.257s
3313,    3385,    11221642,    000h 00m 03.385s,    003h 07m 01.642s
3314,    3395,    11225037,    000h 00m 03.395s,    003h 07m 05.037s
3315,    3382,    11228419,    000h 00m 03.382s,    003h 07m 08.419s
3316,    3408,    11231827,    000h 00m 03.408s,    003h 07m 11.827s
3317,    3454,    11235281,    000h 00m 03.454s,    003h 07m 15.281s
3318,    3382,    11238663,    000h 00m 03.382s,    003h 07m 18.663s
3319,    3391,    11242054,    000h 00m 03.391s,    003h 07m 22.054s
3320,    3376,    11245430,    000h 00m 03.376s,    003h 07m 25.430s
3321,    3386,    11248816,    000h 00m 03.386s,    003h 07m 28.816s
3322,    3379,    11252195,    000h 00m 03.379s,    003h 07m 32.195s
3323,    3384,    11255579,    000h 00m 03.384s,    003h 07m 35.579s
3324,    3390,    11258969,    000h 00m 03.390s,    003h 07m 38.969s
3325,    3386,    11262355,    000h 00m 03.386s,    003h 07m 42.355s
3326,    3379,    11265734,    000h 00m 03.379s,    003h 07m 45.734s
3327,    3392,    11269126,    000h 00m 03.392s,    003h 07m 49.126s
3328,    3385,    11272511,    000h 00m 03.385s,    003h 07m 52.511s
3329,    3391,    11275902,    000h 00m 03.391s,    003h 07m 55.902s
3330,    3376,    11279278,    000h 00m 03.376s,    003h 07m 59.278s
3331,    3380,    11282658,    000h 00m 03.380s,    003h 08m 02.658s
3332,    3383,    11286041,    000h 00m 03.383s,    003h 08m 06.041s
3333,    3388,    11289429,    000h 00m 03.388s,    003h 08m 09.429s
3334,    3384,    11292813,    000h 00m 03.384s,    003h 08m 12.813s
3335,    3385,    11296198,    000h 00m 03.385s,    003h 08m 16.198s
3336,    3374,    11299572,    000h 00m 03.374s,    003h 08m 19.572s
3337,    3388,    11302960,    000h 00m 03.388s,    003h 08m 22.960s
3338,    3395,    11306355,    000h 00m 03.395s,    003h 08m 26.355s
3339,    3369,    11309724,    000h 00m 03.369s,    003h 08m 29.724s
3340,    3387,    11313111,    000h 00m 03.387s,    003h 08m 33.111s
3341,    3394,    11316505,    000h 00m 03.394s,    003h 08m 36.505s
3342,    3411,    11319916,    000h 00m 03.411s,    003h 08m 39.916s
3343,    3390,    11323306,    000h 00m 03.390s,    003h 08m 43.306s
3344,    3379,    11326685,    000h 00m 03.379s,    003h 08m 46.685s
3345,    3379,    11330064,    000h 00m 03.379s,    003h 08m 50.064s
3346,    3387,    11333451,    000h 00m 03.387s,    003h 08m 53.451s
3347,    3381,    11336832,    000h 00m 03.381s,    003h 08m 56.832s
3348,    3383,    11340215,    000h 00m 03.383s,    003h 09m 00.215s
3349,    3389,    11343604,    000h 00m 03.389s,    003h 09m 03.604s
3350,    3397,    11347001,    000h 00m 03.397s,    003h 09m 07.001s
3351,    3390,    11350391,    000h 00m 03.390s,    003h 09m 10.391s
3352,    3379,    11353770,    000h 00m 03.379s,    003h 09m 13.770s
3353,    3381,    11357151,    000h 00m 03.381s,    003h 09m 17.151s
3354,    3446,    11360597,    000h 00m 03.446s,    003h 09m 20.597s
3355,    3392,    11363989,    000h 00m 03.392s,    003h 09m 23.989s
3356,    3388,    11367377,    000h 00m 03.388s,    003h 09m 27.377s
3357,    3378,    11370755,    000h 00m 03.378s,    003h 09m 30.755s
3358,    3378,    11374133,    000h 00m 03.378s,    003h 09m 34.133s
3359,    3389,    11377522,    000h 00m 03.389s,    003h 09m 37.522s
3360,    3376,    11380898,    000h 00m 03.376s,    003h 09m 40.898s
3361,    3389,    11384287,    000h 00m 03.389s,    003h 09m 44.287s
3362,    3386,    11387673,    000h 00m 03.386s,    003h 09m 47.673s
3363,    3415,    11391088,    000h 00m 03.415s,    003h 09m 51.088s
3364,    3383,    11394471,    000h 00m 03.383s,    003h 09m 54.471s
3365,    3380,    11397851,    000h 00m 03.380s,    003h 09m 57.851s
3366,    3383,    11401234,    000h 00m 03.383s,    003h 10m 01.234s
3367,    3397,    11404631,    000h 00m 03.397s,    003h 10m 04.631s
3368,    3381,    11408012,    000h 00m 03.381s,    003h 10m 08.012s
3369,    3378,    11411390,    000h 00m 03.378s,    003h 10m 11.390s
3370,    3384,    11414774,    000h 00m 03.384s,    003h 10m 14.774s
3371,    3381,    11418155,    000h 00m 03.381s,    003h 10m 18.155s
3372,    3387,    11421542,    000h 00m 03.387s,    003h 10m 21.542s
3373,    3378,    11424920,    000h 00m 03.378s,    003h 10m 24.920s
3374,    3381,    11428301,    000h 00m 03.381s,    003h 10m 28.301s
3375,    3396,    11431697,    000h 00m 03.396s,    003h 10m 31.697s
3376,    3377,    11435074,    000h 00m 03.377s,    003h 10m 35.074s
3377,    3381,    11438455,    000h 00m 03.381s,    003h 10m 38.455s
3378,    3377,    11441832,    000h 00m 03.377s,    003h 10m 41.832s
3379,    3437,    11445269,    000h 00m 03.437s,    003h 10m 45.269s
3380,    3396,    11448665,    000h 00m 03.396s,    003h 10m 48.665s
3381,    3380,    11452045,    000h 00m 03.380s,    003h 10m 52.045s
3382,    3392,    11455437,    000h 00m 03.392s,    003h 10m 55.437s
3383,    3388,    11458825,    000h 00m 03.388s,    003h 10m 58.825s
3384,    3377,    11462202,    000h 00m 03.377s,    003h 11m 02.202s
3385,    3401,    11465603,    000h 00m 03.401s,    003h 11m 05.603s
3386,    3386,    11468989,    000h 00m 03.386s,    003h 11m 08.989s
3387,    3378,    11472367,    000h 00m 03.378s,    003h 11m 12.367s
3388,    3389,    11475756,    000h 00m 03.389s,    003h 11m 15.756s
3389,    3377,    11479133,    000h 00m 03.377s,    003h 11m 19.133s
3390,    3381,    11482514,    000h 00m 03.381s,    003h 11m 22.514s
3391,    3370,    11485884,    000h 00m 03.370s,    003h 11m 25.884s
3392,    3392,    11489276,    000h 00m 03.392s,    003h 11m 29.276s
3393,    3379,    11492655,    000h 00m 03.379s,    003h 11m 32.655s
3394,    3380,    11496035,    000h 00m 03.380s,    003h 11m 36.035s
3395,    3380,    11499415,    000h 00m 03.380s,    003h 11m 39.415s
3396,    3417,    11502832,    000h 00m 03.417s,    003h 11m 42.832s
3397,    3392,    11506224,    000h 00m 03.392s,    003h 11m 46.224s
3398,    3381,    11509605,    000h 00m 03.381s,    003h 11m 49.605s
3399,    3380,    11512985,    000h 00m 03.380s,    003h 11m 52.985s
3400,    3388,    11516373,    000h 00m 03.388s,    003h 11m 56.373s
3401,    3384,    11519757,    000h 00m 03.384s,    003h 11m 59.757s
3402,    3387,    11523144,    000h 00m 03.387s,    003h 12m 03.144s
3403,    3390,    11526534,    000h 00m 03.390s,    003h 12m 06.534s
3404,    3380,    11529914,    000h 00m 03.380s,    003h 12m 09.914s
3405,    3388,    11533302,    000h 00m 03.388s,    003h 12m 13.302s
3406,    3381,    11536683,    000h 00m 03.381s,    003h 12m 16.683s
3407,    3383,    11540066,    000h 00m 03.383s,    003h 12m 20.066s
3408,    3384,    11543450,    000h 00m 03.384s,    003h 12m 23.450s
3409,    3382,    11546832,    000h 00m 03.382s,    003h 12m 26.832s
3410,    3393,    11550225,    000h 00m 03.393s,    003h 12m 30.225s
3411,    3404,    11553629,    000h 00m 03.404s,    003h 12m 33.629s
3412,    3389,    11557018,    000h 00m 03.389s,    003h 12m 37.018s
3413,    3384,    11560402,    000h 00m 03.384s,    003h 12m 40.402s
3414,    3386,    11563788,    000h 00m 03.386s,    003h 12m 43.788s
3415,    3389,    11567177,    000h 00m 03.389s,    003h 12m 47.177s
3416,    3384,    11570561,    000h 00m 03.384s,    003h 12m 50.561s
3417,    3381,    11573942,    000h 00m 03.381s,    003h 12m 53.942s
3418,    3416,    11577358,    000h 00m 03.416s,    003h 12m 57.358s
3419,    3382,    11580740,    000h 00m 03.382s,    003h 13m 00.740s
3420,    3383,    11584123,    000h 00m 03.383s,    003h 13m 04.123s
3421,    3400,    11587523,    000h 00m 03.400s,    003h 13m 07.523s
3422,    3397,    11590920,    000h 00m 03.397s,    003h 13m 10.920s
3423,    3394,    11594314,    000h 00m 03.394s,    003h 13m 14.314s
3424,    3383,    11597697,    000h 00m 03.383s,    003h 13m 17.697s
3425,    3390,    11601087,    000h 00m 03.390s,    003h 13m 21.087s
3426,    3378,    11604465,    000h 00m 03.378s,    003h 13m 24.465s
3427,    3388,    11607853,    000h 00m 03.388s,    003h 13m 27.853s
3428,    3379,    11611232,    000h 00m 03.379s,    003h 13m 31.232s
3429,    3381,    11614613,    000h 00m 03.381s,    003h 13m 34.613s
3430,    3382,    11617995,    000h 00m 03.382s,    003h 13m 37.995s
3431,    3386,    11621381,    000h 00m 03.386s,    003h 13m 41.381s
3432,    3383,    11624764,    000h 00m 03.383s,    003h 13m 44.764s
3433,    3374,    11628138,    000h 00m 03.374s,    003h 13m 48.138s
3434,    3396,    11631534,    000h 00m 03.396s,    003h 13m 51.534s
3435,    3386,    11634920,    000h 00m 03.386s,    003h 13m 54.920s
3436,    3383,    11638303,    000h 00m 03.383s,    003h 13m 58.303s
3437,    3392,    11641695,    000h 00m 03.392s,    003h 14m 01.695s
3438,    3421,    11645116,    000h 00m 03.421s,    003h 14m 05.116s
3439,    3383,    11648499,    000h 00m 03.383s,    003h 14m 08.499s
3440,    3376,    11651875,    000h 00m 03.376s,    003h 14m 11.875s
3441,    3387,    11655262,    000h 00m 03.387s,    003h 14m 15.262s
3442,    3374,    11658636,    000h 00m 03.374s,    003h 14m 18.636s
3443,    3379,    11662015,    000h 00m 03.379s,    003h 14m 22.015s
3444,    3393,    11665408,    000h 00m 03.393s,    003h 14m 25.408s
3445,    3384,    11668792,    000h 00m 03.384s,    003h 14m 28.792s
3446,    3390,    11672182,    000h 00m 03.390s,    003h 14m 32.182s
3447,    3384,    11675566,    000h 00m 03.384s,    003h 14m 35.566s
3448,    3385,    11678951,    000h 00m 03.385s,    003h 14m 38.951s
3449,    3370,    11682321,    000h 00m 03.370s,    003h 14m 42.321s
3450,    3384,    11685705,    000h 00m 03.384s,    003h 14m 45.705s
3451,    3384,    11689089,    000h 00m 03.384s,    003h 14m 49.089s
3452,    3373,    11692462,    000h 00m 03.373s,    003h 14m 52.462s
3453,    3384,    11695846,    000h 00m 03.384s,    003h 14m 55.846s
3454,    3387,    11699233,    000h 00m 03.387s,    003h 14m 59.233s
3455,    3384,    11702617,    000h 00m 03.384s,    003h 15m 02.617s
3456,    3389,    11706006,    000h 00m 03.389s,    003h 15m 06.006s
3457,    3373,    11709379,    000h 00m 03.373s,    003h 15m 09.379s
3458,    3387,    11712766,    000h 00m 03.387s,    003h 15m 12.766s
3459,    3372,    11716138,    000h 00m 03.372s,    003h 15m 16.138s
3460,    3419,    11719557,    000h 00m 03.419s,    003h 15m 19.557s
3461,    3384,    11722941,    000h 00m 03.384s,    003h 15m 22.941s
3462,    3383,    11726324,    000h 00m 03.383s,    003h 15m 26.324s
3463,    3384,    11729708,    000h 00m 03.384s,    003h 15m 29.708s
3464,    3387,    11733095,    000h 00m 03.387s,    003h 15m 33.095s
3465,    3387,    11736482,    000h 00m 03.387s,    003h 15m 36.482s
3466,    3399,    11739881,    000h 00m 03.399s,    003h 15m 39.881s
3467,    3385,    11743266,    000h 00m 03.385s,    003h 15m 43.266s
3468,    3383,    11746649,    000h 00m 03.383s,    003h 15m 46.649s
3469,    3378,    11750027,    000h 00m 03.378s,    003h 15m 50.027s
3470,    3377,    11753404,    000h 00m 03.377s,    003h 15m 53.404s
3471,    3382,    11756786,    000h 00m 03.382s,    003h 15m 56.786s
3472,    3384,    11760170,    000h 00m 03.384s,    003h 16m 00.170s
3473,    3375,    11763545,    000h 00m 03.375s,    003h 16m 03.545s
3474,    3383,    11766928,    000h 00m 03.383s,    003h 16m 06.928s
3475,    3385,    11770313,    000h 00m 03.385s,    003h 16m 10.313s
3476,    3386,    11773699,    000h 00m 03.386s,    003h 16m 13.699s
3477,    3400,    11777099,    000h 00m 03.400s,    003h 16m 17.099s
3478,    3370,    11780469,    000h 00m 03.370s,    003h 16m 20.469s
3479,    3407,    11783876,    000h 00m 03.407s,    003h 16m 23.876s
3480,    3389,    11787265,    000h 00m 03.389s,    003h 16m 27.265s
3481,    3386,    11790651,    000h 00m 03.386s,    003h 16m 30.651s
3482,    3380,    11794031,    000h 00m 03.380s,    003h 16m 34.031s
3483,    3395,    11797426,    000h 00m 03.395s,    003h 16m 37.426s
3484,    3375,    11800801,    000h 00m 03.375s,    003h 16m 40.801s
3485,    3395,    11804196,    000h 00m 03.395s,    003h 16m 44.196s
3486,    3382,    11807578,    000h 00m 03.382s,    003h 16m 47.578s
3487,    3393,    11810971,    000h 00m 03.393s,    003h 16m 50.971s
3488,    3382,    11814353,    000h 00m 03.382s,    003h 16m 54.353s
3489,    3383,    11817736,    000h 00m 03.383s,    003h 16m 57.736s
3490,    3384,    11821120,    000h 00m 03.384s,    003h 17m 01.120s
3491,    3382,    11824502,    000h 00m 03.382s,    003h 17m 04.502s
3492,    3387,    11827889,    000h 00m 03.387s,    003h 17m 07.889s
3493,    3380,    11831269,    000h 00m 03.380s,    003h 17m 11.269s
3494,    3381,    11834650,    000h 00m 03.381s,    003h 17m 14.650s
3495,    3379,    11838029,    000h 00m 03.379s,    003h 17m 18.029s
3496,    3405,    11841434,    000h 00m 03.405s,    003h 17m 21.434s
3497,    3390,    11844824,    000h 00m 03.390s,    003h 17m 24.824s
3498,    3381,    11848205,    000h 00m 03.381s,    003h 17m 28.205s
3499,    3382,    11851587,    000h 00m 03.382s,    003h 17m 31.587s
3500,    3377,    11854964,    000h 00m 03.377s,    003h 17m 34.964s
3501,    3385,    11858349,    000h 00m 03.385s,    003h 17m 38.349s
3502,    3416,    11861765,    000h 00m 03.416s,    003h 17m 41.765s
3503,    3392,    11865157,    000h 00m 03.392s,    003h 17m 45.157s
3504,    3374,    11868531,    000h 00m 03.374s,    003h 17m 48.531s
3505,    3393,    11871924,    000h 00m 03.393s,    003h 17m 51.924s
3506,    3396,    11875320,    000h 00m 03.396s,    003h 17m 55.320s
3507,    3377,    11878697,    000h 00m 03.377s,    003h 17m 58.697s
3508,    3388,    11882085,    000h 00m 03.388s,    003h 18m 02.085s
3509,    3401,    11885486,    000h 00m 03.401s,    003h 18m 05.486s
3510,    3385,    11888871,    000h 00m 03.385s,    003h 18m 08.871s
3511,    3380,    11892251,    000h 00m 03.380s,    003h 18m 12.251s
3512,    3387,    11895638,    000h 00m 03.387s,    003h 18m 15.638s
3513,    3387,    11899025,    000h 00m 03.387s,    003h 18m 19.025s
3514,    3378,    11902403,    000h 00m 03.378s,    003h 18m 22.403s
3515,    3381,    11905784,    000h 00m 03.381s,    003h 18m 25.784s
3516,    3382,    11909166,    000h 00m 03.382s,    003h 18m 29.166s
3517,    3376,    11912542,    000h 00m 03.376s,    003h 18m 32.542s
3518,    3384,    11915926,    000h 00m 03.384s,    003h 18m 35.926s
3519,    3379,    11919305,    000h 00m 03.379s,    003h 18m 39.305s
3520,    3377,    11922682,    000h 00m 03.377s,    003h 18m 42.682s
3521,    3387,    11926069,    000h 00m 03.387s,    003h 18m 46.069s
3522,    3389,    11929458,    000h 00m 03.389s,    003h 18m 49.458s
3523,    3379,    11932837,    000h 00m 03.379s,    003h 18m 52.837s
3524,    3380,    11936217,    000h 00m 03.380s,    003h 18m 56.217s
3525,    3380,    11939597,    000h 00m 03.380s,    003h 18m 59.597s
3526,    3386,    11942983,    000h 00m 03.386s,    003h 19m 02.983s
3527,    3382,    11946365,    000h 00m 03.382s,    003h 19m 06.365s
3528,    3421,    11949786,    000h 00m 03.421s,    003h 19m 09.786s
3529,    3395,    11953181,    000h 00m 03.395s,    003h 19m 13.181s
3530,    3381,    11956562,    000h 00m 03.381s,    003h 19m 16.562s
3531,    3379,    11959941,    000h 00m 03.379s,    003h 19m 19.941s
3532,    3391,    11963332,    000h 00m 03.391s,    003h 19m 23.332s
3533,    3385,    11966717,    000h 00m 03.385s,    003h 19m 26.717s
3534,    3380,    11970097,    000h 00m 03.380s,    003h 19m 30.097s
3535,    3386,    11973483,    000h 00m 03.386s,    003h 19m 33.483s
3536,    3387,    11976870,    000h 00m 03.387s,    003h 19m 36.870s
3537,    3381,    11980251,    000h 00m 03.381s,    003h 19m 40.251s
3538,    3380,    11983631,    000h 00m 03.380s,    003h 19m 43.631s
3539,    3374,    11987005,    000h 00m 03.374s,    003h 19m 47.005s
3540,    3384,    11990389,    000h 00m 03.384s,    003h 19m 50.389s
3541,    3387,    11993776,    000h 00m 03.387s,    003h 19m 53.776s
3542,    3382,    11997158,    000h 00m 03.382s,    003h 19m 57.158s
3543,    3376,    12000534,    000h 00m 03.376s,    003h 20m 00.534s
3544,    3379,    12003913,    000h 00m 03.379s,    003h 20m 03.913s
3545,    3395,    12007308,    000h 00m 03.395s,    003h 20m 07.308s
3546,    3384,    12010692,    000h 00m 03.384s,    003h 20m 10.692s
3547,    3424,    12014116,    000h 00m 03.424s,    003h 20m 14.116s
3548,    3398,    12017514,    000h 00m 03.398s,    003h 20m 17.514s
3549,    3390,    12020904,    000h 00m 03.390s,    003h 20m 20.904s
3550,    3384,    12024288,    000h 00m 03.384s,    003h 20m 24.288s
3551,    3383,    12027671,    000h 00m 03.383s,    003h 20m 27.671s
3552,    3391,    12031062,    000h 00m 03.391s,    003h 20m 31.062s
3553,    3392,    12034454,    000h 00m 03.392s,    003h 20m 34.454s
3554,    3391,    12037845,    000h 00m 03.391s,    003h 20m 37.845s
3555,    3386,    12041231,    000h 00m 03.386s,    003h 20m 41.231s
3556,    3380,    12044611,    000h 00m 03.380s,    003h 20m 44.611s
3557,    3378,    12047989,    000h 00m 03.378s,    003h 20m 47.989s
3558,    3381,    12051370,    000h 00m 03.381s,    003h 20m 51.370s
3559,    3393,    12054763,    000h 00m 03.393s,    003h 20m 54.763s
3560,    3393,    12058156,    000h 00m 03.393s,    003h 20m 58.156s
3561,    3378,    12061534,    000h 00m 03.378s,    003h 21m 01.534s
3562,    3387,    12064921,    000h 00m 03.387s,    003h 21m 04.921s
3563,    3379,    12068300,    000h 00m 03.379s,    003h 21m 08.300s
3564,    3391,    12071691,    000h 00m 03.391s,    003h 21m 11.691s
3565,    3422,    12075113,    000h 00m 03.422s,    003h 21m 15.113s
3566,    3378,    12078491,    000h 00m 03.378s,    003h 21m 18.491s
3567,    3390,    12081881,    000h 00m 03.390s,    003h 21m 21.881s
3568,    3385,    12085266,    000h 00m 03.385s,    003h 21m 25.266s
3569,    3375,    12088641,    000h 00m 03.375s,    003h 21m 28.641s
3570,    3370,    12092011,    000h 00m 03.370s,    003h 21m 32.011s
3571,    3379,    12095390,    000h 00m 03.379s,    003h 21m 35.390s
3572,    3390,    12098780,    000h 00m 03.390s,    003h 21m 38.780s
3573,    3398,    12102178,    000h 00m 03.398s,    003h 21m 42.178s
3574,    3389,    12105567,    000h 00m 03.389s,    003h 21m 45.567s
3575,    3391,    12108958,    000h 00m 03.391s,    003h 21m 48.958s
3576,    3386,    12112344,    000h 00m 03.386s,    003h 21m 52.344s
3577,    3383,    12115727,    000h 00m 03.383s,    003h 21m 55.727s
3578,    3383,    12119110,    000h 00m 03.383s,    003h 21m 59.110s
3579,    3374,    12122484,    000h 00m 03.374s,    003h 22m 02.484s
3580,    3391,    12125875,    000h 00m 03.391s,    003h 22m 05.875s
3581,    3388,    12129263,    000h 00m 03.388s,    003h 22m 09.263s
3582,    3389,    12132652,    000h 00m 03.389s,    003h 22m 12.652s
3583,    3374,    12136026,    000h 00m 03.374s,    003h 22m 16.026s
3584,    3467,    12139493,    000h 00m 03.467s,    003h 22m 19.493s
3585,    3392,    12142885,    000h 00m 03.392s,    003h 22m 22.885s
3586,    3374,    12146259,    000h 00m 03.374s,    003h 22m 26.259s
3587,    3390,    12149649,    000h 00m 03.390s,    003h 22m 29.649s
3588,    3384,    12153033,    000h 00m 03.384s,    003h 22m 33.033s
3589,    3379,    12156412,    000h 00m 03.379s,    003h 22m 36.412s
3590,    3413,    12159825,    000h 00m 03.413s,    003h 22m 39.825s
3591,    3386,    12163211,    000h 00m 03.386s,    003h 22m 43.211s
3592,    3385,    12166596,    000h 00m 03.385s,    003h 22m 46.596s
3593,    3403,    12169999,    000h 00m 03.403s,    003h 22m 49.999s
3594,    3379,    12173378,    000h 00m 03.379s,    003h 22m 53.378s
3595,    3389,    12176767,    000h 00m 03.389s,    003h 22m 56.767s
3596,    3377,    12180144,    000h 00m 03.377s,    003h 23m 00.144s
3597,    3385,    12183529,    000h 00m 03.385s,    003h 23m 03.529s
3598,    3387,    12186916,    000h 00m 03.387s,    003h 23m 06.916s
3599,    3411,    12190327,    000h 00m 03.411s,    003h 23m 10.327s
3600,    3397,    12193724,    000h 00m 03.397s,    003h 23m 13.724s
3601,    3383,    12197107,    000h 00m 03.383s,    003h 23m 17.107s
3602,    3379,    12200486,    000h 00m 03.379s,    003h 23m 20.486s
3603,    3381,    12203867,    000h 00m 03.381s,    003h 23m 23.867s
3604,    3384,    12207251,    000h 00m 03.384s,    003h 23m 27.251s
3605,    3385,    12210636,    000h 00m 03.385s,    003h 23m 30.636s
3606,    3386,    12214022,    000h 00m 03.386s,    003h 23m 34.022s
3607,    3383,    12217405,    000h 00m 03.383s,    003h 23m 37.405s
3608,    3391,    12220796,    000h 00m 03.391s,    003h 23m 40.796s
3609,    3392,    12224188,    000h 00m 03.392s,    003h 23m 44.188s
3610,    3372,    12227560,    000h 00m 03.372s,    003h 23m 47.560s
3611,    3380,    12230940,    000h 00m 03.380s,    003h 23m 50.940s
3612,    3382,    12234322,    000h 00m 03.382s,    003h 23m 54.322s
3613,    3394,    12237716,    000h 00m 03.394s,    003h 23m 57.716s
3614,    3380,    12241096,    000h 00m 03.380s,    003h 24m 01.096s
3615,    3382,    12244478,    000h 00m 03.382s,    003h 24m 04.478s
3616,    3390,    12247868,    000h 00m 03.390s,    003h 24m 07.868s
3617,    3423,    12251291,    000h 00m 03.423s,    003h 24m 11.291s
3618,    3406,    12254697,    000h 00m 03.406s,    003h 24m 14.697s
3619,    3377,    12258074,    000h 00m 03.377s,    003h 24m 18.074s
3620,    3378,    12261452,    000h 00m 03.378s,    003h 24m 21.452s
3621,    3398,    12264850,    000h 00m 03.398s,    003h 24m 24.850s
3622,    3383,    12268233,    000h 00m 03.383s,    003h 24m 28.233s
3623,    3391,    12271624,    000h 00m 03.391s,    003h 24m 31.624s
3624,    3386,    12275010,    000h 00m 03.386s,    003h 24m 35.010s
3625,    3375,    12278385,    000h 00m 03.375s,    003h 24m 38.385s
3626,    3382,    12281767,    000h 00m 03.382s,    003h 24m 41.767s
3627,    3378,    12285145,    000h 00m 03.378s,    003h 24m 45.145s
3628,    3376,    12288521,    000h 00m 03.376s,    003h 24m 48.521s
3629,    3375,    12291896,    000h 00m 03.375s,    003h 24m 51.896s
3630,    3383,    12295279,    000h 00m 03.383s,    003h 24m 55.279s
3631,    3391,    12298670,    000h 00m 03.391s,    003h 24m 58.670s
3632,    3377,    12302047,    000h 00m 03.377s,    003h 25m 02.047s
3633,    3390,    12305437,    000h 00m 03.390s,    003h 25m 05.437s
3634,    3376,    12308813,    000h 00m 03.376s,    003h 25m 08.813s
3635,    3376,    12312189,    000h 00m 03.376s,    003h 25m 12.189s
3636,    3395,    12315584,    000h 00m 03.395s,    003h 25m 15.584s
3637,    3377,    12318961,    000h 00m 03.377s,    003h 25m 18.961s
3638,    3384,    12322345,    000h 00m 03.384s,    003h 25m 22.345s
3639,    3386,    12325731,    000h 00m 03.386s,    003h 25m 25.731s
3640,    3424,    12329155,    000h 00m 03.424s,    003h 25m 29.155s
3641,    3382,    12332537,    000h 00m 03.382s,    003h 25m 32.537s
3642,    3390,    12335927,    000h 00m 03.390s,    003h 25m 35.927s
3643,    3384,    12339311,    000h 00m 03.384s,    003h 25m 39.311s
3644,    3389,    12342700,    000h 00m 03.389s,    003h 25m 42.700s
3645,    3380,    12346080,    000h 00m 03.380s,    003h 25m 46.080s
3646,    3389,    12349469,    000h 00m 03.389s,    003h 25m 49.469s
3647,    3390,    12352859,    000h 00m 03.390s,    003h 25m 52.859s
3648,    3394,    12356253,    000h 00m 03.394s,    003h 25m 56.253s
3649,    3386,    12359639,    000h 00m 03.386s,    003h 25m 59.639s
3650,    3383,    12363022,    000h 00m 03.383s,    003h 26m 03.022s
3651,    3385,    12366407,    000h 00m 03.385s,    003h 26m 06.407s
3652,    3381,    12369788,    000h 00m 03.381s,    003h 26m 09.788s
3653,    3386,    12373174,    000h 00m 03.386s,    003h 26m 13.174s
3654,    3398,    12376572,    000h 00m 03.398s,    003h 26m 16.572s
3655,    3378,    12379950,    000h 00m 03.378s,    003h 26m 19.950s
3656,    3377,    12383327,    000h 00m 03.377s,    003h 26m 23.327s
3657,    3398,    12386725,    000h 00m 03.398s,    003h 26m 26.725s
3658,    3399,    12390124,    000h 00m 03.399s,    003h 26m 30.124s
3659,    3387,    12393511,    000h 00m 03.387s,    003h 26m 33.511s
3660,    3406,    12396917,    000h 00m 03.406s,    003h 26m 36.917s
3661,    3381,    12400298,    000h 00m 03.381s,    003h 26m 40.298s
3662,    3371,    12403669,    000h 00m 03.371s,    003h 26m 43.669s
3663,    3392,    12407061,    000h 00m 03.392s,    003h 26m 47.061s
3664,    3377,    12410438,    000h 00m 03.377s,    003h 26m 50.438s
3665,    3381,    12413819,    000h 00m 03.381s,    003h 26m 53.819s
3666,    3385,    12417204,    000h 00m 03.385s,    003h 26m 57.204s
3667,    3378,    12420582,    000h 00m 03.378s,    003h 27m 00.582s
3668,    3388,    12423970,    000h 00m 03.388s,    003h 27m 03.970s
3669,    3394,    12427364,    000h 00m 03.394s,    003h 27m 07.364s
3670,    3396,    12430760,    000h 00m 03.396s,    003h 27m 10.760s
3671,    3399,    12434159,    000h 00m 03.399s,    003h 27m 14.159s
3672,    3379,    12437538,    000h 00m 03.379s,    003h 27m 17.538s
3673,    3395,    12440933,    000h 00m 03.395s,    003h 27m 20.933s
3674,    3388,    12444321,    000h 00m 03.388s,    003h 27m 24.321s
3675,    3384,    12447705,    000h 00m 03.384s,    003h 27m 27.705s
3676,    3407,    12451112,    000h 00m 03.407s,    003h 27m 31.112s
3677,    3396,    12454508,    000h 00m 03.396s,    003h 27m 34.508s
3678,    3381,    12457889,    000h 00m 03.381s,    003h 27m 37.889s
3679,    3381,    12461270,    000h 00m 03.381s,    003h 27m 41.270s
3680,    3375,    12464645,    000h 00m 03.375s,    003h 27m 44.645s
3681,    3381,    12468026,    000h 00m 03.381s,    003h 27m 48.026s
3682,    3380,    12471406,    000h 00m 03.380s,    003h 27m 51.406s
3683,    3390,    12474796,    000h 00m 03.390s,    003h 27m 54.796s
3684,    3387,    12478183,    000h 00m 03.387s,    003h 27m 58.183s
3685,    3391,    12481574,    000h 00m 03.391s,    003h 28m 01.574s
3686,    3398,    12484972,    000h 00m 03.398s,    003h 28m 04.972s
3687,    3394,    12488366,    000h 00m 03.394s,    003h 28m 08.366s
3688,    3373,    12491739,    000h 00m 03.373s,    003h 28m 11.739s
3689,    3384,    12495123,    000h 00m 03.384s,    003h 28m 15.123s
3690,    3377,    12498500,    000h 00m 03.377s,    003h 28m 18.500s
3691,    3388,    12501888,    000h 00m 03.388s,    003h 28m 21.888s
3692,    3382,    12505270,    000h 00m 03.382s,    003h 28m 25.270s
3693,    3390,    12508660,    000h 00m 03.390s,    003h 28m 28.660s
3694,    3401,    12512061,    000h 00m 03.401s,    003h 28m 32.061s
3695,    3386,    12515447,    000h 00m 03.386s,    003h 28m 35.447s
3696,    3388,    12518835,    000h 00m 03.388s,    003h 28m 38.835s
3697,    3386,    12522221,    000h 00m 03.386s,    003h 28m 42.221s
3698,    3385,    12525606,    000h 00m 03.385s,    003h 28m 45.606s
3699,    3394,    12529000,    000h 00m 03.394s,    003h 28m 49.000s
3700,    3381,    12532381,    000h 00m 03.381s,    003h 28m 52.381s
3701,    3387,    12535768,    000h 00m 03.387s,    003h 28m 55.768s
3702,    3393,    12539161,    000h 00m 03.393s,    003h 28m 59.161s
3703,    3381,    12542542,    000h 00m 03.381s,    003h 29m 02.542s
3704,    3394,    12545936,    000h 00m 03.394s,    003h 29m 05.936s
3705,    3417,    12549353,    000h 00m 03.417s,    003h 29m 09.353s
3706,    3387,    12552740,    000h 00m 03.387s,    003h 29m 12.740s
3707,    3392,    12556132,    000h 00m 03.392s,    003h 29m 16.132s
3708,    3383,    12559515,    000h 00m 03.383s,    003h 29m 19.515s
3709,    3388,    12562903,    000h 00m 03.388s,    003h 29m 22.903s
3710,    3399,    12566302,    000h 00m 03.399s,    003h 29m 26.302s
3711,    3387,    12569689,    000h 00m 03.387s,    003h 29m 29.689s
3712,    3374,    12573063,    000h 00m 03.374s,    003h 29m 33.063s
3713,    3382,    12576445,    000h 00m 03.382s,    003h 29m 36.445s
3714,    3375,    12579820,    000h 00m 03.375s,    003h 29m 39.820s
3715,    3384,    12583204,    000h 00m 03.384s,    003h 29m 43.204s
3716,    3393,    12586597,    000h 00m 03.393s,    003h 29m 46.597s
3717,    3380,    12589977,    000h 00m 03.380s,    003h 29m 49.977s
3718,    3375,    12593352,    000h 00m 03.375s,    003h 29m 53.352s
3719,    3380,    12596732,    000h 00m 03.380s,    003h 29m 56.732s
3720,    3383,    12600115,    000h 00m 03.383s,    003h 30m 00.115s
3721,    3393,    12603508,    000h 00m 03.393s,    003h 30m 03.508s
3722,    3391,    12606899,    000h 00m 03.391s,    003h 30m 06.899s
3723,    3389,    12610288,    000h 00m 03.389s,    003h 30m 10.288s
3724,    3423,    12613711,    000h 00m 03.423s,    003h 30m 13.711s
3725,    3391,    12617102,    000h 00m 03.391s,    003h 30m 17.102s
3726,    3374,    12620476,    000h 00m 03.374s,    003h 30m 20.476s
3727,    3389,    12623865,    000h 00m 03.389s,    003h 30m 23.865s
3728,    3390,    12627255,    000h 00m 03.390s,    003h 30m 27.255s
3729,    3385,    12630640,    000h 00m 03.385s,    003h 30m 30.640s
3730,    3387,    12634027,    000h 00m 03.387s,    003h 30m 34.027s
3731,    3391,    12637418,    000h 00m 03.391s,    003h 30m 37.418s
3732,    3391,    12640809,    000h 00m 03.391s,    003h 30m 40.809s
3733,    3389,    12644198,    000h 00m 03.389s,    003h 30m 44.198s
3734,    3385,    12647583,    000h 00m 03.385s,    003h 30m 47.583s
3735,    3385,    12650968,    000h 00m 03.385s,    003h 30m 50.968s
3736,    3385,    12654353,    000h 00m 03.385s,    003h 30m 54.353s
3737,    3392,    12657745,    000h 00m 03.392s,    003h 30m 57.745s
3738,    3382,    12661127,    000h 00m 03.382s,    003h 31m 01.127s
3739,    3388,    12664515,    000h 00m 03.388s,    003h 31m 04.515s
3740,    3388,    12667903,    000h 00m 03.388s,    003h 31m 07.903s
3741,    3380,    12671283,    000h 00m 03.380s,    003h 31m 11.283s
3742,    3385,    12674668,    000h 00m 03.385s,    003h 31m 14.668s
3743,    3383,    12678051,    000h 00m 03.383s,    003h 31m 18.051s
3744,    3375,    12681426,    000h 00m 03.375s,    003h 31m 21.426s
3745,    3412,    12684838,    000h 00m 03.412s,    003h 31m 24.838s
3746,    3385,    12688223,    000h 00m 03.385s,    003h 31m 28.223s
3747,    3386,    12691609,    000h 00m 03.386s,    003h 31m 31.609s
3748,    3429,    12695038,    000h 00m 03.429s,    003h 31m 35.038s
3749,    3389,    12698427,    000h 00m 03.389s,    003h 31m 38.427s
3750,    3401,    12701828,    000h 00m 03.401s,    003h 31m 41.828s
3751,    3394,    12705222,    000h 00m 03.394s,    003h 31m 45.222s
3752,    3387,    12708609,    000h 00m 03.387s,    003h 31m 48.609s
3753,    3372,    12711981,    000h 00m 03.372s,    003h 31m 51.981s
3754,    3382,    12715363,    000h 00m 03.382s,    003h 31m 55.363s
3755,    3382,    12718745,    000h 00m 03.382s,    003h 31m 58.745s
3756,    3391,    12722136,    000h 00m 03.391s,    003h 32m 02.136s
3757,    3397,    12725533,    000h 00m 03.397s,    003h 32m 05.533s
3758,    3372,    12728905,    000h 00m 03.372s,    003h 32m 08.905s
3759,    3373,    12732278,    000h 00m 03.373s,    003h 32m 12.278s
3760,    3400,    12735678,    000h 00m 03.400s,    003h 32m 15.678s
3761,    3384,    12739062,    000h 00m 03.384s,    003h 32m 19.062s
3762,    3380,    12742442,    000h 00m 03.380s,    003h 32m 22.442s
3763,    3380,    12745822,    000h 00m 03.380s,    003h 32m 25.822s
3764,    3385,    12749207,    000h 00m 03.385s,    003h 32m 29.207s
3765,    3394,    12752601,    000h 00m 03.394s,    003h 32m 32.601s
3766,    3379,    12755980,    000h 00m 03.379s,    003h 32m 35.980s
3767,    3381,    12759361,    000h 00m 03.381s,    003h 32m 39.361s
3768,    3378,    12762739,    000h 00m 03.378s,    003h 32m 42.739s
3769,    3387,    12766126,    000h 00m 03.387s,    003h 32m 46.126s
3770,    3382,    12769508,    000h 00m 03.382s,    003h 32m 49.508s
3771,    3380,    12772888,    000h 00m 03.380s,    003h 32m 52.888s
3772,    3385,    12776273,    000h 00m 03.385s,    003h 32m 56.273s
3773,    3418,    12779691,    000h 00m 03.418s,    003h 32m 59.691s
3774,    3389,    12783080,    000h 00m 03.389s,    003h 33m 03.080s
3775,    3386,    12786466,    000h 00m 03.386s,    003h 33m 06.466s
3776,    3384,    12789850,    000h 00m 03.384s,    003h 33m 09.850s
3777,    3397,    12793247,    000h 00m 03.397s,    003h 33m 13.247s
3778,    3381,    12796628,    000h 00m 03.381s,    003h 33m 16.628s
3779,    3389,    12800017,    000h 00m 03.389s,    003h 33m 20.017s
3780,    3382,    12803399,    000h 00m 03.382s,    003h 33m 23.399s
3781,    3383,    12806782,    000h 00m 03.383s,    003h 33m 26.782s
3782,    3376,    12810158,    000h 00m 03.376s,    003h 33m 30.158s
3783,    3386,    12813544,    000h 00m 03.386s,    003h 33m 33.544s
3784,    3380,    12816924,    000h 00m 03.380s,    003h 33m 36.924s
3785,    3378,    12820302,    000h 00m 03.378s,    003h 33m 40.302s
3786,    3385,    12823687,    000h 00m 03.385s,    003h 33m 43.687s
3787,    3379,    12827066,    000h 00m 03.379s,    003h 33m 47.066s
3788,    3414,    12830480,    000h 00m 03.414s,    003h 33m 50.480s
3789,    3394,    12833874,    000h 00m 03.394s,    003h 33m 53.874s
3790,    3384,    12837258,    000h 00m 03.384s,    003h 33m 57.258s
3791,    3377,    12840635,    000h 00m 03.377s,    003h 34m 00.635s
3792,    3378,    12844013,    000h 00m 03.378s,    003h 34m 04.013s
3793,    3390,    12847403,    000h 00m 03.390s,    003h 34m 07.403s
3794,    3378,    12850781,    000h 00m 03.378s,    003h 34m 10.781s
3795,    3393,    12854174,    000h 00m 03.393s,    003h 34m 14.174s
3796,    3382,    12857556,    000h 00m 03.382s,    003h 34m 17.556s
3797,    3377,    12860933,    000h 00m 03.377s,    003h 34m 20.933s
3798,    3414,    12864347,    000h 00m 03.414s,    003h 34m 24.347s
3799,    3384,    12867731,    000h 00m 03.384s,    003h 34m 27.731s
3800,    3389,    12871120,    000h 00m 03.389s,    003h 34m 31.120s
3801,    3385,    12874505,    000h 00m 03.385s,    003h 34m 34.505s
3802,    3390,    12877895,    000h 00m 03.390s,    003h 34m 37.895s
3803,    3377,    12881272,    000h 00m 03.377s,    003h 34m 41.272s
3804,    3389,    12884661,    000h 00m 03.389s,    003h 34m 44.661s
3805,    3390,    12888051,    000h 00m 03.390s,    003h 34m 48.051s
3806,    3373,    12891424,    000h 00m 03.373s,    003h 34m 51.424s
3807,    3387,    12894811,    000h 00m 03.387s,    003h 34m 54.811s
3808,    3374,    12898185,    000h 00m 03.374s,    003h 34m 58.185s
3809,    3381,    12901566,    000h 00m 03.381s,    003h 35m 01.566s
3810,    3381,    12904947,    000h 00m 03.381s,    003h 35m 04.947s
3811,    3396,    12908343,    000h 00m 03.396s,    003h 35m 08.343s
3812,    3449,    12911792,    000h 00m 03.449s,    003h 35m 11.792s
3813,    3383,    12915175,    000h 00m 03.383s,    003h 35m 15.175s
3814,    3378,    12918553,    000h 00m 03.378s,    003h 35m 18.553s
3815,    3389,    12921942,    000h 00m 03.389s,    003h 35m 21.942s
3816,    3425,    12925367,    000h 00m 03.425s,    003h 35m 25.367s
3817,    3383,    12928750,    000h 00m 03.383s,    003h 35m 28.750s
3818,    3376,    12932126,    000h 00m 03.376s,    003h 35m 32.126s
3819,    3383,    12935509,    000h 00m 03.383s,    003h 35m 35.509s
3820,    3392,    12938901,    000h 00m 03.392s,    003h 35m 38.901s
3821,    3379,    12942280,    000h 00m 03.379s,    003h 35m 42.280s
3822,    3381,    12945661,    000h 00m 03.381s,    003h 35m 45.661s
3823,    3382,    12949043,    000h 00m 03.382s,    003h 35m 49.043s
3824,    3393,    12952436,    000h 00m 03.393s,    003h 35m 52.436s
3825,    3386,    12955822,    000h 00m 03.386s,    003h 35m 55.822s
3826,    3380,    12959202,    000h 00m 03.380s,    003h 35m 59.202s
3827,    3375,    12962577,    000h 00m 03.375s,    003h 36m 02.577s
3828,    3395,    12965972,    000h 00m 03.395s,    003h 36m 05.972s
3829,    3380,    12969352,    000h 00m 03.380s,    003h 36m 09.352s
3830,    3385,    12972737,    000h 00m 03.385s,    003h 36m 12.737s
3831,    3376,    12976113,    000h 00m 03.376s,    003h 36m 16.113s
3832,    3375,    12979488,    000h 00m 03.375s,    003h 36m 19.488s
3833,    3392,    12982880,    000h 00m 03.392s,    003h 36m 22.880s
3834,    3394,    12986274,    000h 00m 03.394s,    003h 36m 26.274s
3835,    3386,    12989660,    000h 00m 03.386s,    003h 36m 29.660s
3836,    3423,    12993083,    000h 00m 03.423s,    003h 36m 33.083s
3837,    3382,    12996465,    000h 00m 03.382s,    003h 36m 36.465s
3838,    3399,    12999864,    000h 00m 03.399s,    003h 36m 39.864s
3839,    3383,    13003247,    000h 00m 03.383s,    003h 36m 43.247s
3840,    3374,    13006621,    000h 00m 03.374s,    003h 36m 46.621s
3841,    3381,    13010002,    000h 00m 03.381s,    003h 36m 50.002s
3842,    3382,    13013384,    000h 00m 03.382s,    003h 36m 53.384s
3843,    3389,    13016773,    000h 00m 03.389s,    003h 36m 56.773s
3844,    3400,    13020173,    000h 00m 03.400s,    003h 37m 00.173s
3845,    3377,    13023550,    000h 00m 03.377s,    003h 37m 03.550s
3846,    3388,    13026938,    000h 00m 03.388s,    003h 37m 06.938s
3847,    3379,    13030317,    000h 00m 03.379s,    003h 37m 10.317s
3848,    3377,    13033694,    000h 00m 03.377s,    003h 37m 13.694s
3849,    3391,    13037085,    000h 00m 03.391s,    003h 37m 17.085s
3850,    3378,    13040463,    000h 00m 03.378s,    003h 37m 20.463s
3851,    3386,    13043849,    000h 00m 03.386s,    003h 37m 23.849s
3852,    3382,    13047231,    000h 00m 03.382s,    003h 37m 27.231s
3853,    3383,    13050614,    000h 00m 03.383s,    003h 37m 30.614s
3854,    3396,    13054010,    000h 00m 03.396s,    003h 37m 34.010s
3855,    3395,    13057405,    000h 00m 03.395s,    003h 37m 37.405s
3856,    3383,    13060788,    000h 00m 03.383s,    003h 37m 40.788s
3857,    3388,    13064176,    000h 00m 03.388s,    003h 37m 44.176s
3858,    3373,    13067549,    000h 00m 03.373s,    003h 37m 47.549s
3859,    3371,    13070920,    000h 00m 03.371s,    003h 37m 50.920s
3860,    3378,    13074298,    000h 00m 03.378s,    003h 37m 54.298s
3861,    3418,    13077716,    000h 00m 03.418s,    003h 37m 57.716s
3862,    3383,    13081099,    000h 00m 03.383s,    003h 38m 01.099s
3863,    3383,    13084482,    000h 00m 03.383s,    003h 38m 04.482s
3864,    3391,    13087873,    000h 00m 03.391s,    003h 38m 07.873s
3865,    3390,    13091263,    000h 00m 03.390s,    003h 38m 11.263s
3866,    3397,    13094660,    000h 00m 03.397s,    003h 38m 14.660s
3867,    3389,    13098049,    000h 00m 03.389s,    003h 38m 18.049s
3868,    3395,    13101444,    000h 00m 03.395s,    003h 38m 21.444s
3869,    3388,    13104832,    000h 00m 03.388s,    003h 38m 24.832s
3870,    3383,    13108215,    000h 00m 03.383s,    003h 38m 28.215s
3871,    3384,    13111599,    000h 00m 03.384s,    003h 38m 31.599s
3872,    3379,    13114978,    000h 00m 03.379s,    003h 38m 34.978s
3873,    3384,    13118362,    000h 00m 03.384s,    003h 38m 38.362s
3874,    3386,    13121748,    000h 00m 03.386s,    003h 38m 41.748s
3875,    3388,    13125136,    000h 00m 03.388s,    003h 38m 45.136s
3876,    3382,    13128518,    000h 00m 03.382s,    003h 38m 48.518s
3877,    3373,    13131891,    000h 00m 03.373s,    003h 38m 51.891s
3878,    3398,    13135289,    000h 00m 03.398s,    003h 38m 55.289s
3879,    3385,    13138674,    000h 00m 03.385s,    003h 38m 58.674s
3880,    3383,    13142057,    000h 00m 03.383s,    003h 39m 02.057s
3881,    3427,    13145484,    000h 00m 03.427s,    003h 39m 05.484s
3882,    3410,    13148894,    000h 00m 03.410s,    003h 39m 08.894s
3883,    3409,    13152303,    000h 00m 03.409s,    003h 39m 12.303s
3884,    3396,    13155699,    000h 00m 03.396s,    003h 39m 15.699s
3885,    3384,    13159083,    000h 00m 03.384s,    003h 39m 19.083s
3886,    3379,    13162462,    000h 00m 03.379s,    003h 39m 22.462s
3887,    3374,    13165836,    000h 00m 03.374s,    003h 39m 25.836s
3888,    3394,    13169230,    000h 00m 03.394s,    003h 39m 29.230s
3889,    3390,    13172620,    000h 00m 03.390s,    003h 39m 32.620s
3890,    3384,    13176004,    000h 00m 03.384s,    003h 39m 36.004s
3891,    3374,    13179378,    000h 00m 03.374s,    003h 39m 39.378s
3892,    3383,    13182761,    000h 00m 03.383s,    003h 39m 42.761s
3893,    3388,    13186149,    000h 00m 03.388s,    003h 39m 46.149s
3894,    3381,    13189530,    000h 00m 03.381s,    003h 39m 49.530s
3895,    3387,    13192917,    000h 00m 03.387s,    003h 39m 52.917s
3896,    3382,    13196299,    000h 00m 03.382s,    003h 39m 56.299s
3897,    3377,    13199676,    000h 00m 03.377s,    003h 39m 59.676s
3898,    3375,    13203051,    000h 00m 03.375s,    003h 40m 03.051s
3899,    3397,    13206448,    000h 00m 03.397s,    003h 40m 06.448s
3900,    3379,    13209827,    000h 00m 03.379s,    003h 40m 09.827s
3901,    3387,    13213214,    000h 00m 03.387s,    003h 40m 13.214s
3902,    3430,    13216644,    000h 00m 03.430s,    003h 40m 16.644s
3903,    3391,    13220035,    000h 00m 03.391s,    003h 40m 20.035s
3904,    3375,    13223410,    000h 00m 03.375s,    003h 40m 23.410s
3905,    3383,    13226793,    000h 00m 03.383s,    003h 40m 26.793s
3906,    3381,    13230174,    000h 00m 03.381s,    003h 40m 30.174s
3907,    3385,    13233559,    000h 00m 03.385s,    003h 40m 33.559s
3908,    3385,    13236944,    000h 00m 03.385s,    003h 40m 36.944s
3909,    3387,    13240331,    000h 00m 03.387s,    003h 40m 40.331s
3910,    3386,    13243717,    000h 00m 03.386s,    003h 40m 43.717s
3911,    3386,    13247103,    000h 00m 03.386s,    003h 40m 47.103s
3912,    3371,    13250474,    000h 00m 03.371s,    003h 40m 50.474s
3913,    3383,    13253857,    000h 00m 03.383s,    003h 40m 53.857s
3914,    3381,    13257238,    000h 00m 03.381s,    003h 40m 57.238s
3915,    3381,    13260619,    000h 00m 03.381s,    003h 41m 00.619s
3916,    3384,    13264003,    000h 00m 03.384s,    003h 41m 04.003s
3917,    3395,    13267398,    000h 00m 03.395s,    003h 41m 07.398s
3918,    3385,    13270783,    000h 00m 03.385s,    003h 41m 10.783s
3919,    3389,    13274172,    000h 00m 03.389s,    003h 41m 14.172s
3920,    3380,    13277552,    000h 00m 03.380s,    003h 41m 17.552s
3921,    3376,    13280928,    000h 00m 03.376s,    003h 41m 20.928s
3922,    3419,    13284347,    000h 00m 03.419s,    003h 41m 24.347s
3923,    3389,    13287736,    000h 00m 03.389s,    003h 41m 27.736s
3924,    3396,    13291132,    000h 00m 03.396s,    003h 41m 31.132s
3925,    3384,    13294516,    000h 00m 03.384s,    003h 41m 34.516s
3926,    3381,    13297897,    000h 00m 03.381s,    003h 41m 37.897s
3927,    3387,    13301284,    000h 00m 03.387s,    003h 41m 41.284s
3928,    3389,    13304673,    000h 00m 03.389s,    003h 41m 44.673s
3929,    3387,    13308060,    000h 00m 03.387s,    003h 41m 48.060s
3930,    3372,    13311432,    000h 00m 03.372s,    003h 41m 51.432s
3931,    3400,    13314832,    000h 00m 03.400s,    003h 41m 54.832s
3932,    3389,    13318221,    000h 00m 03.389s,    003h 41m 58.221s
3933,    3383,    13321604,    000h 00m 03.383s,    003h 42m 01.604s
3934,    3384,    13324988,    000h 00m 03.384s,    003h 42m 04.988s
3935,    3388,    13328376,    000h 00m 03.388s,    003h 42m 08.376s
3936,    3380,    13331756,    000h 00m 03.380s,    003h 42m 11.756s
3937,    3380,    13335136,    000h 00m 03.380s,    003h 42m 15.136s
3938,    3377,    13338513,    000h 00m 03.377s,    003h 42m 18.513s
3939,    3386,    13341899,    000h 00m 03.386s,    003h 42m 21.899s
3940,    3387,    13345286,    000h 00m 03.387s,    003h 42m 25.286s
3941,    3381,    13348667,    000h 00m 03.381s,    003h 42m 28.667s
3942,    3366,    13352033,    000h 00m 03.366s,    003h 42m 32.033s
3943,    3386,    13355419,    000h 00m 03.386s,    003h 42m 35.419s
3944,    3382,    13358801,    000h 00m 03.382s,    003h 42m 38.801s
3945,    3391,    13362192,    000h 00m 03.391s,    003h 42m 42.192s
3946,    3414,    13365606,    000h 00m 03.414s,    003h 42m 45.606s
3947,    3379,    13368985,    000h 00m 03.379s,    003h 42m 48.985s
3948,    3382,    13372367,    000h 00m 03.382s,    003h 42m 52.367s
3949,    3378,    13375745,    000h 00m 03.378s,    003h 42m 55.745s
3950,    3392,    13379137,    000h 00m 03.392s,    003h 42m 59.137s
3951,    3393,    13382530,    000h 00m 03.393s,    003h 43m 02.530s
3952,    3384,    13385914,    000h 00m 03.384s,    003h 43m 05.914s
3953,    3403,    13389317,    000h 00m 03.403s,    003h 43m 09.317s
3954,    3389,    13392706,    000h 00m 03.389s,    003h 43m 12.706s
3955,    3386,    13396092,    000h 00m 03.386s,    003h 43m 16.092s
3956,    3383,    13399475,    000h 00m 03.383s,    003h 43m 19.475s
3957,    3385,    13402860,    000h 00m 03.385s,    003h 43m 22.860s
3958,    3379,    13406239,    000h 00m 03.379s,    003h 43m 26.239s
3959,    3380,    13409619,    000h 00m 03.380s,    003h 43m 29.619s
3960,    3382,    13413001,    000h 00m 03.382s,    003h 43m 33.001s
3961,    3383,    13416384,    000h 00m 03.383s,    003h 43m 36.384s
3962,    3379,    13419763,    000h 00m 03.379s,    003h 43m 39.763s
3963,    3393,    13423156,    000h 00m 03.393s,    003h 43m 43.156s
3964,    3378,    13426534,    000h 00m 03.378s,    003h 43m 46.534s
3965,    3383,    13429917,    000h 00m 03.383s,    003h 43m 49.917s
3966,    3393,    13433310,    000h 00m 03.393s,    003h 43m 53.310s
3967,    3405,    13436715,    000h 00m 03.405s,    003h 43m 56.715s
3968,    3386,    13440101,    000h 00m 03.386s,    003h 44m 00.101s
3969,    3391,    13443492,    000h 00m 03.391s,    003h 44m 03.492s
3970,    3393,    13446885,    000h 00m 03.393s,    003h 44m 06.885s
3971,    3377,    13450262,    000h 00m 03.377s,    003h 44m 10.262s
3972,    3383,    13453645,    000h 00m 03.383s,    003h 44m 13.645s
3973,    3385,    13457030,    000h 00m 03.385s,    003h 44m 17.030s
3974,    3380,    13460410,    000h 00m 03.380s,    003h 44m 20.410s
3975,    3385,    13463795,    000h 00m 03.385s,    003h 44m 23.795s
3976,    3384,    13467179,    000h 00m 03.384s,    003h 44m 27.179s
3977,    3402,    13470581,    000h 00m 03.402s,    003h 44m 30.581s
3978,    3369,    13473950,    000h 00m 03.369s,    003h 44m 33.950s
3979,    3386,    13477336,    000h 00m 03.386s,    003h 44m 37.336s
3980,    3380,    13480716,    000h 00m 03.380s,    003h 44m 40.716s
3981,    3392,    13484108,    000h 00m 03.392s,    003h 44m 44.108s
3982,    3381,    13487489,    000h 00m 03.381s,    003h 44m 47.489s
3983,    3379,    13490868,    000h 00m 03.379s,    003h 44m 50.868s
3984,    3378,    13494246,    000h 00m 03.378s,    003h 44m 54.246s
3985,    3371,    13497617,    000h 00m 03.371s,    003h 44m 57.617s
3986,    3378,    13500995,    000h 00m 03.378s,    003h 45m 00.995s
3987,    3375,    13504370,    000h 00m 03.375s,    003h 45m 04.370s
3988,    3389,    13507759,    000h 00m 03.389s,    003h 45m 07.759s
3989,    3385,    13511144,    000h 00m 03.385s,    003h 45m 11.144s
3990,    3428,    13514572,    000h 00m 03.428s,    003h 45m 14.572s
3991,    3389,    13517961,    000h 00m 03.389s,    003h 45m 17.961s
3992,    3388,    13521349,    000h 00m 03.388s,    003h 45m 21.349s
3993,    3384,    13524733,    000h 00m 03.384s,    003h 45m 24.733s
3994,    3382,    13528115,    000h 00m 03.382s,    003h 45m 28.115s
3995,    3377,    13531492,    000h 00m 03.377s,    003h 45m 31.492s
3996,    3396,    13534888,    000h 00m 03.396s,    003h 45m 34.888s
3997,    3384,    13538272,    000h 00m 03.384s,    003h 45m 38.272s
3998,    3388,    13541660,    000h 00m 03.388s,    003h 45m 41.660s
3999,    3381,    13545041,    000h 00m 03.381s,    003h 45m 45.041s
4000,    3387,    13548428,    000h 00m 03.387s,    003h 45m 48.428s
4001,    3389,    13551817,    000h 00m 03.389s,    003h 45m 51.817s
4002,    3383,    13555200,    000h 00m 03.383s,    003h 45m 55.200s
4003,    3385,    13558585,    000h 00m 03.385s,    003h 45m 58.585s
4004,    3382,    13561967,    000h 00m 03.382s,    003h 46m 01.967s
4005,    3380,    13565347,    000h 00m 03.380s,    003h 46m 05.347s
4006,    3401,    13568748,    000h 00m 03.401s,    003h 46m 08.748s
4007,    3393,    13572141,    000h 00m 03.393s,    003h 46m 12.141s
4008,    3393,    13575534,    000h 00m 03.393s,    003h 46m 15.534s
4009,    3384,    13578918,    000h 00m 03.384s,    003h 46m 18.918s
4010,    3426,    13582344,    000h 00m 03.426s,    003h 46m 22.344s
4011,    3385,    13585729,    000h 00m 03.385s,    003h 46m 25.729s
4012,    3384,    13589113,    000h 00m 03.384s,    003h 46m 29.113s
4013,    3384,    13592497,    000h 00m 03.384s,    003h 46m 32.497s
4014,    3379,    13595876,    000h 00m 03.379s,    003h 46m 35.876s
4015,    3385,    13599261,    000h 00m 03.385s,    003h 46m 39.261s
4016,    3386,    13602647,    000h 00m 03.386s,    003h 46m 42.647s
4017,    3382,    13606029,    000h 00m 03.382s,    003h 46m 46.029s
4018,    3382,    13609411,    000h 00m 03.382s,    003h 46m 49.411s
4019,    3399,    13612810,    000h 00m 03.399s,    003h 46m 52.810s
4020,    3384,    13616194,    000h 00m 03.384s,    003h 46m 56.194s
4021,    3387,    13619581,    000h 00m 03.387s,    003h 46m 59.581s
4022,    3385,    13622966,    000h 00m 03.385s,    003h 47m 02.966s
4023,    3399,    13626365,    000h 00m 03.399s,    003h 47m 06.365s
4024,    3387,    13629752,    000h 00m 03.387s,    003h 47m 09.752s
4025,    3391,    13633143,    000h 00m 03.391s,    003h 47m 13.143s
4026,    3456,    13636599,    000h 00m 03.456s,    003h 47m 16.599s
4027,    3381,    13639980,    000h 00m 03.381s,    003h 47m 19.980s
4028,    3377,    13643357,    000h 00m 03.377s,    003h 47m 23.357s
4029,    3374,    13646731,    000h 00m 03.374s,    003h 47m 26.731s
4030,    3386,    13650117,    000h 00m 03.386s,    003h 47m 30.117s
4031,    3386,    13653503,    000h 00m 03.386s,    003h 47m 33.503s
4032,    3429,    13656932,    000h 00m 03.429s,    003h 47m 36.932s
4033,    3389,    13660321,    000h 00m 03.389s,    003h 47m 40.321s
4034,    3405,    13663726,    000h 00m 03.405s,    003h 47m 43.726s
4035,    3378,    13667104,    000h 00m 03.378s,    003h 47m 47.104s
4036,    3381,    13670485,    000h 00m 03.381s,    003h 47m 50.485s
4037,    3378,    13673863,    000h 00m 03.378s,    003h 47m 53.863s
4038,    3395,    13677258,    000h 00m 03.395s,    003h 47m 57.258s
4039,    3380,    13680638,    000h 00m 03.380s,    003h 48m 00.638s
4040,    3376,    13684014,    000h 00m 03.376s,    003h 48m 04.014s
4041,    3400,    13687414,    000h 00m 03.400s,    003h 48m 07.414s
4042,    3383,    13690797,    000h 00m 03.383s,    003h 48m 10.797s
4043,    3396,    13694193,    000h 00m 03.396s,    003h 48m 14.193s
4044,    3377,    13697570,    000h 00m 03.377s,    003h 48m 17.570s
4045,    3388,    13700958,    000h 00m 03.388s,    003h 48m 20.958s
4046,    3387,    13704345,    000h 00m 03.387s,    003h 48m 24.345s
4047,    3381,    13707726,    000h 00m 03.381s,    003h 48m 27.726s
4048,    3383,    13711109,    000h 00m 03.383s,    003h 48m 31.109s
4049,    3383,    13714492,    000h 00m 03.383s,    003h 48m 34.492s
4050,    3386,    13717878,    000h 00m 03.386s,    003h 48m 37.878s
4051,    3389,    13721267,    000h 00m 03.389s,    003h 48m 41.267s
4052,    3386,    13724653,    000h 00m 03.386s,    003h 48m 44.653s
4053,    3389,    13728042,    000h 00m 03.389s,    003h 48m 48.042s
4054,    3413,    13731455,    000h 00m 03.413s,    003h 48m 51.455s
4055,    3389,    13734844,    000h 00m 03.389s,    003h 48m 54.844s
4056,    3389,    13738233,    000h 00m 03.389s,    003h 48m 58.233s
4057,    3386,    13741619,    000h 00m 03.386s,    003h 49m 01.619s
4058,    3383,    13745002,    000h 00m 03.383s,    003h 49m 05.002s
4059,    3391,    13748393,    000h 00m 03.391s,    003h 49m 08.393s
4060,    3384,    13751777,    000h 00m 03.384s,    003h 49m 11.777s
4061,    3390,    13755167,    000h 00m 03.390s,    003h 49m 15.167s
4062,    3385,    13758552,    000h 00m 03.385s,    003h 49m 18.552s
4063,    3392,    13761944,    000h 00m 03.392s,    003h 49m 21.944s
4064,    3389,    13765333,    000h 00m 03.389s,    003h 49m 25.333s
4065,    3383,    13768716,    000h 00m 03.383s,    003h 49m 28.716s
4066,    3378,    13772094,    000h 00m 03.378s,    003h 49m 32.094s
4067,    3378,    13775472,    000h 00m 03.378s,    003h 49m 35.472s
4068,    3387,    13778859,    000h 00m 03.387s,    003h 49m 38.859s
4069,    3377,    13782236,    000h 00m 03.377s,    003h 49m 42.236s
4070,    3379,    13785615,    000h 00m 03.379s,    003h 49m 45.615s
4071,    3394,    13789009,    000h 00m 03.394s,    003h 49m 49.009s
4072,    3393,    13792402,    000h 00m 03.393s,    003h 49m 52.402s
4073,    3386,    13795788,    000h 00m 03.386s,    003h 49m 55.788s
4074,    3382,    13799170,    000h 00m 03.382s,    003h 49m 59.170s
4075,    3380,    13802550,    000h 00m 03.380s,    003h 50m 02.550s
4076,    3386,    13805936,    000h 00m 03.386s,    003h 50m 05.936s
4077,    3384,    13809320,    000h 00m 03.384s,    003h 50m 09.320s
4078,    3392,    13812712,    000h 00m 03.392s,    003h 50m 12.712s
4079,    3388,    13816100,    000h 00m 03.388s,    003h 50m 16.100s
4080,    3420,    13819520,    000h 00m 03.420s,    003h 50m 19.520s
4081,    3393,    13822913,    000h 00m 03.393s,    003h 50m 22.913s
4082,    3390,    13826303,    000h 00m 03.390s,    003h 50m 26.303s
4083,    3379,    13829682,    000h 00m 03.379s,    003h 50m 29.682s
4084,    3372,    13833054,    000h 00m 03.372s,    003h 50m 33.054s
4085,    3386,    13836440,    000h 00m 03.386s,    003h 50m 36.440s
4086,    3383,    13839823,    000h 00m 03.383s,    003h 50m 39.823s
4087,    3387,    13843210,    000h 00m 03.387s,    003h 50m 43.210s
4088,    3391,    13846601,    000h 00m 03.391s,    003h 50m 46.601s
4089,    3381,    13849982,    000h 00m 03.381s,    003h 50m 49.982s
4090,    3393,    13853375,    000h 00m 03.393s,    003h 50m 53.375s
4091,    3379,    13856754,    000h 00m 03.379s,    003h 50m 56.754s
4092,    3370,    13860124,    000h 00m 03.370s,    003h 51m 00.124s
4093,    3377,    13863501,    000h 00m 03.377s,    003h 51m 03.501s
4094,    3402,    13866903,    000h 00m 03.402s,    003h 51m 06.903s
4095,    3373,    13870276,    000h 00m 03.373s,    003h 51m 10.276s
4096,    3379,    13873655,    000h 00m 03.379s,    003h 51m 13.655s
4097,    3372,    13877027,    000h 00m 03.372s,    003h 51m 17.027s
4098,    3387,    13880414,    000h 00m 03.387s,    003h 51m 20.414s
4099,    3377,    13883791,    000h 00m 03.377s,    003h 51m 23.791s
4100,    3380,    13887171,    000h 00m 03.380s,    003h 51m 27.171s
4101,    3387,    13890558,    000h 00m 03.387s,    003h 51m 30.558s
4102,    3375,    13893933,    000h 00m 03.375s,    003h 51m 33.933s
4103,    3418,    13897351,    000h 00m 03.418s,    003h 51m 37.351s
4104,    3386,    13900737,    000h 00m 03.386s,    003h 51m 40.737s
4105,    3388,    13904125,    000h 00m 03.388s,    003h 51m 44.125s
4106,    3386,    13907511,    000h 00m 03.386s,    003h 51m 47.511s
4107,    3383,    13910894,    000h 00m 03.383s,    003h 51m 50.894s
4108,    3382,    13914276,    000h 00m 03.382s,    003h 51m 54.276s
4109,    3380,    13917656,    000h 00m 03.380s,    003h 51m 57.656s
4110,    3375,    13921031,    000h 00m 03.375s,    003h 52m 01.031s
4111,    3385,    13924416,    000h 00m 03.385s,    003h 52m 04.416s
4112,    3389,    13927805,    000h 00m 03.389s,    003h 52m 07.805s
4113,    3379,    13931184,    000h 00m 03.379s,    003h 52m 11.184s
4114,    3385,    13934569,    000h 00m 03.385s,    003h 52m 14.569s
4115,    3390,    13937959,    000h 00m 03.390s,    003h 52m 17.959s
4116,    3386,    13941345,    000h 00m 03.386s,    003h 52m 21.345s
4117,    3383,    13944728,    000h 00m 03.383s,    003h 52m 24.728s
4118,    3381,    13948109,    000h 00m 03.381s,    003h 52m 28.109s
4119,    3385,    13951494,    000h 00m 03.385s,    003h 52m 31.494s
4120,    3373,    13954867,    000h 00m 03.373s,    003h 52m 34.867s
4121,    3384,    13958251,    000h 00m 03.384s,    003h 52m 38.251s
4122,    3377,    13961628,    000h 00m 03.377s,    003h 52m 41.628s
4123,    3429,    13965057,    000h 00m 03.429s,    003h 52m 45.057s
4124,    3378,    13968435,    000h 00m 03.378s,    003h 52m 48.435s
4125,    3392,    13971827,    000h 00m 03.392s,    003h 52m 51.827s
4126,    3388,    13975215,    000h 00m 03.388s,    003h 52m 55.215s
4127,    3379,    13978594,    000h 00m 03.379s,    003h 52m 58.594s
4128,    3381,    13981975,    000h 00m 03.381s,    003h 53m 01.975s
4129,    3376,    13985351,    000h 00m 03.376s,    003h 53m 05.351s
4130,    3405,    13988756,    000h 00m 03.405s,    003h 53m 08.756s
4131,    3383,    13992139,    000h 00m 03.383s,    003h 53m 12.139s
4132,    3387,    13995526,    000h 00m 03.387s,    003h 53m 15.526s
4133,    3378,    13998904,    000h 00m 03.378s,    003h 53m 18.904s
4134,    3384,    14002288,    000h 00m 03.384s,    003h 53m 22.288s
4135,    3373,    14005661,    000h 00m 03.373s,    003h 53m 25.661s
4136,    3385,    14009046,    000h 00m 03.385s,    003h 53m 29.046s
4137,    3377,    14012423,    000h 00m 03.377s,    003h 53m 32.423s
4138,    3376,    14015799,    000h 00m 03.376s,    003h 53m 35.799s
4139,    3382,    14019181,    000h 00m 03.382s,    003h 53m 39.181s
4140,    3382,    14022563,    000h 00m 03.382s,    003h 53m 42.563s
4141,    3380,    14025943,    000h 00m 03.380s,    003h 53m 45.943s
4142,    3375,    14029318,    000h 00m 03.375s,    003h 53m 49.318s
4143,    3374,    14032692,    000h 00m 03.374s,    003h 53m 52.692s
4144,    3383,    14036075,    000h 00m 03.383s,    003h 53m 56.075s
4145,    3394,    14039469,    000h 00m 03.394s,    003h 53m 59.469s
4146,    3383,    14042852,    000h 00m 03.383s,    003h 54m 02.852s
4147,    3428,    14046280,    000h 00m 03.428s,    003h 54m 06.280s
4148,    3391,    14049671,    000h 00m 03.391s,    003h 54m 09.671s
4149,    3388,    14053059,    000h 00m 03.388s,    003h 54m 13.059s
4150,    3385,    14056444,    000h 00m 03.385s,    003h 54m 16.444s
4151,    3398,    14059842,    000h 00m 03.398s,    003h 54m 19.842s
4152,    3388,    14063230,    000h 00m 03.388s,    003h 54m 23.230s
4153,    3384,    14066614,    000h 00m 03.384s,    003h 54m 26.614s
4154,    3383,    14069997,    000h 00m 03.383s,    003h 54m 29.997s
4155,    3385,    14073382,    000h 00m 03.385s,    003h 54m 33.382s
4156,    3393,    14076775,    000h 00m 03.393s,    003h 54m 36.775s
4157,    3382,    14080157,    000h 00m 03.382s,    003h 54m 40.157s
4158,    3387,    14083544,    000h 00m 03.387s,    003h 54m 43.544s
4159,    3384,    14086928,    000h 00m 03.384s,    003h 54m 46.928s
4160,    3379,    14090307,    000h 00m 03.379s,    003h 54m 50.307s
4161,    3380,    14093687,    000h 00m 03.380s,    003h 54m 53.687s
4162,    3388,    14097075,    000h 00m 03.388s,    003h 54m 57.075s
4163,    3381,    14100456,    000h 00m 03.381s,    003h 55m 00.456s
4164,    3375,    14103831,    000h 00m 03.375s,    003h 55m 03.831s
4165,    3396,    14107227,    000h 00m 03.396s,    003h 55m 07.227s
4166,    3403,    14110630,    000h 00m 03.403s,    003h 55m 10.630s
4167,    3382,    14114012,    000h 00m 03.382s,    003h 55m 14.012s
4168,    3389,    14117401,    000h 00m 03.389s,    003h 55m 17.401s
4169,    3388,    14120789,    000h 00m 03.388s,    003h 55m 20.789s
4170,    3420,    14124209,    000h 00m 03.420s,    003h 55m 24.209s
4171,    3391,    14127600,    000h 00m 03.391s,    003h 55m 27.600s
4172,    3387,    14130987,    000h 00m 03.387s,    003h 55m 30.987s
4173,    3374,    14134361,    000h 00m 03.374s,    003h 55m 34.361s
4174,    3387,    14137748,    000h 00m 03.387s,    003h 55m 37.748s
4175,    3380,    14141128,    000h 00m 03.380s,    003h 55m 41.128s
4176,    3395,    14144523,    000h 00m 03.395s,    003h 55m 44.523s
4177,    3376,    14147899,    000h 00m 03.376s,    003h 55m 47.899s
4178,    3388,    14151287,    000h 00m 03.388s,    003h 55m 51.287s
4179,    3386,    14154673,    000h 00m 03.386s,    003h 55m 54.673s
4180,    3386,    14158059,    000h 00m 03.386s,    003h 55m 58.059s
4181,    3389,    14161448,    000h 00m 03.389s,    003h 56m 01.448s
4182,    3389,    14164837,    000h 00m 03.389s,    003h 56m 04.837s
4183,    3390,    14168227,    000h 00m 03.390s,    003h 56m 08.227s
4184,    3388,    14171615,    000h 00m 03.388s,    003h 56m 11.615s
4185,    3390,    14175005,    000h 00m 03.390s,    003h 56m 15.005s
4186,    3383,    14178388,    000h 00m 03.383s,    003h 56m 18.388s
4187,    3386,    14181774,    000h 00m 03.386s,    003h 56m 21.774s
4188,    3377,    14185151,    000h 00m 03.377s,    003h 56m 25.151s
4189,    3379,    14188530,    000h 00m 03.379s,    003h 56m 28.530s
4190,    3377,    14191907,    000h 00m 03.377s,    003h 56m 31.907s
4191,    3419,    14195326,    000h 00m 03.419s,    003h 56m 35.326s
4192,    3391,    14198717,    000h 00m 03.391s,    003h 56m 38.717s
4193,    3392,    14202109,    000h 00m 03.392s,    003h 56m 42.109s
4194,    3393,    14205502,    000h 00m 03.393s,    003h 56m 45.502s
4195,    3384,    14208886,    000h 00m 03.384s,    003h 56m 48.886s
4196,    3381,    14212267,    000h 00m 03.381s,    003h 56m 52.267s
4197,    3379,    14215646,    000h 00m 03.379s,    003h 56m 55.646s
4198,    3380,    14219026,    000h 00m 03.380s,    003h 56m 59.026s
4199,    3386,    14222412,    000h 00m 03.386s,    003h 57m 02.412s
4200,    3379,    14225791,    000h 00m 03.379s,    003h 57m 05.791s
4201,    3389,    14229180,    000h 00m 03.389s,    003h 57m 09.180s
4202,    3395,    14232575,    000h 00m 03.395s,    003h 57m 12.575s
4203,    3385,    14235960,    000h 00m 03.385s,    003h 57m 15.960s
4204,    3393,    14239353,    000h 00m 03.393s,    003h 57m 19.353s
4205,    3386,    14242739,    000h 00m 03.386s,    003h 57m 22.739s
4206,    3382,    14246121,    000h 00m 03.382s,    003h 57m 26.121s
4207,    3376,    14249497,    000h 00m 03.376s,    003h 57m 29.497s
4208,    3389,    14252886,    000h 00m 03.389s,    003h 57m 32.886s
4209,    3387,    14256273,    000h 00m 03.387s,    003h 57m 36.273s
4210,    3390,    14259663,    000h 00m 03.390s,    003h 57m 39.663s
4211,    3385,    14263048,    000h 00m 03.385s,    003h 57m 43.048s
4212,    3381,    14266429,    000h 00m 03.381s,    003h 57m 46.429s
4213,    3404,    14269833,    000h 00m 03.404s,    003h 57m 49.833s
4214,    3383,    14273216,    000h 00m 03.383s,    003h 57m 53.216s
4215,    3385,    14276601,    000h 00m 03.385s,    003h 57m 56.601s
4216,    3395,    14279996,    000h 00m 03.395s,    003h 57m 59.996s
4217,    3379,    14283375,    000h 00m 03.379s,    003h 58m 03.375s
4218,    3394,    14286769,    000h 00m 03.394s,    003h 58m 06.769s
4219,    3386,    14290155,    000h 00m 03.386s,    003h 58m 10.155s
4220,    3391,    14293546,    000h 00m 03.391s,    003h 58m 13.546s
4221,    3375,    14296921,    000h 00m 03.375s,    003h 58m 16.921s
4222,    3385,    14300306,    000h 00m 03.385s,    003h 58m 20.306s
4223,    3378,    14303684,    000h 00m 03.378s,    003h 58m 23.684s
4224,    3391,    14307075,    000h 00m 03.391s,    003h 58m 27.075s
4225,    3384,    14310459,    000h 00m 03.384s,    003h 58m 30.459s
4226,    3384,    14313843,    000h 00m 03.384s,    003h 58m 33.843s
4227,    3383,    14317226,    000h 00m 03.383s,    003h 58m 37.226s
4228,    3374,    14320600,    000h 00m 03.374s,    003h 58m 40.600s
4229,    3390,    14323990,    000h 00m 03.390s,    003h 58m 43.990s
4230,    3372,    14327362,    000h 00m 03.372s,    003h 58m 47.362s
4231,    3377,    14330739,    000h 00m 03.377s,    003h 58m 50.739s
4232,    3384,    14334123,    000h 00m 03.384s,    003h 58m 54.123s
4233,    3378,    14337501,    000h 00m 03.378s,    003h 58m 57.501s
4234,    3392,    14340893,    000h 00m 03.392s,    003h 59m 00.893s
4235,    3387,    14344280,    000h 00m 03.387s,    003h 59m 04.280s
4236,    3392,    14347672,    000h 00m 03.392s,    003h 59m 07.672s
4237,    3375,    14351047,    000h 00m 03.375s,    003h 59m 11.047s
4238,    3386,    14354433,    000h 00m 03.386s,    003h 59m 14.433s
4239,    3384,    14357817,    000h 00m 03.384s,    003h 59m 17.817s
4240,    3375,    14361192,    000h 00m 03.375s,    003h 59m 21.192s
4241,    3381,    14364573,    000h 00m 03.381s,    003h 59m 24.573s
4242,    3393,    14367966,    000h 00m 03.393s,    003h 59m 27.966s
4243,    3456,    14371422,    000h 00m 03.456s,    003h 59m 31.422s
4244,    3381,    14374803,    000h 00m 03.381s,    003h 59m 34.803s
4245,    3380,    14378183,    000h 00m 03.380s,    003h 59m 38.183s
4246,    3386,    14381569,    000h 00m 03.386s,    003h 59m 41.569s
4247,    3385,    14384954,    000h 00m 03.385s,    003h 59m 44.954s
4248,    3394,    14388348,    000h 00m 03.394s,    003h 59m 48.348s
4249,    3380,    14391728,    000h 00m 03.380s,    003h 59m 51.728s
4250,    3389,    14395117,    000h 00m 03.389s,    003h 59m 55.117s
4251,    3385,    14398502,    000h 00m 03.385s,    003h 59m 58.502s
4252,    3377,    14401879,    000h 00m 03.377s,    004h 00m 01.879s
4253,    3375,    14405254,    000h 00m 03.375s,    004h 00m 05.254s
4254,    3391,    14408645,    000h 00m 03.391s,    004h 00m 08.645s
4255,    3386,    14412031,    000h 00m 03.386s,    004h 00m 12.031s
4256,    3393,    14415424,    000h 00m 03.393s,    004h 00m 15.424s
4257,    3385,    14418809,    000h 00m 03.385s,    004h 00m 18.809s
4258,    3386,    14422195,    000h 00m 03.386s,    004h 00m 22.195s
4259,    3390,    14425585,    000h 00m 03.390s,    004h 00m 25.585s
4260,    3400,    14428985,    000h 00m 03.400s,    004h 00m 28.985s
4261,    3376,    14432361,    000h 00m 03.376s,    004h 00m 32.361s
4262,    3381,    14435742,    000h 00m 03.381s,    004h 00m 35.742s
4263,    3368,    14439110,    000h 00m 03.368s,    004h 00m 39.110s
4264,    3393,    14442503,    000h 00m 03.393s,    004h 00m 42.503s
4265,    3393,    14445896,    000h 00m 03.393s,    004h 00m 45.896s
4266,    3376,    14449272,    000h 00m 03.376s,    004h 00m 49.272s
4267,    3381,    14452653,    000h 00m 03.381s,    004h 00m 52.653s
4268,    3389,    14456042,    000h 00m 03.389s,    004h 00m 56.042s
4269,    3388,    14459430,    000h 00m 03.388s,    004h 00m 59.430s
4270,    3378,    14462808,    000h 00m 03.378s,    004h 01m 02.808s
4271,    3386,    14466194,    000h 00m 03.386s,    004h 01m 06.194s
4272,    3388,    14469582,    000h 00m 03.388s,    004h 01m 09.582s
4273,    3386,    14472968,    000h 00m 03.386s,    004h 01m 12.968s
4274,    3386,    14476354,    000h 00m 03.386s,    004h 01m 16.354s
4275,    3381,    14479735,    000h 00m 03.381s,    004h 01m 19.735s
4276,    3383,    14483118,    000h 00m 03.383s,    004h 01m 23.118s
4277,    3387,    14486505,    000h 00m 03.387s,    004h 01m 26.505s
4278,    3391,    14489896,    000h 00m 03.391s,    004h 01m 29.896s
4279,    3379,    14493275,    000h 00m 03.379s,    004h 01m 33.275s
4280,    3383,    14496658,    000h 00m 03.383s,    004h 01m 36.658s
4281,    3380,    14500038,    000h 00m 03.380s,    004h 01m 40.038s
4282,    3430,    14503468,    000h 00m 03.430s,    004h 01m 43.468s
4283,    3399,    14506867,    000h 00m 03.399s,    004h 01m 46.867s
4284,    3379,    14510246,    000h 00m 03.379s,    004h 01m 50.246s
4285,    3386,    14513632,    000h 00m 03.386s,    004h 01m 53.632s
4286,    3388,    14517020,    000h 00m 03.388s,    004h 01m 57.020s
4287,    3382,    14520402,    000h 00m 03.382s,    004h 02m 00.402s
4288,    3385,    14523787,    000h 00m 03.385s,    004h 02m 03.787s
4289,    3402,    14527189,    000h 00m 03.402s,    004h 02m 07.189s
4290,    3388,    14530577,    000h 00m 03.388s,    004h 02m 10.577s
4291,    3397,    14533974,    000h 00m 03.397s,    004h 02m 13.974s
4292,    3384,    14537358,    000h 00m 03.384s,    004h 02m 17.358s
4293,    3383,    14540741,    000h 00m 03.383s,    004h 02m 20.741s
4294,    3387,    14544128,    000h 00m 03.387s,    004h 02m 24.128s
4295,    3385,    14547513,    000h 00m 03.385s,    004h 02m 27.513s
4296,    3371,    14550884,    000h 00m 03.371s,    004h 02m 30.884s
4297,    3375,    14554259,    000h 00m 03.375s,    004h 02m 34.259s
4298,    3390,    14557649,    000h 00m 03.390s,    004h 02m 37.649s
4299,    3378,    14561027,    000h 00m 03.378s,    004h 02m 41.027s
4300,    3381,    14564408,    000h 00m 03.381s,    004h 02m 44.408s
4301,    3390,    14567798,    000h 00m 03.390s,    004h 02m 47.798s
4302,    3384,    14571182,    000h 00m 03.384s,    004h 02m 51.182s
4303,    3376,    14574558,    000h 00m 03.376s,    004h 02m 54.558s
4304,    3388,    14577946,    000h 00m 03.388s,    004h 02m 57.946s
4305,    3380,    14581326,    000h 00m 03.380s,    004h 03m 01.326s
4306,    3380,    14584706,    000h 00m 03.380s,    004h 03m 04.706s
4307,    3405,    14588111,    000h 00m 03.405s,    004h 03m 08.111s
4308,    3388,    14591499,    000h 00m 03.388s,    004h 03m 11.499s
4309,    3390,    14594889,    000h 00m 03.390s,    004h 03m 14.889s
4310,    3379,    14598268,    000h 00m 03.379s,    004h 03m 18.268s
4311,    3381,    14601649,    000h 00m 03.381s,    004h 03m 21.649s
4312,    3374,    14605023,    000h 00m 03.374s,    004h 03m 25.023s
4313,    3382,    14608405,    000h 00m 03.382s,    004h 03m 28.405s
4314,    3382,    14611787,    000h 00m 03.382s,    004h 03m 31.787s
4315,    3370,    14615157,    000h 00m 03.370s,    004h 03m 35.157s
4316,    3388,    14618545,    000h 00m 03.388s,    004h 03m 38.545s
4317,    3386,    14621931,    000h 00m 03.386s,    004h 03m 41.931s
4318,    3377,    14625308,    000h 00m 03.377s,    004h 03m 45.308s
4319,    3383,    14628691,    000h 00m 03.383s,    004h 03m 48.691s
4320,    3386,    14632077,    000h 00m 03.386s,    004h 03m 52.077s
4321,    3378,    14635455,    000h 00m 03.378s,    004h 03m 55.455s
4322,    3382,    14638837,    000h 00m 03.382s,    004h 03m 58.837s
4323,    3382,    14642219,    000h 00m 03.382s,    004h 04m 02.219s
4324,    3394,    14645613,    000h 00m 03.394s,    004h 04m 05.613s
4325,    3393,    14649006,    000h 00m 03.393s,    004h 04m 09.006s
4326,    3391,    14652397,    000h 00m 03.391s,    004h 04m 12.397s
4327,    3385,    14655782,    000h 00m 03.385s,    004h 04m 15.782s
4328,    3383,    14659165,    000h 00m 03.383s,    004h 04m 19.165s
4329,    3372,    14662537,    000h 00m 03.372s,    004h 04m 22.537s
4330,    3387,    14665924,    000h 00m 03.387s,    004h 04m 25.924s
4331,    3385,    14669309,    000h 00m 03.385s,    004h 04m 29.309s
4332,    3381,    14672690,    000h 00m 03.381s,    004h 04m 32.690s
4333,    3380,    14676070,    000h 00m 03.380s,    004h 04m 36.070s
4334,    3375,    14679445,    000h 00m 03.375s,    004h 04m 39.445s
4335,    3392,    14682837,    000h 00m 03.392s,    004h 04m 42.837s
4336,    3386,    14686223,    000h 00m 03.386s,    004h 04m 46.223s
4337,    3375,    14689598,    000h 00m 03.375s,    004h 04m 49.598s
4338,    3393,    14692991,    000h 00m 03.393s,    004h 04m 52.991s
4339,    3375,    14696366,    000h 00m 03.375s,    004h 04m 56.366s
4340,    3373,    14699739,    000h 00m 03.373s,    004h 04m 59.739s
4341,    3386,    14703125,    000h 00m 03.386s,    004h 05m 03.125s
4342,    3388,    14706513,    000h 00m 03.388s,    004h 05m 06.513s
4343,    3394,    14709907,    000h 00m 03.394s,    004h 05m 09.907s
4344,    3385,    14713292,    000h 00m 03.385s,    004h 05m 13.292s
4345,    3390,    14716682,    000h 00m 03.390s,    004h 05m 16.682s
4346,    3393,    14720075,    000h 00m 03.393s,    004h 05m 20.075s
4347,    3391,    14723466,    000h 00m 03.391s,    004h 05m 23.466s
4348,    3379,    14726845,    000h 00m 03.379s,    004h 05m 26.845s
4349,    3391,    14730236,    000h 00m 03.391s,    004h 05m 30.236s
4350,    3384,    14733620,    000h 00m 03.384s,    004h 05m 33.620s
4351,    3387,    14737007,    000h 00m 03.387s,    004h 05m 37.007s
4352,    3382,    14740389,    000h 00m 03.382s,    004h 05m 40.389s
4353,    3386,    14743775,    000h 00m 03.386s,    004h 05m 43.775s
4354,    3383,    14747158,    000h 00m 03.383s,    004h 05m 47.158s
4355,    3388,    14750546,    000h 00m 03.388s,    004h 05m 50.546s
4356,    3399,    14753945,    000h 00m 03.399s,    004h 05m 53.945s
4357,    3380,    14757325,    000h 00m 03.380s,    004h 05m 57.325s
4358,    3378,    14760703,    000h 00m 03.378s,    004h 06m 00.703s
4359,    3386,    14764089,    000h 00m 03.386s,    004h 06m 04.089s
4360,    3384,    14767473,    000h 00m 03.384s,    004h 06m 07.473s
4361,    3382,    14770855,    000h 00m 03.382s,    004h 06m 10.855s
4362,    3390,    14774245,    000h 00m 03.390s,    004h 06m 14.245s
4363,    3387,    14777632,    000h 00m 03.387s,    004h 06m 17.632s
4364,    3376,    14781008,    000h 00m 03.376s,    004h 06m 21.008s
4365,    3385,    14784393,    000h 00m 03.385s,    004h 06m 24.393s
4366,    3380,    14787773,    000h 00m 03.380s,    004h 06m 27.773s
4367,    3390,    14791163,    000h 00m 03.390s,    004h 06m 31.163s
4368,    3384,    14794547,    000h 00m 03.384s,    004h 06m 34.547s
4369,    3378,    14797925,    000h 00m 03.378s,    004h 06m 37.925s
4370,    3380,    14801305,    000h 00m 03.380s,    004h 06m 41.305s
4371,    3384,    14804689,    000h 00m 03.384s,    004h 06m 44.689s
4372,    3377,    14808066,    000h 00m 03.377s,    004h 06m 48.066s
4373,    3375,    14811441,    000h 00m 03.375s,    004h 06m 51.441s
4374,    3388,    14814829,    000h 00m 03.388s,    004h 06m 54.829s
4375,    3374,    14818203,    000h 00m 03.374s,    004h 06m 58.203s
4376,    3380,    14821583,    000h 00m 03.380s,    004h 07m 01.583s
4377,    3382,    14824965,    000h 00m 03.382s,    004h 07m 04.965s
4378,    3394,    14828359,    000h 00m 03.394s,    004h 07m 08.359s
4379,    3385,    14831744,    000h 00m 03.385s,    004h 07m 11.744s
4380,    3382,    14835126,    000h 00m 03.382s,    004h 07m 15.126s
4381,    3388,    14838514,    000h 00m 03.388s,    004h 07m 18.514s
4382,    3371,    14841885,    000h 00m 03.371s,    004h 07m 21.885s
4383,    3378,    14845263,    000h 00m 03.378s,    004h 07m 25.263s
4384,    3382,    14848645,    000h 00m 03.382s,    004h 07m 28.645s
4385,    3380,    14852025,    000h 00m 03.380s,    004h 07m 32.025s
4386,    3395,    14855420,    000h 00m 03.395s,    004h 07m 35.420s
4387,    3377,    14858797,    000h 00m 03.377s,    004h 07m 38.797s
4388,    3390,    14862187,    000h 00m 03.390s,    004h 07m 42.187s
4389,    3395,    14865582,    000h 00m 03.395s,    004h 07m 45.582s
4390,    3385,    14868967,    000h 00m 03.385s,    004h 07m 48.967s
4391,    3386,    14872353,    000h 00m 03.386s,    004h 07m 52.353s
4392,    3403,    14875756,    000h 00m 03.403s,    004h 07m 55.756s
4393,    3381,    14879137,    000h 00m 03.381s,    004h 07m 59.137s
4394,    3385,    14882522,    000h 00m 03.385s,    004h 08m 02.522s
4395,    3379,    14885901,    000h 00m 03.379s,    004h 08m 05.901s
4396,    3389,    14889290,    000h 00m 03.389s,    004h 08m 09.290s
4397,    3390,    14892680,    000h 00m 03.390s,    004h 08m 12.680s
4398,    3374,    14896054,    000h 00m 03.374s,    004h 08m 16.054s
4399,    3381,    14899435,    000h 00m 03.381s,    004h 08m 19.435s
4400,    3381,    14902816,    000h 00m 03.381s,    004h 08m 22.816s
4401,    3371,    14906187,    000h 00m 03.371s,    004h 08m 26.187s
4402,    3384,    14909571,    000h 00m 03.384s,    004h 08m 29.571s
4403,    3374,    14912945,    000h 00m 03.374s,    004h 08m 32.945s
4404,    3376,    14916321,    000h 00m 03.376s,    004h 08m 36.321s
4405,    3385,    14919706,    000h 00m 03.385s,    004h 08m 39.706s
4406,    3382,    14923088,    000h 00m 03.382s,    004h 08m 43.088s
4407,    3381,    14926469,    000h 00m 03.381s,    004h 08m 46.469s
4408,    3384,    14929853,    000h 00m 03.384s,    004h 08m 49.853s
4409,    3389,    14933242,    000h 00m 03.389s,    004h 08m 53.242s
4410,    3377,    14936619,    000h 00m 03.377s,    004h 08m 56.619s
4411,    3378,    14939997,    000h 00m 03.378s,    004h 08m 59.997s
4412,    3386,    14943383,    000h 00m 03.386s,    004h 09m 03.383s
4413,    3380,    14946763,    000h 00m 03.380s,    004h 09m 06.763s
4414,    3410,    14950173,    000h 00m 03.410s,    004h 09m 10.173s
4415,    3386,    14953559,    000h 00m 03.386s,    004h 09m 13.559s
4416,    3387,    14956946,    000h 00m 03.387s,    004h 09m 16.946s
4417,    3389,    14960335,    000h 00m 03.389s,    004h 09m 20.335s
4418,    3392,    14963727,    000h 00m 03.392s,    004h 09m 23.727s
4419,    3389,    14967116,    000h 00m 03.389s,    004h 09m 27.116s
4420,    3381,    14970497,    000h 00m 03.381s,    004h 09m 30.497s
4421,    3389,    14973886,    000h 00m 03.389s,    004h 09m 33.886s
4422,    3379,    14977265,    000h 00m 03.379s,    004h 09m 37.265s
4423,    3386,    14980651,    000h 00m 03.386s,    004h 09m 40.651s
4424,    3390,    14984041,    000h 00m 03.390s,    004h 09m 44.041s
4425,    3388,    14987429,    000h 00m 03.388s,    004h 09m 47.429s
4426,    3386,    14990815,    000h 00m 03.386s,    004h 09m 50.815s
4427,    3398,    14994213,    000h 00m 03.398s,    004h 09m 54.213s
4428,    3369,    14997582,    000h 00m 03.369s,    004h 09m 57.582s
4429,    3384,    15000966,    000h 00m 03.384s,    004h 10m 00.966s
4430,    3374,    15004340,    000h 00m 03.374s,    004h 10m 04.340s
4431,    3393,    15007733,    000h 00m 03.393s,    004h 10m 07.733s
4432,    3383,    15011116,    000h 00m 03.383s,    004h 10m 11.116s
4433,    3400,    15014516,    000h 00m 03.400s,    004h 10m 14.516s
4434,    3452,    15017968,    000h 00m 03.452s,    004h 10m 17.968s
4435,    3381,    15021349,    000h 00m 03.381s,    004h 10m 21.349s
4436,    3379,    15024728,    000h 00m 03.379s,    004h 10m 24.728s
4437,    3382,    15028110,    000h 00m 03.382s,    004h 10m 28.110s
4438,    3377,    15031487,    000h 00m 03.377s,    004h 10m 31.487s
4439,    3388,    15034875,    000h 00m 03.388s,    004h 10m 34.875s
4440,    3384,    15038259,    000h 00m 03.384s,    004h 10m 38.259s
4441,    3390,    15041649,    000h 00m 03.390s,    004h 10m 41.649s
4442,    3383,    15045032,    000h 00m 03.383s,    004h 10m 45.032s
4443,    3376,    15048408,    000h 00m 03.376s,    004h 10m 48.408s
4444,    3382,    15051790,    000h 00m 03.382s,    004h 10m 51.790s
4445,    3383,    15055173,    000h 00m 03.383s,    004h 10m 55.173s
4446,    3376,    15058549,    000h 00m 03.376s,    004h 10m 58.549s
4447,    3378,    15061927,    000h 00m 03.378s,    004h 11m 01.927s
4448,    3395,    15065322,    000h 00m 03.395s,    004h 11m 05.322s
4449,    3409,    15068731,    000h 00m 03.409s,    004h 11m 08.731s
4450,    3400,    15072131,    000h 00m 03.400s,    004h 11m 12.131s
4451,    3382,    15075513,    000h 00m 03.382s,    004h 11m 15.513s
4452,    3380,    15078893,    000h 00m 03.380s,    004h 11m 18.893s
4453,    3382,    15082275,    000h 00m 03.382s,    004h 11m 22.275s
4454,    3380,    15085655,    000h 00m 03.380s,    004h 11m 25.655s
4455,    3388,    15089043,    000h 00m 03.388s,    004h 11m 29.043s
4456,    3387,    15092430,    000h 00m 03.387s,    004h 11m 32.430s
4457,    3379,    15095809,    000h 00m 03.379s,    004h 11m 35.809s
4458,    3384,    15099193,    000h 00m 03.384s,    004h 11m 39.193s
4459,    3383,    15102576,    000h 00m 03.383s,    004h 11m 42.576s
4460,    3393,    15105969,    000h 00m 03.393s,    004h 11m 45.969s
4461,    3371,    15109340,    000h 00m 03.371s,    004h 11m 49.340s
4462,    3381,    15112721,    000h 00m 03.381s,    004h 11m 52.721s
4463,    3387,    15116108,    000h 00m 03.387s,    004h 11m 56.108s
4464,    3381,    15119489,    000h 00m 03.381s,    004h 11m 59.489s
4465,    3380,    15122869,    000h 00m 03.380s,    004h 12m 02.869s
4466,    3385,    15126254,    000h 00m 03.385s,    004h 12m 06.254s
4467,    3390,    15129644,    000h 00m 03.390s,    004h 12m 09.644s
4468,    3390,    15133034,    000h 00m 03.390s,    004h 12m 13.034s
4469,    3384,    15136418,    000h 00m 03.384s,    004h 12m 16.418s
4470,    3382,    15139800,    000h 00m 03.382s,    004h 12m 19.800s
4471,    3387,    15143187,    000h 00m 03.387s,    004h 12m 23.187s
4472,    3386,    15146573,    000h 00m 03.386s,    004h 12m 26.573s
4473,    3380,    15149953,    000h 00m 03.380s,    004h 12m 29.953s
4474,    3382,    15153335,    000h 00m 03.382s,    004h 12m 33.335s
4475,    3381,    15156716,    000h 00m 03.381s,    004h 12m 36.716s
4476,    3389,    15160105,    000h 00m 03.389s,    004h 12m 40.105s
4477,    3390,    15163495,    000h 00m 03.390s,    004h 12m 43.495s
4478,    3384,    15166879,    000h 00m 03.384s,    004h 12m 46.879s
4479,    3391,    15170270,    000h 00m 03.391s,    004h 12m 50.270s
4480,    3375,    15173645,    000h 00m 03.375s,    004h 12m 53.645s
4481,    3382,    15177027,    000h 00m 03.382s,    004h 12m 57.027s
4482,    3373,    15180400,    000h 00m 03.373s,    004h 13m 00.400s
4483,    3383,    15183783,    000h 00m 03.383s,    004h 13m 03.783s
4484,    3390,    15187173,    000h 00m 03.390s,    004h 13m 07.173s
4485,    3398,    15190571,    000h 00m 03.398s,    004h 13m 10.571s
4486,    3389,    15193960,    000h 00m 03.389s,    004h 13m 13.960s
4487,    3380,    15197340,    000h 00m 03.380s,    004h 13m 17.340s
4488,    3386,    15200726,    000h 00m 03.386s,    004h 13m 20.726s
4489,    3385,    15204111,    000h 00m 03.385s,    004h 13m 24.111s
4490,    3381,    15207492,    000h 00m 03.381s,    004h 13m 27.492s
4491,    3381,    15210873,    000h 00m 03.381s,    004h 13m 30.873s
4492,    3380,    15214253,    000h 00m 03.380s,    004h 13m 34.253s
4493,    3380,    15217633,    000h 00m 03.380s,    004h 13m 37.633s
4494,    3384,    15221017,    000h 00m 03.384s,    004h 13m 41.017s
4495,    3385,    15224402,    000h 00m 03.385s,    004h 13m 44.402s
4496,    3387,    15227789,    000h 00m 03.387s,    004h 13m 47.789s
4497,    3380,    15231169,    000h 00m 03.380s,    004h 13m 51.169s
4498,    3393,    15234562,    000h 00m 03.393s,    004h 13m 54.562s
4499,    3387,    15237949,    000h 00m 03.387s,    004h 13m 57.949s
4500,    3379,    15241328,    000h 00m 03.379s,    004h 14m 01.328s
4501,    3387,    15244715,    000h 00m 03.387s,    004h 14m 04.715s
4502,    3389,    15248104,    000h 00m 03.389s,    004h 14m 08.104s
4503,    3385,    15251489,    000h 00m 03.385s,    004h 14m 11.489s
4504,    3388,    15254877,    000h 00m 03.388s,    004h 14m 14.877s
4505,    3373,    15258250,    000h 00m 03.373s,    004h 14m 18.250s
4506,    3390,    15261640,    000h 00m 03.390s,    004h 14m 21.640s
4507,    3381,    15265021,    000h 00m 03.381s,    004h 14m 25.021s
4508,    3385,    15268406,    000h 00m 03.385s,    004h 14m 28.406s
4509,    3380,    15271786,    000h 00m 03.380s,    004h 14m 31.786s
4510,    3380,    15275166,    000h 00m 03.380s,    004h 14m 35.166s
4511,    3392,    15278558,    000h 00m 03.392s,    004h 14m 38.558s
4512,    3394,    15281952,    000h 00m 03.394s,    004h 14m 41.952s
4513,    3386,    15285338,    000h 00m 03.386s,    004h 14m 45.338s
4514,    3381,    15288719,    000h 00m 03.381s,    004h 14m 48.719s
4515,    3388,    15292107,    000h 00m 03.388s,    004h 14m 52.107s
4516,    3384,    15295491,    000h 00m 03.384s,    004h 14m 55.491s
4517,    3381,    15298872,    000h 00m 03.381s,    004h 14m 58.872s
4518,    3380,    15302252,    000h 00m 03.380s,    004h 15m 02.252s
4519,    3392,    15305644,    000h 00m 03.392s,    004h 15m 05.644s
4520,    3396,    15309040,    000h 00m 03.396s,    004h 15m 09.040s
4521,    3388,    15312428,    000h 00m 03.388s,    004h 15m 12.428s
4522,    3385,    15315813,    000h 00m 03.385s,    004h 15m 15.813s
4523,    3387,    15319200,    000h 00m 03.387s,    004h 15m 19.200s
4524,    3371,    15322571,    000h 00m 03.371s,    004h 15m 22.571s
4525,    3387,    15325958,    000h 00m 03.387s,    004h 15m 25.958s
4526,    3386,    15329344,    000h 00m 03.386s,    004h 15m 29.344s
4527,    3378,    15332722,    000h 00m 03.378s,    004h 15m 32.722s
4528,    3382,    15336104,    000h 00m 03.382s,    004h 15m 36.104s
4529,    3383,    15339487,    000h 00m 03.383s,    004h 15m 39.487s
4530,    3387,    15342874,    000h 00m 03.387s,    004h 15m 42.874s
4531,    3384,    15346258,    000h 00m 03.384s,    004h 15m 46.258s
4532,    3384,    15349642,    000h 00m 03.384s,    004h 15m 49.642s
4533,    3381,    15353023,    000h 00m 03.381s,    004h 15m 53.023s
4534,    3383,    15356406,    000h 00m 03.383s,    004h 15m 56.406s
4535,    3391,    15359797,    000h 00m 03.391s,    004h 15m 59.797s
4536,    3376,    15363173,    000h 00m 03.376s,    004h 16m 03.173s
4537,    3383,    15366556,    000h 00m 03.383s,    004h 16m 06.556s
4538,    3388,    15369944,    000h 00m 03.388s,    004h 16m 09.944s
4539,    3387,    15373331,    000h 00m 03.387s,    004h 16m 13.331s
4540,    3374,    15376705,    000h 00m 03.374s,    004h 16m 16.705s
4541,    3378,    15380083,    000h 00m 03.378s,    004h 16m 20.083s
4542,    3386,    15383469,    000h 00m 03.386s,    004h 16m 23.469s
4543,    3376,    15386845,    000h 00m 03.376s,    004h 16m 26.845s
4544,    3405,    15390250,    000h 00m 03.405s,    004h 16m 30.250s
4545,    3392,    15393642,    000h 00m 03.392s,    004h 16m 33.642s
4546,    3378,    15397020,    000h 00m 03.378s,    004h 16m 37.020s
4547,    3375,    15400395,    000h 00m 03.375s,    004h 16m 40.395s
4548,    3380,    15403775,    000h 00m 03.380s,    004h 16m 43.775s
4549,    3390,    15407165,    000h 00m 03.390s,    004h 16m 47.165s
4550,    3374,    15410539,    000h 00m 03.374s,    004h 16m 50.539s
4551,    3377,    15413916,    000h 00m 03.377s,    004h 16m 53.916s
4552,    3378,    15417294,    000h 00m 03.378s,    004h 16m 57.294s
4553,    3372,    15420666,    000h 00m 03.372s,    004h 17m 00.666s
4554,    3386,    15424052,    000h 00m 03.386s,    004h 17m 04.052s
4555,    3385,    15427437,    000h 00m 03.385s,    004h 17m 07.437s
4556,    3395,    15430832,    000h 00m 03.395s,    004h 17m 10.832s
4557,    3391,    15434223,    000h 00m 03.391s,    004h 17m 14.223s
4558,    3391,    15437614,    000h 00m 03.391s,    004h 17m 17.614s
4559,    3382,    15440996,    000h 00m 03.382s,    004h 17m 20.996s
4560,    3378,    15444374,    000h 00m 03.378s,    004h 17m 24.374s
4561,    3380,    15447754,    000h 00m 03.380s,    004h 17m 27.754s
4562,    3382,    15451136,    000h 00m 03.382s,    004h 17m 31.136s
4563,    3372,    15454508,    000h 00m 03.372s,    004h 17m 34.508s
4564,    3392,    15457900,    000h 00m 03.392s,    004h 17m 37.900s
4565,    3380,    15461280,    000h 00m 03.380s,    004h 17m 41.280s
4566,    3383,    15464663,    000h 00m 03.383s,    004h 17m 44.663s
4567,    3384,    15468047,    000h 00m 03.384s,    004h 17m 48.047s
4568,    3382,    15471429,    000h 00m 03.382s,    004h 17m 51.429s
4569,    3381,    15474810,    000h 00m 03.381s,    004h 17m 54.810s
4570,    3383,    15478193,    000h 00m 03.383s,    004h 17m 58.193s
4571,    3409,    15481602,    000h 00m 03.409s,    004h 18m 01.602s
4572,    3387,    15484989,    000h 00m 03.387s,    004h 18m 04.989s
4573,    3392,    15488381,    000h 00m 03.392s,    004h 18m 08.381s
4574,    3387,    15491768,    000h 00m 03.387s,    004h 18m 11.768s
4575,    3379,    15495147,    000h 00m 03.379s,    004h 18m 15.147s
4576,    3376,    15498523,    000h 00m 03.376s,    004h 18m 18.523s
4577,    3379,    15501902,    000h 00m 03.379s,    004h 18m 21.902s
4578,    3384,    15505286,    000h 00m 03.384s,    004h 18m 25.286s
4579,    3375,    15508661,    000h 00m 03.375s,    004h 18m 28.661s
4580,    3371,    15512032,    000h 00m 03.371s,    004h 18m 32.032s
4581,    3389,    15515421,    000h 00m 03.389s,    004h 18m 35.421s
4582,    3374,    15518795,    000h 00m 03.374s,    004h 18m 38.795s
4583,    3385,    15522180,    000h 00m 03.385s,    004h 18m 42.180s
4584,    3371,    15525551,    000h 00m 03.371s,    004h 18m 45.551s
4585,    3372,    15528923,    000h 00m 03.372s,    004h 18m 48.923s
4586,    3378,    15532301,    000h 00m 03.378s,    004h 18m 52.301s
4587,    3385,    15535686,    000h 00m 03.385s,    004h 18m 55.686s
4588,    3379,    15539065,    000h 00m 03.379s,    004h 18m 59.065s
4589,    3389,    15542454,    000h 00m 03.389s,    004h 19m 02.454s
4590,    3379,    15545833,    000h 00m 03.379s,    004h 19m 05.833s
4591,    3398,    15549231,    000h 00m 03.398s,    004h 19m 09.231s
4592,    3380,    15552611,    000h 00m 03.380s,    004h 19m 12.611s
4593,    3380,    15555991,    000h 00m 03.380s,    004h 19m 15.991s
4594,    3380,    15559371,    000h 00m 03.380s,    004h 19m 19.371s
4595,    3381,    15562752,    000h 00m 03.381s,    004h 19m 22.752s
4596,    3379,    15566131,    000h 00m 03.379s,    004h 19m 26.131s
4597,    3385,    15569516,    000h 00m 03.385s,    004h 19m 29.516s
4598,    3394,    15572910,    000h 00m 03.394s,    004h 19m 32.910s
4599,    3375,    15576285,    000h 00m 03.375s,    004h 19m 36.285s
4600,    3387,    15579672,    000h 00m 03.387s,    004h 19m 39.672s
4601,    3384,    15583056,    000h 00m 03.384s,    004h 19m 43.056s
4602,    3374,    15586430,    000h 00m 03.374s,    004h 19m 46.430s
4603,    3381,    15589811,    000h 00m 03.381s,    004h 19m 49.811s
4604,    3377,    15593188,    000h 00m 03.377s,    004h 19m 53.188s
4605,    3388,    15596576,    000h 00m 03.388s,    004h 19m 56.576s
4606,    3381,    15599957,    000h 00m 03.381s,    004h 19m 59.957s
4607,    3384,    15603341,    000h 00m 03.384s,    004h 20m 03.341s
4608,    3376,    15606717,    000h 00m 03.376s,    004h 20m 06.717s
4609,    3391,    15610108,    000h 00m 03.391s,    004h 20m 10.108s
4610,    3385,    15613493,    000h 00m 03.385s,    004h 20m 13.493s
4611,    3379,    15616872,    000h 00m 03.379s,    004h 20m 16.872s
4612,    3383,    15620255,    000h 00m 03.383s,    004h 20m 20.255s
4613,    3385,    15623640,    000h 00m 03.385s,    004h 20m 23.640s
4614,    3378,    15627018,    000h 00m 03.378s,    004h 20m 27.018s
4615,    3381,    15630399,    000h 00m 03.381s,    004h 20m 30.399s
4616,    3382,    15633781,    000h 00m 03.382s,    004h 20m 33.781s
4617,    3375,    15637156,    000h 00m 03.375s,    004h 20m 37.156s
4618,    3381,    15640537,    000h 00m 03.381s,    004h 20m 40.537s
4619,    3394,    15643931,    000h 00m 03.394s,    004h 20m 43.931s
4620,    3382,    15647313,    000h 00m 03.382s,    004h 20m 47.313s
4621,    3387,    15650700,    000h 00m 03.387s,    004h 20m 50.700s
4622,    3371,    15654071,    000h 00m 03.371s,    004h 20m 54.071s
4623,    3386,    15657457,    000h 00m 03.386s,    004h 20m 57.457s
4624,    3385,    15660842,    000h 00m 03.385s,    004h 21m 00.842s
4625,    3378,    15664220,    000h 00m 03.378s,    004h 21m 04.220s
4626,    3380,    15667600,    000h 00m 03.380s,    004h 21m 07.600s
4627,    3395,    15670995,    000h 00m 03.395s,    004h 21m 10.995s
4628,    3381,    15674376,    000h 00m 03.381s,    004h 21m 14.376s
4629,    3372,    15677748,    000h 00m 03.372s,    004h 21m 17.748s
4630,    3383,    15681131,    000h 00m 03.383s,    004h 21m 21.131s
4631,    3387,    15684518,    000h 00m 03.387s,    004h 21m 24.518s
4632,    3380,    15687898,    000h 00m 03.380s,    004h 21m 27.898s
4633,    3372,    15691270,    000h 00m 03.372s,    004h 21m 31.270s
4634,    3385,    15694655,    000h 00m 03.385s,    004h 21m 34.655s
4635,    3382,    15698037,    000h 00m 03.382s,    004h 21m 38.037s
4636,    3382,    15701419,    000h 00m 03.382s,    004h 21m 41.419s
4637,    3382,    15704801,    000h 00m 03.382s,    004h 21m 44.801s
4638,    3404,    15708205,    000h 00m 03.404s,    004h 21m 48.205s
4639,    3379,    15711584,    000h 00m 03.379s,    004h 21m 51.584s
4640,    3396,    15714980,    000h 00m 03.396s,    004h 21m 54.980s
4641,    3374,    15718354,    000h 00m 03.374s,    004h 21m 58.354s
4642,    3383,    15721737,    000h 00m 03.383s,    004h 22m 01.737s
4643,    3382,    15725119,    000h 00m 03.382s,    004h 22m 05.119s
4644,    3392,    15728511,    000h 00m 03.392s,    004h 22m 08.511s
4645,    3386,    15731897,    000h 00m 03.386s,    004h 22m 11.897s
4646,    3382,    15735279,    000h 00m 03.382s,    004h 22m 15.279s
4647,    3372,    15738651,    000h 00m 03.372s,    004h 22m 18.651s
4648,    3374,    15742025,    000h 00m 03.374s,    004h 22m 22.025s
4649,    3386,    15745411,    000h 00m 03.386s,    004h 22m 25.411s
4650,    3380,    15748791,    000h 00m 03.380s,    004h 22m 28.791s
4651,    3375,    15752166,    000h 00m 03.375s,    004h 22m 32.166s
4652,    3377,    15755543,    000h 00m 03.377s,    004h 22m 35.543s
4653,    3375,    15758918,    000h 00m 03.375s,    004h 22m 38.918s
4654,    3385,    15762303,    000h 00m 03.385s,    004h 22m 42.303s
4655,    3389,    15765692,    000h 00m 03.389s,    004h 22m 45.692s
4656,    3381,    15769073,    000h 00m 03.381s,    004h 22m 49.073s
4657,    3382,    15772455,    000h 00m 03.382s,    004h 22m 52.455s
4658,    3385,    15775840,    000h 00m 03.385s,    004h 22m 55.840s
4659,    3378,    15779218,    000h 00m 03.378s,    004h 22m 59.218s
4660,    3391,    15782609,    000h 00m 03.391s,    004h 23m 02.609s
4661,    3391,    15786000,    000h 00m 03.391s,    004h 23m 06.000s
4662,    3386,    15789386,    000h 00m 03.386s,    004h 23m 09.386s
4663,    3381,    15792767,    000h 00m 03.381s,    004h 23m 12.767s
4664,    3378,    15796145,    000h 00m 03.378s,    004h 23m 16.145s
4665,    3383,    15799528,    000h 00m 03.383s,    004h 23m 19.528s
4666,    3380,    15802908,    000h 00m 03.380s,    004h 23m 22.908s
4667,    3382,    15806290,    000h 00m 03.382s,    004h 23m 26.290s
4668,    3369,    15809659,    000h 00m 03.369s,    004h 23m 29.659s
4669,    3386,    15813045,    000h 00m 03.386s,    004h 23m 33.045s
4670,    3380,    15816425,    000h 00m 03.380s,    004h 23m 36.425s
4671,    3389,    15819814,    000h 00m 03.389s,    004h 23m 39.814s
4672,    3383,    15823197,    000h 00m 03.383s,    004h 23m 43.197s
4673,    3383,    15826580,    000h 00m 03.383s,    004h 23m 46.580s
4674,    3376,    15829956,    000h 00m 03.376s,    004h 23m 49.956s
4675,    3378,    15833334,    000h 00m 03.378s,    004h 23m 53.334s
4676,    3383,    15836717,    000h 00m 03.383s,    004h 23m 56.717s
4677,    3381,    15840098,    000h 00m 03.381s,    004h 24m 00.098s
4678,    3375,    15843473,    000h 00m 03.375s,    004h 24m 03.473s
4679,    3445,    15846918,    000h 00m 03.445s,    004h 24m 06.918s
4680,    3404,    15850322,    000h 00m 03.404s,    004h 24m 10.322s
4681,    3390,    15853712,    000h 00m 03.390s,    004h 24m 13.712s
4682,    3376,    15857088,    000h 00m 03.376s,    004h 24m 17.088s
4683,    3377,    15860465,    000h 00m 03.377s,    004h 24m 20.465s
4684,    3377,    15863842,    000h 00m 03.377s,    004h 24m 23.842s
4685,    3373,    15867215,    000h 00m 03.373s,    004h 24m 27.215s
4686,    3377,    15870592,    000h 00m 03.377s,    004h 24m 30.592s
4687,    3385,    15873977,    000h 00m 03.385s,    004h 24m 33.977s
4688,    3390,    15877367,    000h 00m 03.390s,    004h 24m 37.367s
4689,    3371,    15880738,    000h 00m 03.371s,    004h 24m 40.738s
4690,    3380,    15884118,    000h 00m 03.380s,    004h 24m 44.118s
4691,    3386,    15887504,    000h 00m 03.386s,    004h 24m 47.504s
4692,    3383,    15890887,    000h 00m 03.383s,    004h 24m 50.887s
4693,    3389,    15894276,    000h 00m 03.389s,    004h 24m 54.276s
4694,    3378,    15897654,    000h 00m 03.378s,    004h 24m 57.654s
4695,    3388,    15901042,    000h 00m 03.388s,    004h 25m 01.042s
4696,    3379,    15904421,    000h 00m 03.379s,    004h 25m 04.421s
4697,    3381,    15907802,    000h 00m 03.381s,    004h 25m 07.802s
4698,    3393,    15911195,    000h 00m 03.393s,    004h 25m 11.195s
4699,    3388,    15914583,    000h 00m 03.388s,    004h 25m 14.583s
4700,    3374,    15917957,    000h 00m 03.374s,    004h 25m 17.957s
4701,    3375,    15921332,    000h 00m 03.375s,    004h 25m 21.332s
4702,    3380,    15924712,    000h 00m 03.380s,    004h 25m 24.712s
4703,    3383,    15928095,    000h 00m 03.383s,    004h 25m 28.095s
4704,    3387,    15931482,    000h 00m 03.387s,    004h 25m 31.482s
4705,    3378,    15934860,    000h 00m 03.378s,    004h 25m 34.860s
4706,    3399,    15938259,    000h 00m 03.399s,    004h 25m 38.259s
4707,    3370,    15941629,    000h 00m 03.370s,    004h 25m 41.629s
4708,    3379,    15945008,    000h 00m 03.379s,    004h 25m 45.008s
4709,    3377,    15948385,    000h 00m 03.377s,    004h 25m 48.385s
4710,    3390,    15951775,    000h 00m 03.390s,    004h 25m 51.775s
4711,    3384,    15955159,    000h 00m 03.384s,    004h 25m 55.159s
4712,    3379,    15958538,    000h 00m 03.379s,    004h 25m 58.538s
4713,    3381,    15961919,    000h 00m 03.381s,    004h 26m 01.919s
4714,    3375,    15965294,    000h 00m 03.375s,    004h 26m 05.294s
4715,    3392,    15968686,    000h 00m 03.392s,    004h 26m 08.686s
4716,    3387,    15972073,    000h 00m 03.387s,    004h 26m 12.073s
4717,    3400,    15975473,    000h 00m 03.400s,    004h 26m 15.473s
4718,    3389,    15978862,    000h 00m 03.389s,    004h 26m 18.862s
4719,    3379,    15982241,    000h 00m 03.379s,    004h 26m 22.241s
4720,    3387,    15985628,    000h 00m 03.387s,    004h 26m 25.628s
4721,    3381,    15989009,    000h 00m 03.381s,    004h 26m 29.009s
4722,    3383,    15992392,    000h 00m 03.383s,    004h 26m 32.392s
4723,    3388,    15995780,    000h 00m 03.388s,    004h 26m 35.780s
4724,    3387,    15999167,    000h 00m 03.387s,    004h 26m 39.167s
4725,    3396,    16002563,    000h 00m 03.396s,    004h 26m 42.563s
4726,    3390,    16005953,    000h 00m 03.390s,    004h 26m 45.953s
4727,    3379,    16009332,    000h 00m 03.379s,    004h 26m 49.332s
4728,    3388,    16012720,    000h 00m 03.388s,    004h 26m 52.720s
4729,    3372,    16016092,    000h 00m 03.372s,    004h 26m 56.092s
4730,    3368,    16019460,    000h 00m 03.368s,    004h 26m 59.460s
4731,    3376,    16022836,    000h 00m 03.376s,    004h 27m 02.836s
4732,    3389,    16026225,    000h 00m 03.389s,    004h 27m 06.225s
4733,    3422,    16029647,    000h 00m 03.422s,    004h 27m 09.647s
4734,    3385,    16033032,    000h 00m 03.385s,    004h 27m 13.032s
4735,    3381,    16036413,    000h 00m 03.381s,    004h 27m 16.413s
4736,    3384,    16039797,    000h 00m 03.384s,    004h 27m 19.797s
4737,    3383,    16043180,    000h 00m 03.383s,    004h 27m 23.180s
4738,    3381,    16046561,    000h 00m 03.381s,    004h 27m 26.561s
4739,    3383,    16049944,    000h 00m 03.383s,    004h 27m 29.944s
4740,    3410,    16053354,    000h 00m 03.410s,    004h 27m 33.354s
4741,    3379,    16056733,    000h 00m 03.379s,    004h 27m 36.733s
4742,    3388,    16060121,    000h 00m 03.388s,    004h 27m 40.121s
4743,    3383,    16063504,    000h 00m 03.383s,    004h 27m 43.504s
4744,    3389,    16066893,    000h 00m 03.389s,    004h 27m 46.893s
4745,    3395,    16070288,    000h 00m 03.395s,    004h 27m 50.288s
4746,    3378,    16073666,    000h 00m 03.378s,    004h 27m 53.666s
4747,    3381,    16077047,    000h 00m 03.381s,    004h 27m 57.047s
4748,    3379,    16080426,    000h 00m 03.379s,    004h 28m 00.426s
4749,    3386,    16083812,    000h 00m 03.386s,    004h 28m 03.812s
4750,    3389,    16087201,    000h 00m 03.389s,    004h 28m 07.201s
4751,    3415,    16090616,    000h 00m 03.415s,    004h 28m 10.616s
4752,    3380,    16093996,    000h 00m 03.380s,    004h 28m 13.996s
4753,    3394,    16097390,    000h 00m 03.394s,    004h 28m 17.390s
4754,    3376,    16100766,    000h 00m 03.376s,    004h 28m 20.766s
4755,    3381,    16104147,    000h 00m 03.381s,    004h 28m 24.147s
4756,    3380,    16107527,    000h 00m 03.380s,    004h 28m 27.527s
4757,    3381,    16110908,    000h 00m 03.381s,    004h 28m 30.908s
4758,    3384,    16114292,    000h 00m 03.384s,    004h 28m 34.292s
4759,    3376,    16117668,    000h 00m 03.376s,    004h 28m 37.668s
4760,    3375,    16121043,    000h 00m 03.375s,    004h 28m 41.043s
4761,    3401,    16124444,    000h 00m 03.401s,    004h 28m 44.444s
4762,    3424,    16127868,    000h 00m 03.424s,    004h 28m 47.868s
4763,    3388,    16131256,    000h 00m 03.388s,    004h 28m 51.256s
4764,    3380,    16134636,    000h 00m 03.380s,    004h 28m 54.636s
4765,    3396,    16138032,    000h 00m 03.396s,    004h 28m 58.032s
4766,    3393,    16141425,    000h 00m 03.393s,    004h 29m 01.425s
4767,    3382,    16144807,    000h 00m 03.382s,    004h 29m 04.807s
4768,    3396,    16148203,    000h 00m 03.396s,    004h 29m 08.203s
4769,    3391,    16151594,    000h 00m 03.391s,    004h 29m 11.594s
4770,    3389,    16154983,    000h 00m 03.389s,    004h 29m 14.983s
4771,    3380,    16158363,    000h 00m 03.380s,    004h 29m 18.363s
4772,    3392,    16161755,    000h 00m 03.392s,    004h 29m 21.755s
4773,    3383,    16165138,    000h 00m 03.383s,    004h 29m 25.138s
4774,    3381,    16168519,    000h 00m 03.381s,    004h 29m 28.519s
4775,    3386,    16171905,    000h 00m 03.386s,    004h 29m 31.905s
4776,    3388,    16175293,    000h 00m 03.388s,    004h 29m 35.293s
4777,    3379,    16178672,    000h 00m 03.379s,    004h 29m 38.672s
4778,    3388,    16182060,    000h 00m 03.388s,    004h 29m 42.060s
4779,    3382,    16185442,    000h 00m 03.382s,    004h 29m 45.442s
4780,    3383,    16188825,    000h 00m 03.383s,    004h 29m 48.825s
4781,    3385,    16192210,    000h 00m 03.385s,    004h 29m 52.210s
4782,    3376,    16195586,    000h 00m 03.376s,    004h 29m 55.586s
4783,    3378,    16198964,    000h 00m 03.378s,    004h 29m 58.964s
4784,    3408,    16202372,    000h 00m 03.408s,    004h 30m 02.372s
4785,    3387,    16205759,    000h 00m 03.387s,    004h 30m 05.759s
4786,    3395,    16209154,    000h 00m 03.395s,    004h 30m 09.154s
4787,    3383,    16212537,    000h 00m 03.383s,    004h 30m 12.537s
4788,    3387,    16215924,    000h 00m 03.387s,    004h 30m 15.924s
4789,    3384,    16219308,    000h 00m 03.384s,    004h 30m 19.308s
4790,    3392,    16222700,    000h 00m 03.392s,    004h 30m 22.700s
4791,    3388,    16226088,    000h 00m 03.388s,    004h 30m 26.088s
4792,    3388,    16229476,    000h 00m 03.388s,    004h 30m 29.476s
4793,    3379,    16232855,    000h 00m 03.379s,    004h 30m 32.855s
4794,    3383,    16236238,    000h 00m 03.383s,    004h 30m 36.238s
4795,    3394,    16239632,    000h 00m 03.394s,    004h 30m 39.632s
4796,    3392,    16243024,    000h 00m 03.392s,    004h 30m 43.024s
4797,    3390,    16246414,    000h 00m 03.390s,    004h 30m 46.414s
4798,    3377,    16249791,    000h 00m 03.377s,    004h 30m 49.791s
4799,    3385,    16253176,    000h 00m 03.385s,    004h 30m 53.176s
4800,    3390,    16256566,    000h 00m 03.390s,    004h 30m 56.566s
4801,    3384,    16259950,    000h 00m 03.384s,    004h 30m 59.950s
4802,    3411,    16263361,    000h 00m 03.411s,    004h 31m 03.361s
4803,    3387,    16266748,    000h 00m 03.387s,    004h 31m 06.748s
4804,    3388,    16270136,    000h 00m 03.388s,    004h 31m 10.136s
4805,    3393,    16273529,    000h 00m 03.393s,    004h 31m 13.529s
4806,    3383,    16276912,    000h 00m 03.383s,    004h 31m 16.912s
4807,    3378,    16280290,    000h 00m 03.378s,    004h 31m 20.290s
4808,    3426,    16283716,    000h 00m 03.426s,    004h 31m 23.716s
4809,    3392,    16287108,    000h 00m 03.392s,    004h 31m 27.108s
4810,    3397,    16290505,    000h 00m 03.397s,    004h 31m 30.505s
4811,    3370,    16293875,    000h 00m 03.370s,    004h 31m 33.875s
4812,    3380,    16297255,    000h 00m 03.380s,    004h 31m 37.255s
4813,    3389,    16300644,    000h 00m 03.389s,    004h 31m 40.644s
4814,    3388,    16304032,    000h 00m 03.388s,    004h 31m 44.032s
4815,    3386,    16307418,    000h 00m 03.386s,    004h 31m 47.418s
4816,    3387,    16310805,    000h 00m 03.387s,    004h 31m 50.805s
4817,    3386,    16314191,    000h 00m 03.386s,    004h 31m 54.191s
4818,    3409,    16317600,    000h 00m 03.409s,    004h 31m 57.600s
4819,    3388,    16320988,    000h 00m 03.388s,    004h 32m 00.988s
4820,    3386,    16324374,    000h 00m 03.386s,    004h 32m 04.374s
4821,    3382,    16327756,    000h 00m 03.382s,    004h 32m 07.756s
4822,    3394,    16331150,    000h 00m 03.394s,    004h 32m 11.150s
4823,    3392,    16334542,    000h 00m 03.392s,    004h 32m 14.542s
4824,    3402,    16337944,    000h 00m 03.402s,    004h 32m 17.944s
4825,    3376,    16341320,    000h 00m 03.376s,    004h 32m 21.320s
4826,    3379,    16344699,    000h 00m 03.379s,    004h 32m 24.699s
4827,    3401,    16348100,    000h 00m 03.401s,    004h 32m 28.100s
4828,    3388,    16351488,    000h 00m 03.388s,    004h 32m 31.488s
4829,    3378,    16354866,    000h 00m 03.378s,    004h 32m 34.866s
4830,    3385,    16358251,    000h 00m 03.385s,    004h 32m 38.251s
4831,    3383,    16361634,    000h 00m 03.383s,    004h 32m 41.634s
4832,    3381,    16365015,    000h 00m 03.381s,    004h 32m 45.015s
4833,    3379,    16368394,    000h 00m 03.379s,    004h 32m 48.394s
4834,    3382,    16371776,    000h 00m 03.382s,    004h 32m 51.776s
4835,    3373,    16375149,    000h 00m 03.373s,    004h 32m 55.149s
4836,    3387,    16378536,    000h 00m 03.387s,    004h 32m 58.536s
4837,    3384,    16381920,    000h 00m 03.384s,    004h 33m 01.920s
4838,    3379,    16385299,    000h 00m 03.379s,    004h 33m 05.299s
4839,    3428,    16388727,    000h 00m 03.428s,    004h 33m 08.727s
4840,    3393,    16392120,    000h 00m 03.393s,    004h 33m 12.120s
4841,    3395,    16395515,    000h 00m 03.395s,    004h 33m 15.515s
4842,    3382,    16398897,    000h 00m 03.382s,    004h 33m 18.897s
4843,    3375,    16402272,    000h 00m 03.375s,    004h 33m 22.272s
4844,    3376,    16405648,    000h 00m 03.376s,    004h 33m 25.648s
4845,    3381,    16409029,    000h 00m 03.381s,    004h 33m 29.029s
4846,    3393,    16412422,    000h 00m 03.393s,    004h 33m 32.422s
4847,    3379,    16415801,    000h 00m 03.379s,    004h 33m 35.801s
4848,    3380,    16419181,    000h 00m 03.380s,    004h 33m 39.181s
4849,    3379,    16422560,    000h 00m 03.379s,    004h 33m 42.560s
4850,    3382,    16425942,    000h 00m 03.382s,    004h 33m 45.942s
4851,    3381,    16429323,    000h 00m 03.381s,    004h 33m 49.323s
4852,    3386,    16432709,    000h 00m 03.386s,    004h 33m 52.709s
4853,    3389,    16436098,    000h 00m 03.389s,    004h 33m 56.098s
4854,    3382,    16439480,    000h 00m 03.382s,    004h 33m 59.480s
4855,    3390,    16442870,    000h 00m 03.390s,    004h 34m 02.870s
4856,    3381,    16446251,    000h 00m 03.381s,    004h 34m 06.251s
4857,    3392,    16449643,    000h 00m 03.392s,    004h 34m 09.643s
4858,    3385,    16453028,    000h 00m 03.385s,    004h 34m 13.028s
4859,    3385,    16456413,    000h 00m 03.385s,    004h 34m 16.413s
4860,    3384,    16459797,    000h 00m 03.384s,    004h 34m 19.797s
4861,    3411,    16463208,    000h 00m 03.411s,    004h 34m 23.208s
4862,    3398,    16466606,    000h 00m 03.398s,    004h 34m 26.606s
4863,    3387,    16469993,    000h 00m 03.387s,    004h 34m 29.993s
4864,    3382,    16473375,    000h 00m 03.382s,    004h 34m 33.375s
4865,    3388,    16476763,    000h 00m 03.388s,    004h 34m 36.763s
4866,    3378,    16480141,    000h 00m 03.378s,    004h 34m 40.141s
4867,    3382,    16483523,    000h 00m 03.382s,    004h 34m 43.523s
4868,    3389,    16486912,    000h 00m 03.389s,    004h 34m 46.912s
4869,    3390,    16490302,    000h 00m 03.390s,    004h 34m 50.302s
4870,    3386,    16493688,    000h 00m 03.386s,    004h 34m 53.688s
4871,    3376,    16497064,    000h 00m 03.376s,    004h 34m 57.064s
4872,    3385,    16500449,    000h 00m 03.385s,    004h 35m 00.449s
4873,    3395,    16503844,    000h 00m 03.395s,    004h 35m 03.844s
4874,    3378,    16507222,    000h 00m 03.378s,    004h 35m 07.222s
4875,    3399,    16510621,    000h 00m 03.399s,    004h 35m 10.621s
4876,    3403,    16514024,    000h 00m 03.403s,    004h 35m 14.024s
4877,    3377,    16517401,    000h 00m 03.377s,    004h 35m 17.401s
4878,    3373,    16520774,    000h 00m 03.373s,    004h 35m 20.774s
4879,    3380,    16524154,    000h 00m 03.380s,    004h 35m 24.154s
4880,    3387,    16527541,    000h 00m 03.387s,    004h 35m 27.541s
4881,    3386,    16530927,    000h 00m 03.386s,    004h 35m 30.927s
4882,    3407,    16534334,    000h 00m 03.407s,    004h 35m 34.334s
4883,    3387,    16537721,    000h 00m 03.387s,    004h 35m 37.721s
4884,    3383,    16541104,    000h 00m 03.383s,    004h 35m 41.104s
4885,    3387,    16544491,    000h 00m 03.387s,    004h 35m 44.491s
4886,    3381,    16547872,    000h 00m 03.381s,    004h 35m 47.872s
4887,    3379,    16551251,    000h 00m 03.379s,    004h 35m 51.251s
4888,    3390,    16554641,    000h 00m 03.390s,    004h 35m 54.641s
4889,    3387,    16558028,    000h 00m 03.387s,    004h 35m 58.028s
4890,    3389,    16561417,    000h 00m 03.389s,    004h 36m 01.417s
4891,    3375,    16564792,    000h 00m 03.375s,    004h 36m 04.792s
4892,    3380,    16568172,    000h 00m 03.380s,    004h 36m 08.172s
4893,    3388,    16571560,    000h 00m 03.388s,    004h 36m 11.560s
4894,    3386,    16574946,    000h 00m 03.386s,    004h 36m 14.946s
4895,    3389,    16578335,    000h 00m 03.389s,    004h 36m 18.335s
4896,    3377,    16581712,    000h 00m 03.377s,    004h 36m 21.712s
4897,    3379,    16585091,    000h 00m 03.379s,    004h 36m 25.091s
4898,    3384,    16588475,    000h 00m 03.384s,    004h 36m 28.475s
4899,    3381,    16591856,    000h 00m 03.381s,    004h 36m 31.856s
4900,    3383,    16595239,    000h 00m 03.383s,    004h 36m 35.239s
4901,    3431,    16598670,    000h 00m 03.431s,    004h 36m 38.670s
4902,    3382,    16602052,    000h 00m 03.382s,    004h 36m 42.052s
4903,    3391,    16605443,    000h 00m 03.391s,    004h 36m 45.443s
4904,    3460,    16608903,    000h 00m 03.460s,    004h 36m 48.903s
4905,    3386,    16612289,    000h 00m 03.386s,    004h 36m 52.289s
4906,    3383,    16615672,    000h 00m 03.383s,    004h 36m 55.672s
4907,    3385,    16619057,    000h 00m 03.385s,    004h 36m 59.057s
4908,    3386,    16622443,    000h 00m 03.386s,    004h 37m 02.443s
4909,    3383,    16625826,    000h 00m 03.383s,    004h 37m 05.826s
4910,    3392,    16629218,    000h 00m 03.392s,    004h 37m 09.218s
4911,    3381,    16632599,    000h 00m 03.381s,    004h 37m 12.599s
4912,    3385,    16635984,    000h 00m 03.385s,    004h 37m 15.984s
4913,    3393,    16639377,    000h 00m 03.393s,    004h 37m 19.377s
4914,    3401,    16642778,    000h 00m 03.401s,    004h 37m 22.778s
4915,    3399,    16646177,    000h 00m 03.399s,    004h 37m 26.177s
4916,    3386,    16649563,    000h 00m 03.386s,    004h 37m 29.563s
4917,    3378,    16652941,    000h 00m 03.378s,    004h 37m 32.941s
4918,    3389,    16656330,    000h 00m 03.389s,    004h 37m 36.330s
4919,    3380,    16659710,    000h 00m 03.380s,    004h 37m 39.710s
4920,    3380,    16663090,    000h 00m 03.380s,    004h 37m 43.090s
4921,    3381,    16666471,    000h 00m 03.381s,    004h 37m 46.471s
4922,    3397,    16669868,    000h 00m 03.397s,    004h 37m 49.868s
4923,    3399,    16673267,    000h 00m 03.399s,    004h 37m 53.267s
4924,    3376,    16676643,    000h 00m 03.376s,    004h 37m 56.643s
4925,    3373,    16680016,    000h 00m 03.373s,    004h 38m 00.016s
4926,    3377,    16683393,    000h 00m 03.377s,    004h 38m 03.393s
4927,    3406,    16686799,    000h 00m 03.406s,    004h 38m 06.799s
4928,    3387,    16690186,    000h 00m 03.387s,    004h 38m 10.186s
4929,    3389,    16693575,    000h 00m 03.389s,    004h 38m 13.575s
4930,    3388,    16696963,    000h 00m 03.388s,    004h 38m 16.963s
4931,    3404,    16700367,    000h 00m 03.404s,    004h 38m 20.367s
4932,    3385,    16703752,    000h 00m 03.385s,    004h 38m 23.752s
4933,    3387,    16707139,    000h 00m 03.387s,    004h 38m 27.139s
4934,    3383,    16710522,    000h 00m 03.383s,    004h 38m 30.522s
4935,    3396,    16713918,    000h 00m 03.396s,    004h 38m 33.918s
4936,    3392,    16717310,    000h 00m 03.392s,    004h 38m 37.310s
4937,    3374,    16720684,    000h 00m 03.374s,    004h 38m 40.684s
4938,    3381,    16724065,    000h 00m 03.381s,    004h 38m 44.065s
4939,    3391,    16727456,    000h 00m 03.391s,    004h 38m 47.456s
4940,    3378,    16730834,    000h 00m 03.378s,    004h 38m 50.834s
4941,    3392,    16734226,    000h 00m 03.392s,    004h 38m 54.226s
4942,    3382,    16737608,    000h 00m 03.382s,    004h 38m 57.608s
4943,    3384,    16740992,    000h 00m 03.384s,    004h 39m 00.992s
4944,    3372,    16744364,    000h 00m 03.372s,    004h 39m 04.364s
4945,    3385,    16747749,    000h 00m 03.385s,    004h 39m 07.749s
4946,    3395,    16751144,    000h 00m 03.395s,    004h 39m 11.144s
4947,    3385,    16754529,    000h 00m 03.385s,    004h 39m 14.529s
4948,    3389,    16757918,    000h 00m 03.389s,    004h 39m 17.918s
4949,    3380,    16761298,    000h 00m 03.380s,    004h 39m 21.298s
4950,    3382,    16764680,    000h 00m 03.382s,    004h 39m 24.680s
4951,    3378,    16768058,    000h 00m 03.378s,    004h 39m 28.058s
4952,    3382,    16771440,    000h 00m 03.382s,    004h 39m 31.440s
4953,    3397,    16774837,    000h 00m 03.397s,    004h 39m 34.837s
4954,    3391,    16778228,    000h 00m 03.391s,    004h 39m 38.228s
4955,    3415,    16781643,    000h 00m 03.415s,    004h 39m 41.643s
4956,    3390,    16785033,    000h 00m 03.390s,    004h 39m 45.033s
4957,    3390,    16788423,    000h 00m 03.390s,    004h 39m 48.423s
4958,    3392,    16791815,    000h 00m 03.392s,    004h 39m 51.815s
4959,    3389,    16795204,    000h 00m 03.389s,    004h 39m 55.204s
4960,    3377,    16798581,    000h 00m 03.377s,    004h 39m 58.581s
4961,    3384,    16801965,    000h 00m 03.384s,    004h 40m 01.965s
4962,    3395,    16805360,    000h 00m 03.395s,    004h 40m 05.360s
4963,    3387,    16808747,    000h 00m 03.387s,    004h 40m 08.747s
4964,    3385,    16812132,    000h 00m 03.385s,    004h 40m 12.132s
4965,    3382,    16815514,    000h 00m 03.382s,    004h 40m 15.514s
4966,    3370,    16818884,    000h 00m 03.370s,    004h 40m 18.884s
4967,    3381,    16822265,    000h 00m 03.381s,    004h 40m 22.265s
4968,    3380,    16825645,    000h 00m 03.380s,    004h 40m 25.645s
4969,    3379,    16829024,    000h 00m 03.379s,    004h 40m 29.024s
4970,    3377,    16832401,    000h 00m 03.377s,    004h 40m 32.401s
4971,    3381,    16835782,    000h 00m 03.381s,    004h 40m 35.782s
4972,    3387,    16839169,    000h 00m 03.387s,    004h 40m 39.169s
4973,    3383,    16842552,    000h 00m 03.383s,    004h 40m 42.552s
4974,    3375,    16845927,    000h 00m 03.375s,    004h 40m 45.927s
4975,    3370,    16849297,    000h 00m 03.370s,    004h 40m 49.297s
4976,    3381,    16852678,    000h 00m 03.381s,    004h 40m 52.678s
4977,    3396,    16856074,    000h 00m 03.396s,    004h 40m 56.074s
4978,    3419,    16859493,    000h 00m 03.419s,    004h 40m 59.493s
4979,    3383,    16862876,    000h 00m 03.383s,    004h 41m 02.876s
4980,    3391,    16866267,    000h 00m 03.391s,    004h 41m 06.267s
4981,    3396,    16869663,    000h 00m 03.396s,    004h 41m 09.663s
4982,    3384,    16873047,    000h 00m 03.384s,    004h 41m 13.047s
4983,    3391,    16876438,    000h 00m 03.391s,    004h 41m 16.438s
4984,    3381,    16879819,    000h 00m 03.381s,    004h 41m 19.819s
4985,    3383,    16883202,    000h 00m 03.383s,    004h 41m 23.202s
4986,    3386,    16886588,    000h 00m 03.386s,    004h 41m 26.588s
4987,    3392,    16889980,    000h 00m 03.392s,    004h 41m 29.980s
4988,    3393,    16893373,    000h 00m 03.393s,    004h 41m 33.373s
4989,    3396,    16896769,    000h 00m 03.396s,    004h 41m 36.769s
4990,    3378,    16900147,    000h 00m 03.378s,    004h 41m 40.147s
4991,    3386,    16903533,    000h 00m 03.386s,    004h 41m 43.533s
4992,    3381,    16906914,    000h 00m 03.381s,    004h 41m 46.914s
4993,    3382,    16910296,    000h 00m 03.382s,    004h 41m 50.296s
4994,    3381,    16913677,    000h 00m 03.381s,    004h 41m 53.677s
4995,    3384,    16917061,    000h 00m 03.384s,    004h 41m 57.061s
4996,    3423,    16920484,    000h 00m 03.423s,    004h 42m 00.484s
4997,    3388,    16923872,    000h 00m 03.388s,    004h 42m 03.872s
4998,    3387,    16927259,    000h 00m 03.387s,    004h 42m 07.259s
4999,    3382,    16930641,    000h 00m 03.382s,    004h 42m 10.641s
5000,    3383,    16934024,    000h 00m 03.383s,    004h 42m 14.024s
5001,    3399,    16937423,    000h 00m 03.399s,    004h 42m 17.423s
5002,    3376,    16940799,    000h 00m 03.376s,    004h 42m 20.799s
5003,    3382,    16944181,    000h 00m 03.382s,    004h 42m 24.181s
5004,    3386,    16947567,    000h 00m 03.386s,    004h 42m 27.567s
5005,    3372,    16950939,    000h 00m 03.372s,    004h 42m 30.939s
5006,    3383,    16954322,    000h 00m 03.383s,    004h 42m 34.322s
5007,    3386,    16957708,    000h 00m 03.386s,    004h 42m 37.708s
5008,    3382,    16961090,    000h 00m 03.382s,    004h 42m 41.090s
5009,    3390,    16964480,    000h 00m 03.390s,    004h 42m 44.480s
5010,    3375,    16967855,    000h 00m 03.375s,    004h 42m 47.855s
5011,    3383,    16971238,    000h 00m 03.383s,    004h 42m 51.238s
5012,    3381,    16974619,    000h 00m 03.381s,    004h 42m 54.619s
5013,    3374,    16977993,    000h 00m 03.374s,    004h 42m 57.993s
5014,    3389,    16981382,    000h 00m 03.389s,    004h 43m 01.382s
5015,    3379,    16984761,    000h 00m 03.379s,    004h 43m 04.761s
5016,    3431,    16988192,    000h 00m 03.431s,    004h 43m 08.192s
5017,    3409,    16991601,    000h 00m 03.409s,    004h 43m 11.601s
5018,    3387,    16994988,    000h 00m 03.387s,    004h 43m 14.988s
5019,    3389,    16998377,    000h 00m 03.389s,    004h 43m 18.377s
5020,    3384,    17001761,    000h 00m 03.384s,    004h 43m 21.761s
5021,    3384,    17005145,    000h 00m 03.384s,    004h 43m 25.145s
5022,    3384,    17008529,    000h 00m 03.384s,    004h 43m 28.529s
5023,    3389,    17011918,    000h 00m 03.389s,    004h 43m 31.918s
5024,    3375,    17015293,    000h 00m 03.375s,    004h 43m 35.293s
5025,    3389,    17018682,    000h 00m 03.389s,    004h 43m 38.682s
5026,    3395,    17022077,    000h 00m 03.395s,    004h 43m 42.077s
5027,    3379,    17025456,    000h 00m 03.379s,    004h 43m 45.456s
5028,    3381,    17028837,    000h 00m 03.381s,    004h 43m 48.837s
5029,    3395,    17032232,    000h 00m 03.395s,    004h 43m 52.232s
5030,    3379,    17035611,    000h 00m 03.379s,    004h 43m 55.611s
5031,    3381,    17038992,    000h 00m 03.381s,    004h 43m 58.992s
5032,    3382,    17042374,    000h 00m 03.382s,    004h 44m 02.374s
5033,    3377,    17045751,    000h 00m 03.377s,    004h 44m 05.751s
5034,    3385,    17049136,    000h 00m 03.385s,    004h 44m 09.136s
5035,    3391,    17052527,    000h 00m 03.391s,    004h 44m 12.527s
5036,    3385,    17055912,    000h 00m 03.385s,    004h 44m 15.912s
5037,    3418,    17059330,    000h 00m 03.418s,    004h 44m 19.330s
5038,    3381,    17062711,    000h 00m 03.381s,    004h 44m 22.711s
5039,    3379,    17066090,    000h 00m 03.379s,    004h 44m 26.090s
5040,    3380,    17069470,    000h 00m 03.380s,    004h 44m 29.470s
5041,    3380,    17072850,    000h 00m 03.380s,    004h 44m 32.850s
5042,    3376,    17076226,    000h 00m 03.376s,    004h 44m 36.226s
5043,    3392,    17079618,    000h 00m 03.392s,    004h 44m 39.618s
5044,    3397,    17083015,    000h 00m 03.397s,    004h 44m 43.015s
5045,    3383,    17086398,    000h 00m 03.383s,    004h 44m 46.398s
5046,    3377,    17089775,    000h 00m 03.377s,    004h 44m 49.775s
5047,    3378,    17093153,    000h 00m 03.378s,    004h 44m 53.153s
5048,    3383,    17096536,    000h 00m 03.383s,    004h 44m 56.536s
5049,    3379,    17099915,    000h 00m 03.379s,    004h 44m 59.915s
5050,    3378,    17103293,    000h 00m 03.378s,    004h 45m 03.293s
5051,    3382,    17106675,    000h 00m 03.382s,    004h 45m 06.675s
5052,    3392,    17110067,    000h 00m 03.392s,    004h 45m 10.067s
5053,    3383,    17113450,    000h 00m 03.383s,    004h 45m 13.450s
5054,    3379,    17116829,    000h 00m 03.379s,    004h 45m 16.829s
5055,    3379,    17120208,    000h 00m 03.379s,    004h 45m 20.208s
5056,    3384,    17123592,    000h 00m 03.384s,    004h 45m 23.592s
5057,    3385,    17126977,    000h 00m 03.385s,    004h 45m 26.977s
5058,    3381,    17130358,    000h 00m 03.381s,    004h 45m 30.358s
5059,    3419,    17133777,    000h 00m 03.419s,    004h 45m 33.777s
5060,    3384,    17137161,    000h 00m 03.384s,    004h 45m 37.161s
5061,    3392,    17140553,    000h 00m 03.392s,    004h 45m 40.553s
5062,    3393,    17143946,    000h 00m 03.393s,    004h 45m 43.946s
5063,    3381,    17147327,    000h 00m 03.381s,    004h 45m 47.327s
5064,    3381,    17150708,    000h 00m 03.381s,    004h 45m 50.708s
5065,    3386,    17154094,    000h 00m 03.386s,    004h 45m 54.094s
5066,    3378,    17157472,    000h 00m 03.378s,    004h 45m 57.472s
5067,    3380,    17160852,    000h 00m 03.380s,    004h 46m 00.852s
5068,    3373,    17164225,    000h 00m 03.373s,    004h 46m 04.225s
5069,    3379,    17167604,    000h 00m 03.379s,    004h 46m 07.604s
5070,    3390,    17170994,    000h 00m 03.390s,    004h 46m 10.994s
5071,    3388,    17174382,    000h 00m 03.388s,    004h 46m 14.382s
5072,    3387,    17177769,    000h 00m 03.387s,    004h 46m 17.769s
5073,    3396,    17181165,    000h 00m 03.396s,    004h 46m 21.165s
5074,    3400,    17184565,    000h 00m 03.400s,    004h 46m 24.565s
5075,    3377,    17187942,    000h 00m 03.377s,    004h 46m 27.942s
5076,    3385,    17191327,    000h 00m 03.385s,    004h 46m 31.327s
5077,    3395,    17194722,    000h 00m 03.395s,    004h 46m 34.722s
5078,    3381,    17198103,    000h 00m 03.381s,    004h 46m 38.103s
5079,    3381,    17201484,    000h 00m 03.381s,    004h 46m 41.484s
5080,    3392,    17204876,    000h 00m 03.392s,    004h 46m 44.876s
5081,    3377,    17208253,    000h 00m 03.377s,    004h 46m 48.253s
5082,    3385,    17211638,    000h 00m 03.385s,    004h 46m 51.638s
5083,    3385,    17215023,    000h 00m 03.385s,    004h 46m 55.023s
5084,    3385,    17218408,    000h 00m 03.385s,    004h 46m 58.408s
5085,    3373,    17221781,    000h 00m 03.373s,    004h 47m 01.781s
5086,    3377,    17225158,    000h 00m 03.377s,    004h 47m 05.158s
5087,    3405,    17228563,    000h 00m 03.405s,    004h 47m 08.563s
5088,    3402,    17231965,    000h 00m 03.402s,    004h 47m 11.965s
5089,    3391,    17235356,    000h 00m 03.391s,    004h 47m 15.356s
5090,    3380,    17238736,    000h 00m 03.380s,    004h 47m 18.736s
5091,    3386,    17242122,    000h 00m 03.386s,    004h 47m 22.122s
5092,    3379,    17245501,    000h 00m 03.379s,    004h 47m 25.501s
5093,    3380,    17248881,    000h 00m 03.380s,    004h 47m 28.881s
5094,    3380,    17252261,    000h 00m 03.380s,    004h 47m 32.261s
5095,    3399,    17255660,    000h 00m 03.399s,    004h 47m 35.660s
5096,    3380,    17259040,    000h 00m 03.380s,    004h 47m 39.040s
5097,    3398,    17262438,    000h 00m 03.398s,    004h 47m 42.438s
5098,    3386,    17265824,    000h 00m 03.386s,    004h 47m 45.824s
5099,    3385,    17269209,    000h 00m 03.385s,    004h 47m 49.209s
5100,    3381,    17272590,    000h 00m 03.381s,    004h 47m 52.590s
5101,    3376,    17275966,    000h 00m 03.376s,    004h 47m 55.966s
5102,    3376,    17279342,    000h 00m 03.376s,    004h 47m 59.342s
5103,    3383,    17282725,    000h 00m 03.383s,    004h 48m 02.725s
5104,    3376,    17286101,    000h 00m 03.376s,    004h 48m 06.101s
5105,    3391,    17289492,    000h 00m 03.391s,    004h 48m 09.492s
5106,    3386,    17292878,    000h 00m 03.386s,    004h 48m 12.878s
5107,    3409,    17296287,    000h 00m 03.409s,    004h 48m 16.287s
5108,    3392,    17299679,    000h 00m 03.392s,    004h 48m 19.679s
5109,    3379,    17303058,    000h 00m 03.379s,    004h 48m 23.058s
5110,    3376,    17306434,    000h 00m 03.376s,    004h 48m 26.434s
5111,    3423,    17309857,    000h 00m 03.423s,    004h 48m 29.857s
5112,    3383,    17313240,    000h 00m 03.383s,    004h 48m 33.240s
5113,    3382,    17316622,    000h 00m 03.382s,    004h 48m 36.622s
5114,    3392,    17320014,    000h 00m 03.392s,    004h 48m 40.014s
5115,    3409,    17323423,    000h 00m 03.409s,    004h 48m 43.423s
5116,    3376,    17326799,    000h 00m 03.376s,    004h 48m 46.799s
5117,    3382,    17330181,    000h 00m 03.382s,    004h 48m 50.181s
5118,    3381,    17333562,    000h 00m 03.381s,    004h 48m 53.562s
5119,    3383,    17336945,    000h 00m 03.383s,    004h 48m 56.945s
5120,    3384,    17340329,    000h 00m 03.384s,    004h 49m 00.329s
5121,    3385,    17343714,    000h 00m 03.385s,    004h 49m 03.714s
5122,    3376,    17347090,    000h 00m 03.376s,    004h 49m 07.090s
5123,    3390,    17350480,    000h 00m 03.390s,    004h 49m 10.480s
5124,    3387,    17353867,    000h 00m 03.387s,    004h 49m 13.867s
5125,    3388,    17357255,    000h 00m 03.388s,    004h 49m 17.255s
5126,    3373,    17360628,    000h 00m 03.373s,    004h 49m 20.628s
5127,    3381,    17364009,    000h 00m 03.381s,    004h 49m 24.009s
5128,    3376,    17367385,    000h 00m 03.376s,    004h 49m 27.385s
5129,    3382,    17370767,    000h 00m 03.382s,    004h 49m 30.767s
5130,    3414,    17374181,    000h 00m 03.414s,    004h 49m 34.181s
5131,    3396,    17377577,    000h 00m 03.396s,    004h 49m 37.577s
5132,    3386,    17380963,    000h 00m 03.386s,    004h 49m 40.963s
5133,    3388,    17384351,    000h 00m 03.388s,    004h 49m 44.351s
5134,    3386,    17387737,    000h 00m 03.386s,    004h 49m 47.737s
5135,    3381,    17391118,    000h 00m 03.381s,    004h 49m 51.118s
5136,    3386,    17394504,    000h 00m 03.386s,    004h 49m 54.504s
5137,    3400,    17397904,    000h 00m 03.400s,    004h 49m 57.904s
5138,    3390,    17401294,    000h 00m 03.390s,    004h 50m 01.294s
5139,    3378,    17404672,    000h 00m 03.378s,    004h 50m 04.672s
5140,    3381,    17408053,    000h 00m 03.381s,    004h 50m 08.053s
5141,    3387,    17411440,    000h 00m 03.387s,    004h 50m 11.440s
5142,    3393,    17414833,    000h 00m 03.393s,    004h 50m 14.833s
5143,    3377,    17418210,    000h 00m 03.377s,    004h 50m 18.210s
5144,    3388,    17421598,    000h 00m 03.388s,    004h 50m 21.598s
5145,    3411,    17425009,    000h 00m 03.411s,    004h 50m 25.009s
5146,    3411,    17428420,    000h 00m 03.411s,    004h 50m 28.420s
5147,    3387,    17431807,    000h 00m 03.387s,    004h 50m 31.807s
5148,    3382,    17435189,    000h 00m 03.382s,    004h 50m 35.189s
5149,    3386,    17438575,    000h 00m 03.386s,    004h 50m 38.575s
5150,    3380,    17441955,    000h 00m 03.380s,    004h 50m 41.955s
5151,    3383,    17445338,    000h 00m 03.383s,    004h 50m 45.338s
5152,    3384,    17448722,    000h 00m 03.384s,    004h 50m 48.722s
5153,    3390,    17452112,    000h 00m 03.390s,    004h 50m 52.112s
5154,    3423,    17455535,    000h 00m 03.423s,    004h 50m 55.535s
5155,    3397,    17458932,    000h 00m 03.397s,    004h 50m 58.932s
5156,    3379,    17462311,    000h 00m 03.379s,    004h 51m 02.311s
5157,    3384,    17465695,    000h 00m 03.384s,    004h 51m 05.695s
5158,    3379,    17469074,    000h 00m 03.379s,    004h 51m 09.074s
5159,    3397,    17472471,    000h 00m 03.397s,    004h 51m 12.471s
5160,    3401,    17475872,    000h 00m 03.401s,    004h 51m 15.872s
5161,    3385,    17479257,    000h 00m 03.385s,    004h 51m 19.257s
5162,    3371,    17482628,    000h 00m 03.371s,    004h 51m 22.628s
5163,    3384,    17486012,    000h 00m 03.384s,    004h 51m 26.012s
5164,    3373,    17489385,    000h 00m 03.373s,    004h 51m 29.385s
5165,    3377,    17492762,    000h 00m 03.377s,    004h 51m 32.762s
5166,    3378,    17496140,    000h 00m 03.378s,    004h 51m 36.140s
5167,    3382,    17499522,    000h 00m 03.382s,    004h 51m 39.522s
5168,    3374,    17502896,    000h 00m 03.374s,    004h 51m 42.896s
5169,    3386,    17506282,    000h 00m 03.386s,    004h 51m 46.282s
5170,    3382,    17509664,    000h 00m 03.382s,    004h 51m 49.664s
5171,    3389,    17513053,    000h 00m 03.389s,    004h 51m 53.053s
5172,    3393,    17516446,    000h 00m 03.393s,    004h 51m 56.446s
5173,    3391,    17519837,    000h 00m 03.391s,    004h 51m 59.837s
5174,    3380,    17523217,    000h 00m 03.380s,    004h 52m 03.217s
5175,    3376,    17526593,    000h 00m 03.376s,    004h 52m 06.593s
5176,    3432,    17530025,    000h 00m 03.432s,    004h 52m 10.025s
5177,    3387,    17533412,    000h 00m 03.387s,    004h 52m 13.412s
5178,    3381,    17536793,    000h 00m 03.381s,    004h 52m 16.793s
5179,    3398,    17540191,    000h 00m 03.398s,    004h 52m 20.191s
5180,    3377,    17543568,    000h 00m 03.377s,    004h 52m 23.568s
5181,    3403,    17546971,    000h 00m 03.403s,    004h 52m 26.971s
5182,    3377,    17550348,    000h 00m 03.377s,    004h 52m 30.348s
5183,    3383,    17553731,    000h 00m 03.383s,    004h 52m 33.731s
5184,    3386,    17557117,    000h 00m 03.386s,    004h 52m 37.117s
5185,    3383,    17560500,    000h 00m 03.383s,    004h 52m 40.500s
5186,    3393,    17563893,    000h 00m 03.393s,    004h 52m 43.893s
5187,    3379,    17567272,    000h 00m 03.379s,    004h 52m 47.272s
5188,    3381,    17570653,    000h 00m 03.381s,    004h 52m 50.653s
5189,    3385,    17574038,    000h 00m 03.385s,    004h 52m 54.038s
5190,    3388,    17577426,    000h 00m 03.388s,    004h 52m 57.426s
5191,    3388,    17580814,    000h 00m 03.388s,    004h 53m 00.814s
5192,    3384,    17584198,    000h 00m 03.384s,    004h 53m 04.198s
5193,    3384,    17587582,    000h 00m 03.384s,    004h 53m 07.582s
5194,    3395,    17590977,    000h 00m 03.395s,    004h 53m 10.977s
5195,    3396,    17594373,    000h 00m 03.396s,    004h 53m 14.373s
5196,    3378,    17597751,    000h 00m 03.378s,    004h 53m 17.751s
5197,    3428,    17601179,    000h 00m 03.428s,    004h 53m 21.179s
5198,    3382,    17604561,    000h 00m 03.382s,    004h 53m 24.561s
5199,    3388,    17607949,    000h 00m 03.388s,    004h 53m 27.949s
5200,    3386,    17611335,    000h 00m 03.386s,    004h 53m 31.335s
5201,    3379,    17614714,    000h 00m 03.379s,    004h 53m 34.714s
5202,    3373,    17618087,    000h 00m 03.373s,    004h 53m 38.087s
5203,    3379,    17621466,    000h 00m 03.379s,    004h 53m 41.466s
5204,    3377,    17624843,    000h 00m 03.377s,    004h 53m 44.843s
5205,    3399,    17628242,    000h 00m 03.399s,    004h 53m 48.242s
5206,    3411,    17631653,    000h 00m 03.411s,    004h 53m 51.653s
5207,    3391,    17635044,    000h 00m 03.391s,    004h 53m 55.044s
5208,    3376,    17638420,    000h 00m 03.376s,    004h 53m 58.420s
5209,    3374,    17641794,    000h 00m 03.374s,    004h 54m 01.794s
5210,    3394,    17645188,    000h 00m 03.394s,    004h 54m 05.188s
5211,    3385,    17648573,    000h 00m 03.385s,    004h 54m 08.573s
5212,    3394,    17651967,    000h 00m 03.394s,    004h 54m 11.967s
5213,    3370,    17655337,    000h 00m 03.370s,    004h 54m 15.337s
5214,    3386,    17658723,    000h 00m 03.386s,    004h 54m 18.723s
5215,    3385,    17662108,    000h 00m 03.385s,    004h 54m 22.108s
5216,    3386,    17665494,    000h 00m 03.386s,    004h 54m 25.494s
5217,    3388,    17668882,    000h 00m 03.388s,    004h 54m 28.882s
5218,    3382,    17672264,    000h 00m 03.382s,    004h 54m 32.264s
5219,    3376,    17675640,    000h 00m 03.376s,    004h 54m 35.640s
5220,    3383,    17679023,    000h 00m 03.383s,    004h 54m 39.023s
5221,    3404,    17682427,    000h 00m 03.404s,    004h 54m 42.427s
5222,    3383,    17685810,    000h 00m 03.383s,    004h 54m 45.810s
5223,    3378,    17689188,    000h 00m 03.378s,    004h 54m 49.188s
5224,    3385,    17692573,    000h 00m 03.385s,    004h 54m 52.573s
5225,    3385,    17695958,    000h 00m 03.385s,    004h 54m 55.958s
5226,    3370,    17699328,    000h 00m 03.370s,    004h 54m 59.328s
5227,    3392,    17702720,    000h 00m 03.392s,    004h 55m 02.720s
5228,    3397,    17706117,    000h 00m 03.397s,    004h 55m 06.117s
5229,    3393,    17709510,    000h 00m 03.393s,    004h 55m 09.510s
5230,    3397,    17712907,    000h 00m 03.397s,    004h 55m 12.907s
5231,    3386,    17716293,    000h 00m 03.386s,    004h 55m 16.293s
5232,    3380,    17719673,    000h 00m 03.380s,    004h 55m 19.673s
5233,    3382,    17723055,    000h 00m 03.382s,    004h 55m 23.055s
5234,    3381,    17726436,    000h 00m 03.381s,    004h 55m 26.436s
5235,    3385,    17729821,    000h 00m 03.385s,    004h 55m 29.821s
5236,    3392,    17733213,    000h 00m 03.392s,    004h 55m 33.213s
5237,    3386,    17736599,    000h 00m 03.386s,    004h 55m 36.599s
5238,    3382,    17739981,    000h 00m 03.382s,    004h 55m 39.981s
5239,    3390,    17743371,    000h 00m 03.390s,    004h 55m 43.371s
5240,    3380,    17746751,    000h 00m 03.380s,    004h 55m 46.751s
5241,    3431,    17750182,    000h 00m 03.431s,    004h 55m 50.182s
5242,    3382,    17753564,    000h 00m 03.382s,    004h 55m 53.564s
5243,    3395,    17756959,    000h 00m 03.395s,    004h 55m 56.959s
5244,    3378,    17760337,    000h 00m 03.378s,    004h 56m 00.337s
5245,    3375,    17763712,    000h 00m 03.375s,    004h 56m 03.712s
5246,    3387,    17767099,    000h 00m 03.387s,    004h 56m 07.099s
5247,    3398,    17770497,    000h 00m 03.398s,    004h 56m 10.497s
5248,    3386,    17773883,    000h 00m 03.386s,    004h 56m 13.883s
5249,    3387,    17777270,    000h 00m 03.387s,    004h 56m 17.270s
5250,    3376,    17780646,    000h 00m 03.376s,    004h 56m 20.646s
5251,    3384,    17784030,    000h 00m 03.384s,    004h 56m 24.030s
5252,    3384,    17787414,    000h 00m 03.384s,    004h 56m 27.414s
5253,    3377,    17790791,    000h 00m 03.377s,    004h 56m 30.791s
5254,    3378,    17794169,    000h 00m 03.378s,    004h 56m 34.169s
5255,    3377,    17797546,    000h 00m 03.377s,    004h 56m 37.546s
5256,    3387,    17800933,    000h 00m 03.387s,    004h 56m 40.933s
5257,    3389,    17804322,    000h 00m 03.389s,    004h 56m 44.322s
5258,    3394,    17807716,    000h 00m 03.394s,    004h 56m 47.716s
5259,    3414,    17811130,    000h 00m 03.414s,    004h 56m 51.130s
5260,    3377,    17814507,    000h 00m 03.377s,    004h 56m 54.507s
5261,    3377,    17817884,    000h 00m 03.377s,    004h 56m 57.884s
5262,    3378,    17821262,    000h 00m 03.378s,    004h 57m 01.262s
5263,    3376,    17824638,    000h 00m 03.376s,    004h 57m 04.638s
5264,    3375,    17828013,    000h 00m 03.375s,    004h 57m 08.013s
5265,    3382,    17831395,    000h 00m 03.382s,    004h 57m 11.395s
5266,    3381,    17834776,    000h 00m 03.381s,    004h 57m 14.776s
5267,    3377,    17838153,    000h 00m 03.377s,    004h 57m 18.153s
5268,    3379,    17841532,    000h 00m 03.379s,    004h 57m 21.532s
5269,    3379,    17844911,    000h 00m 03.379s,    004h 57m 24.911s
5270,    3387,    17848298,    000h 00m 03.387s,    004h 57m 28.298s
5271,    3378,    17851676,    000h 00m 03.378s,    004h 57m 31.676s
5272,    3391,    17855067,    000h 00m 03.391s,    004h 57m 35.067s
5273,    3394,    17858461,    000h 00m 03.394s,    004h 57m 38.461s
5274,    3397,    17861858,    000h 00m 03.397s,    004h 57m 41.858s
5275,    3386,    17865244,    000h 00m 03.386s,    004h 57m 45.244s
5276,    3381,    17868625,    000h 00m 03.381s,    004h 57m 48.625s
5277,    3379,    17872004,    000h 00m 03.379s,    004h 57m 52.004s
5278,    3391,    17875395,    000h 00m 03.391s,    004h 57m 55.395s
5279,    3381,    17878776,    000h 00m 03.381s,    004h 57m 58.776s
5280,    3375,    17882151,    000h 00m 03.375s,    004h 58m 02.151s
5281,    3385,    17885536,    000h 00m 03.385s,    004h 58m 05.536s
5282,    3374,    17888910,    000h 00m 03.374s,    004h 58m 08.910s
5283,    3402,    17892312,    000h 00m 03.402s,    004h 58m 12.312s
5284,    3395,    17895707,    000h 00m 03.395s,    004h 58m 15.707s
5285,    3381,    17899088,    000h 00m 03.381s,    004h 58m 19.088s
5286,    3377,    17902465,    000h 00m 03.377s,    004h 58m 22.465s
5287,    3385,    17905850,    000h 00m 03.385s,    004h 58m 25.850s
5288,    3380,    17909230,    000h 00m 03.380s,    004h 58m 29.230s
5289,    3379,    17912609,    000h 00m 03.379s,    004h 58m 32.609s
5290,    3398,    17916007,    000h 00m 03.398s,    004h 58m 36.007s
5291,    3435,    17919442,    000h 00m 03.435s,    004h 58m 39.442s
5292,    3397,    17922839,    000h 00m 03.397s,    004h 58m 42.839s
5293,    3382,    17926221,    000h 00m 03.382s,    004h 58m 46.221s
5294,    3399,    17929620,    000h 00m 03.399s,    004h 58m 49.620s
5295,    3380,    17933000,    000h 00m 03.380s,    004h 58m 53.000s
5296,    3379,    17936379,    000h 00m 03.379s,    004h 58m 56.379s
5297,    3395,    17939774,    000h 00m 03.395s,    004h 58m 59.774s
5298,    3386,    17943160,    000h 00m 03.386s,    004h 59m 03.160s
5299,    3384,    17946544,    000h 00m 03.384s,    004h 59m 06.544s
5300,    3428,    17949972,    000h 00m 03.428s,    004h 59m 09.972s
5301,    3388,    17953360,    000h 00m 03.388s,    004h 59m 13.360s
5302,    3395,    17956755,    000h 00m 03.395s,    004h 59m 16.755s
5303,    3381,    17960136,    000h 00m 03.381s,    004h 59m 20.136s
5304,    3382,    17963518,    000h 00m 03.382s,    004h 59m 23.518s
5305,    3395,    17966913,    000h 00m 03.395s,    004h 59m 26.913s
5306,    3375,    17970288,    000h 00m 03.375s,    004h 59m 30.288s
5307,    3373,    17973661,    000h 00m 03.373s,    004h 59m 33.661s
5308,    3383,    17977044,    000h 00m 03.383s,    004h 59m 37.044s
5309,    3381,    17980425,    000h 00m 03.381s,    004h 59m 40.425s
5310,    3388,    17983813,    000h 00m 03.388s,    004h 59m 43.813s
5311,    3389,    17987202,    000h 00m 03.389s,    004h 59m 47.202s
5312,    3392,    17990594,    000h 00m 03.392s,    004h 59m 50.594s
5313,    3387,    17993981,    000h 00m 03.387s,    004h 59m 53.981s
5314,    3387,    17997368,    000h 00m 03.387s,    004h 59m 57.368s
5315,    3381,    18000749,    000h 00m 03.381s,    005h 00m 00.749s
5316,    3378,    18004127,    000h 00m 03.378s,    005h 00m 04.127s
5317,    3422,    18007549,    000h 00m 03.422s,    005h 00m 07.549s
5318,    3396,    18010945,    000h 00m 03.396s,    005h 00m 10.945s
5319,    3390,    18014335,    000h 00m 03.390s,    005h 00m 14.335s
5320,    3379,    18017714,    000h 00m 03.379s,    005h 00m 17.714s
5321,    3390,    18021104,    000h 00m 03.390s,    005h 00m 21.104s
5322,    3400,    18024504,    000h 00m 03.400s,    005h 00m 24.504s
5323,    3380,    18027884,    000h 00m 03.380s,    005h 00m 27.884s
5324,    3384,    18031268,    000h 00m 03.384s,    005h 00m 31.268s
5325,    3380,    18034648,    000h 00m 03.380s,    005h 00m 34.648s
5326,    3389,    18038037,    000h 00m 03.389s,    005h 00m 38.037s
5327,    3380,    18041417,    000h 00m 03.380s,    005h 00m 41.417s
5328,    3393,    18044810,    000h 00m 03.393s,    005h 00m 44.810s
5329,    3384,    18048194,    000h 00m 03.384s,    005h 00m 48.194s
5330,    3379,    18051573,    000h 00m 03.379s,    005h 00m 51.573s
5331,    3389,    18054962,    000h 00m 03.389s,    005h 00m 54.962s
5332,    3378,    18058340,    000h 00m 03.378s,    005h 00m 58.340s
5333,    3375,    18061715,    000h 00m 03.375s,    005h 01m 01.715s
5334,    3374,    18065089,    000h 00m 03.374s,    005h 01m 05.089s
5335,    3371,    18068460,    000h 00m 03.371s,    005h 01m 08.460s
5336,    3403,    18071863,    000h 00m 03.403s,    005h 01m 11.863s
5337,    3386,    18075249,    000h 00m 03.386s,    005h 01m 15.249s
5338,    3424,    18078673,    000h 00m 03.424s,    005h 01m 18.673s
5339,    3404,    18082077,    000h 00m 03.404s,    005h 01m 22.077s
5340,    3381,    18085458,    000h 00m 03.381s,    005h 01m 25.458s
5341,    3390,    18088848,    000h 00m 03.390s,    005h 01m 28.848s
5342,    3384,    18092232,    000h 00m 03.384s,    005h 01m 32.232s
5343,    3386,    18095618,    000h 00m 03.386s,    005h 01m 35.618s
5344,    3417,    18099035,    000h 00m 03.417s,    005h 01m 39.035s
5345,    3385,    18102420,    000h 00m 03.385s,    005h 01m 42.420s
5346,    3377,    18105797,    000h 00m 03.377s,    005h 01m 45.797s
5347,    3383,    18109180,    000h 00m 03.383s,    005h 01m 49.180s
5348,    3389,    18112569,    000h 00m 03.389s,    005h 01m 52.569s
5349,    3393,    18115962,    000h 00m 03.393s,    005h 01m 55.962s
5350,    3385,    18119347,    000h 00m 03.385s,    005h 01m 59.347s
5351,    3380,    18122727,    000h 00m 03.380s,    005h 02m 02.727s
5352,    3383,    18126110,    000h 00m 03.383s,    005h 02m 06.110s
5353,    3395,    18129505,    000h 00m 03.395s,    005h 02m 09.505s
5354,    3397,    18132902,    000h 00m 03.397s,    005h 02m 12.902s
5355,    3379,    18136281,    000h 00m 03.379s,    005h 02m 16.281s
5356,    3385,    18139666,    000h 00m 03.385s,    005h 02m 19.666s
5357,    3381,    18143047,    000h 00m 03.381s,    005h 02m 23.047s
5358,    3387,    18146434,    000h 00m 03.387s,    005h 02m 26.434s
5359,    3388,    18149822,    000h 00m 03.388s,    005h 02m 29.822s
5360,    3381,    18153203,    000h 00m 03.381s,    005h 02m 33.203s
5361,    3382,    18156585,    000h 00m 03.382s,    005h 02m 36.585s
5362,    3384,    18159969,    000h 00m 03.384s,    005h 02m 39.969s
5363,    3388,    18163357,    000h 00m 03.388s,    005h 02m 43.357s
5364,    3384,    18166741,    000h 00m 03.384s,    005h 02m 46.741s
5365,    3371,    18170112,    000h 00m 03.371s,    005h 02m 50.112s
5366,    3378,    18173490,    000h 00m 03.378s,    005h 02m 53.490s
5367,    3398,    18176888,    000h 00m 03.398s,    005h 02m 56.888s
5368,    3449,    18180337,    000h 00m 03.449s,    005h 03m 00.337s
5369,    3383,    18183720,    000h 00m 03.383s,    005h 03m 03.720s
5370,    3383,    18187103,    000h 00m 03.383s,    005h 03m 07.103s
5371,    3429,    18190532,    000h 00m 03.429s,    005h 03m 10.532s
5372,    3393,    18193925,    000h 00m 03.393s,    005h 03m 13.925s
5373,    3381,    18197306,    000h 00m 03.381s,    005h 03m 17.306s
5374,    3386,    18200692,    000h 00m 03.386s,    005h 03m 20.692s
5375,    3379,    18204071,    000h 00m 03.379s,    005h 03m 24.071s
5376,    3379,    18207450,    000h 00m 03.379s,    005h 03m 27.450s
5377,    3381,    18210831,    000h 00m 03.381s,    005h 03m 30.831s
5378,    3383,    18214214,    000h 00m 03.383s,    005h 03m 34.214s
5379,    3390,    18217604,    000h 00m 03.390s,    005h 03m 37.604s
5380,    3386,    18220990,    000h 00m 03.386s,    005h 03m 40.990s
5381,    3392,    18224382,    000h 00m 03.392s,    005h 03m 44.382s
5382,    3385,    18227767,    000h 00m 03.385s,    005h 03m 47.767s
5383,    3379,    18231146,    000h 00m 03.379s,    005h 03m 51.146s
5384,    3387,    18234533,    000h 00m 03.387s,    005h 03m 54.533s
5385,    3387,    18237920,    000h 00m 03.387s,    005h 03m 57.920s
5386,    3382,    18241302,    000h 00m 03.382s,    005h 04m 01.302s
5387,    3384,    18244686,    000h 00m 03.384s,    005h 04m 04.686s
5388,    3380,    18248066,    000h 00m 03.380s,    005h 04m 08.066s
5389,    3397,    18251463,    000h 00m 03.397s,    005h 04m 11.463s
5390,    3379,    18254842,    000h 00m 03.379s,    005h 04m 14.842s
5391,    3386,    18258228,    000h 00m 03.386s,    005h 04m 18.228s
5392,    3376,    18261604,    000h 00m 03.376s,    005h 04m 21.604s
5393,    3386,    18264990,    000h 00m 03.386s,    005h 04m 24.990s
5394,    3406,    18268396,    000h 00m 03.406s,    005h 04m 28.396s
5395,    3399,    18271795,    000h 00m 03.399s,    005h 04m 31.795s
5396,    3424,    18275219,    000h 00m 03.424s,    005h 04m 35.219s
5397,    3385,    18278604,    000h 00m 03.385s,    005h 04m 38.604s
5398,    3388,    18281992,    000h 00m 03.388s,    005h 04m 41.992s
5399,    3373,    18285365,    000h 00m 03.373s,    005h 04m 45.365s
5400,    3378,    18288743,    000h 00m 03.378s,    005h 04m 48.743s
5401,    3386,    18292129,    000h 00m 03.386s,    005h 04m 52.129s
5402,    3389,    18295518,    000h 00m 03.389s,    005h 04m 55.518s
5403,    3380,    18298898,    000h 00m 03.380s,    005h 04m 58.898s
5404,    3384,    18302282,    000h 00m 03.384s,    005h 05m 02.282s
5405,    3378,    18305660,    000h 00m 03.378s,    005h 05m 05.660s
5406,    3400,    18309060,    000h 00m 03.400s,    005h 05m 09.060s
5407,    3412,    18312472,    000h 00m 03.412s,    005h 05m 12.472s
5408,    3386,    18315858,    000h 00m 03.386s,    005h 05m 15.858s
5409,    3381,    18319239,    000h 00m 03.381s,    005h 05m 19.239s
5410,    3380,    18322619,    000h 00m 03.380s,    005h 05m 22.619s
5411,    3382,    18326001,    000h 00m 03.382s,    005h 05m 26.001s
5412,    3377,    18329378,    000h 00m 03.377s,    005h 05m 29.378s
5413,    3385,    18332763,    000h 00m 03.385s,    005h 05m 32.763s
5414,    3371,    18336134,    000h 00m 03.371s,    005h 05m 36.134s
5415,    3384,    18339518,    000h 00m 03.384s,    005h 05m 39.518s
5416,    3385,    18342903,    000h 00m 03.385s,    005h 05m 42.903s
5417,    3379,    18346282,    000h 00m 03.379s,    005h 05m 46.282s
5418,    3387,    18349669,    000h 00m 03.387s,    005h 05m 49.669s
5419,    3375,    18353044,    000h 00m 03.375s,    005h 05m 53.044s
5420,    3378,    18356422,    000h 00m 03.378s,    005h 05m 56.422s
5421,    3377,    18359799,    000h 00m 03.377s,    005h 05m 59.799s
5422,    3385,    18363184,    000h 00m 03.385s,    005h 06m 03.184s
5423,    3375,    18366559,    000h 00m 03.375s,    005h 06m 06.559s
5424,    3391,    18369950,    000h 00m 03.391s,    005h 06m 09.950s
5425,    3385,    18373335,    000h 00m 03.385s,    005h 06m 13.335s
5426,    3381,    18376716,    000h 00m 03.381s,    005h 06m 16.716s
5427,    3387,    18380103,    000h 00m 03.387s,    005h 06m 20.103s
5428,    3380,    18383483,    000h 00m 03.380s,    005h 06m 23.483s
5429,    3376,    18386859,    000h 00m 03.376s,    005h 06m 26.859s
5430,    3381,    18390240,    000h 00m 03.381s,    005h 06m 30.240s
5431,    3417,    18393657,    000h 00m 03.417s,    005h 06m 33.657s
5432,    3384,    18397041,    000h 00m 03.384s,    005h 06m 37.041s
5433,    3381,    18400422,    000h 00m 03.381s,    005h 06m 40.422s
5434,    3383,    18403805,    000h 00m 03.383s,    005h 06m 43.805s
5435,    3378,    18407183,    000h 00m 03.378s,    005h 06m 47.183s
5436,    3376,    18410559,    000h 00m 03.376s,    005h 06m 50.559s
5437,    3390,    18413949,    000h 00m 03.390s,    005h 06m 53.949s
5438,    3374,    18417323,    000h 00m 03.374s,    005h 06m 57.323s
5439,    3383,    18420706,    000h 00m 03.383s,    005h 07m 00.706s
5440,    3386,    18424092,    000h 00m 03.386s,    005h 07m 04.092s
5441,    3392,    18427484,    000h 00m 03.392s,    005h 07m 07.484s
5442,    3391,    18430875,    000h 00m 03.391s,    005h 07m 10.875s
5443,    3384,    18434259,    000h 00m 03.384s,    005h 07m 14.259s
5444,    3377,    18437636,    000h 00m 03.377s,    005h 07m 17.636s
5445,    3383,    18441019,    000h 00m 03.383s,    005h 07m 21.019s
5446,    3385,    18444404,    000h 00m 03.385s,    005h 07m 24.404s
5447,    3385,    18447789,    000h 00m 03.385s,    005h 07m 27.789s
5448,    3389,    18451178,    000h 00m 03.389s,    005h 07m 31.178s
5449,    3376,    18454554,    000h 00m 03.376s,    005h 07m 34.554s
5450,    3386,    18457940,    000h 00m 03.386s,    005h 07m 37.940s
5451,    3389,    18461329,    000h 00m 03.389s,    005h 07m 41.329s
5452,    3376,    18464705,    000h 00m 03.376s,    005h 07m 44.705s
5453,    3381,    18468086,    000h 00m 03.381s,    005h 07m 48.086s
5454,    3393,    18471479,    000h 00m 03.393s,    005h 07m 51.479s
5455,    3384,    18474863,    000h 00m 03.384s,    005h 07m 54.863s
5456,    3377,    18478240,    000h 00m 03.377s,    005h 07m 58.240s
5457,    3380,    18481620,    000h 00m 03.380s,    005h 08m 01.620s
5458,    3376,    18484996,    000h 00m 03.376s,    005h 08m 04.996s
5459,    3386,    18488382,    000h 00m 03.386s,    005h 08m 08.382s
5460,    3391,    18491773,    000h 00m 03.391s,    005h 08m 11.773s
5461,    3382,    18495155,    000h 00m 03.382s,    005h 08m 15.155s
5462,    3383,    18498538,    000h 00m 03.383s,    005h 08m 18.538s
5463,    3383,    18501921,    000h 00m 03.383s,    005h 08m 21.921s
5464,    3386,    18505307,    000h 00m 03.386s,    005h 08m 25.307s
5465,    3414,    18508721,    000h 00m 03.414s,    005h 08m 28.721s
5466,    3384,    18512105,    000h 00m 03.384s,    005h 08m 32.105s
5467,    3385,    18515490,    000h 00m 03.385s,    005h 08m 35.490s
5468,    3392,    18518882,    000h 00m 03.392s,    005h 08m 38.882s
5469,    3408,    18522290,    000h 00m 03.408s,    005h 08m 42.290s
5470,    3391,    18525681,    000h 00m 03.391s,    005h 08m 45.681s
5471,    3396,    18529077,    000h 00m 03.396s,    005h 08m 49.077s
5472,    3389,    18532466,    000h 00m 03.389s,    005h 08m 52.466s
5473,    3383,    18535849,    000h 00m 03.383s,    005h 08m 55.849s
5474,    3390,    18539239,    000h 00m 03.390s,    005h 08m 59.239s
5475,    3382,    18542621,    000h 00m 03.382s,    005h 09m 02.621s
5476,    3379,    18546000,    000h 00m 03.379s,    005h 09m 06.000s
5477,    3390,    18549390,    000h 00m 03.390s,    005h 09m 09.390s
5478,    3400,    18552790,    000h 00m 03.400s,    005h 09m 12.790s
5479,    3389,    18556179,    000h 00m 03.389s,    005h 09m 16.179s
5480,    3381,    18559560,    000h 00m 03.381s,    005h 09m 19.560s
5481,    3378,    18562938,    000h 00m 03.378s,    005h 09m 22.938s
5482,    3386,    18566324,    000h 00m 03.386s,    005h 09m 26.324s
5483,    3380,    18569704,    000h 00m 03.380s,    005h 09m 29.704s
5484,    3378,    18573082,    000h 00m 03.378s,    005h 09m 33.082s
5485,    3421,    18576503,    000h 00m 03.421s,    005h 09m 36.503s
5486,    3391,    18579894,    000h 00m 03.391s,    005h 09m 39.894s
5487,    3394,    18583288,    000h 00m 03.394s,    005h 09m 43.288s
5488,    3381,    18586669,    000h 00m 03.381s,    005h 09m 46.669s
5489,    3413,    18590082,    000h 00m 03.413s,    005h 09m 50.082s
5490,    3388,    18593470,    000h 00m 03.388s,    005h 09m 53.470s
5491,    3393,    18596863,    000h 00m 03.393s,    005h 09m 56.863s
5492,    3395,    18600258,    000h 00m 03.395s,    005h 10m 00.258s
5493,    3387,    18603645,    000h 00m 03.387s,    005h 10m 03.645s
5494,    3380,    18607025,    000h 00m 03.380s,    005h 10m 07.025s
5495,    3393,    18610418,    000h 00m 03.393s,    005h 10m 10.418s
5496,    3382,    18613800,    000h 00m 03.382s,    005h 10m 13.800s
5497,    3392,    18617192,    000h 00m 03.392s,    005h 10m 17.192s
5498,    3380,    18620572,    000h 00m 03.380s,    005h 10m 20.572s
5499,    3380,    18623952,    000h 00m 03.380s,    005h 10m 23.952s
5500,    3384,    18627336,    000h 00m 03.384s,    005h 10m 27.336s
5501,    3391,    18630727,    000h 00m 03.391s,    005h 10m 30.727s
5502,    3414,    18634141,    000h 00m 03.414s,    005h 10m 34.141s
5503,    3385,    18637526,    000h 00m 03.385s,    005h 10m 37.526s
5504,    3384,    18640910,    000h 00m 03.384s,    005h 10m 40.910s
5505,    3383,    18644293,    000h 00m 03.383s,    005h 10m 44.293s
5506,    3382,    18647675,    000h 00m 03.382s,    005h 10m 47.675s
5507,    3381,    18651056,    000h 00m 03.381s,    005h 10m 51.056s
5508,    3386,    18654442,    000h 00m 03.386s,    005h 10m 54.442s
5509,    3371,    18657813,    000h 00m 03.371s,    005h 10m 57.813s
5510,    3385,    18661198,    000h 00m 03.385s,    005h 11m 01.198s
5511,    3391,    18664589,    000h 00m 03.391s,    005h 11m 04.589s
5512,    3392,    18667981,    000h 00m 03.392s,    005h 11m 07.981s
5513,    3387,    18671368,    000h 00m 03.387s,    005h 11m 11.368s
5514,    3379,    18674747,    000h 00m 03.379s,    005h 11m 14.747s
5515,    3386,    18678133,    000h 00m 03.386s,    005h 11m 18.133s
5516,    3380,    18681513,    000h 00m 03.380s,    005h 11m 21.513s
5517,    3379,    18684892,    000h 00m 03.379s,    005h 11m 24.892s
5518,    3385,    18688277,    000h 00m 03.385s,    005h 11m 28.277s
5519,    3393,    18691670,    000h 00m 03.393s,    005h 11m 31.670s
5520,    3388,    18695058,    000h 00m 03.388s,    005h 11m 35.058s
5521,    3379,    18698437,    000h 00m 03.379s,    005h 11m 38.437s
5522,    3398,    18701835,    000h 00m 03.398s,    005h 11m 41.835s
5523,    3406,    18705241,    000h 00m 03.406s,    005h 11m 45.241s
5524,    3387,    18708628,    000h 00m 03.387s,    005h 11m 48.628s
5525,    3385,    18712013,    000h 00m 03.385s,    005h 11m 52.013s
5526,    3384,    18715397,    000h 00m 03.384s,    005h 11m 55.397s
5527,    3377,    18718774,    000h 00m 03.377s,    005h 11m 58.774s
5528,    3377,    18722151,    000h 00m 03.377s,    005h 12m 02.151s
5529,    3388,    18725539,    000h 00m 03.388s,    005h 12m 05.539s
5530,    3379,    18728918,    000h 00m 03.379s,    005h 12m 08.918s
5531,    3404,    18732322,    000h 00m 03.404s,    005h 12m 12.322s
5532,    3392,    18735714,    000h 00m 03.392s,    005h 12m 15.714s
5533,    3386,    18739100,    000h 00m 03.386s,    005h 12m 19.100s
5534,    3382,    18742482,    000h 00m 03.382s,    005h 12m 22.482s
5535,    3391,    18745873,    000h 00m 03.391s,    005h 12m 25.873s
5536,    3391,    18749264,    000h 00m 03.391s,    005h 12m 29.264s
5537,    3374,    18752638,    000h 00m 03.374s,    005h 12m 32.638s
5538,    3377,    18756015,    000h 00m 03.377s,    005h 12m 36.015s
5539,    3384,    18759399,    000h 00m 03.384s,    005h 12m 39.399s
5540,    3387,    18762786,    000h 00m 03.387s,    005h 12m 42.786s
5541,    3388,    18766174,    000h 00m 03.388s,    005h 12m 46.174s
5542,    3389,    18769563,    000h 00m 03.389s,    005h 12m 49.563s
5543,    3386,    18772949,    000h 00m 03.386s,    005h 12m 52.949s
5544,    3382,    18776331,    000h 00m 03.382s,    005h 12m 56.331s
5545,    3378,    18779709,    000h 00m 03.378s,    005h 12m 59.709s
5546,    3383,    18783092,    000h 00m 03.383s,    005h 13m 03.092s
5547,    3379,    18786471,    000h 00m 03.379s,    005h 13m 06.471s
5548,    3416,    18789887,    000h 00m 03.416s,    005h 13m 09.887s
5549,    3398,    18793285,    000h 00m 03.398s,    005h 13m 13.285s
5550,    3374,    18796659,    000h 00m 03.374s,    005h 13m 16.659s
5551,    3387,    18800046,    000h 00m 03.387s,    005h 13m 20.046s
5552,    3381,    18803427,    000h 00m 03.381s,    005h 13m 23.427s
5553,    3385,    18806812,    000h 00m 03.385s,    005h 13m 26.812s
5554,    3380,    18810192,    000h 00m 03.380s,    005h 13m 30.192s
5555,    3381,    18813573,    000h 00m 03.381s,    005h 13m 33.573s
5556,    3383,    18816956,    000h 00m 03.383s,    005h 13m 36.956s
5557,    3388,    18820344,    000h 00m 03.388s,    005h 13m 40.344s
5558,    3392,    18823736,    000h 00m 03.392s,    005h 13m 43.736s
5559,    3395,    18827131,    000h 00m 03.395s,    005h 13m 47.131s
5560,    3377,    18830508,    000h 00m 03.377s,    005h 13m 50.508s
5561,    3378,    18833886,    000h 00m 03.378s,    005h 13m 53.886s
5562,    3378,    18837264,    000h 00m 03.378s,    005h 13m 57.264s
5563,    3385,    18840649,    000h 00m 03.385s,    005h 14m 00.649s
5564,    3391,    18844040,    000h 00m 03.391s,    005h 14m 04.040s
5565,    3467,    18847507,    000h 00m 03.467s,    005h 14m 07.507s
5566,    3406,    18850913,    000h 00m 03.406s,    005h 14m 10.913s
5567,    3378,    18854291,    000h 00m 03.378s,    005h 14m 14.291s
5568,    3386,    18857677,    000h 00m 03.386s,    005h 14m 17.677s
5569,    3384,    18861061,    000h 00m 03.384s,    005h 14m 21.061s
5570,    3381,    18864442,    000h 00m 03.381s,    005h 14m 24.442s
5571,    3374,    18867816,    000h 00m 03.374s,    005h 14m 27.816s
5572,    3391,    18871207,    000h 00m 03.391s,    005h 14m 31.207s
5573,    3385,    18874592,    000h 00m 03.385s,    005h 14m 34.592s
5574,    3379,    18877971,    000h 00m 03.379s,    005h 14m 37.971s
5575,    3385,    18881356,    000h 00m 03.385s,    005h 14m 41.356s
5576,    3383,    18884739,    000h 00m 03.383s,    005h 14m 44.739s
5577,    3380,    18888119,    000h 00m 03.380s,    005h 14m 48.119s
5578,    3389,    18891508,    000h 00m 03.389s,    005h 14m 51.508s
5579,    3382,    18894890,    000h 00m 03.382s,    005h 14m 54.890s
5580,    3388,    18898278,    000h 00m 03.388s,    005h 14m 58.278s
5581,    3379,    18901657,    000h 00m 03.379s,    005h 15m 01.657s
5582,    3380,    18905037,    000h 00m 03.380s,    005h 15m 05.037s
5583,    3394,    18908431,    000h 00m 03.394s,    005h 15m 08.431s
5584,    3419,    18911850,    000h 00m 03.419s,    005h 15m 11.850s
5585,    3431,    18915281,    000h 00m 03.431s,    005h 15m 15.281s
5586,    3386,    18918667,    000h 00m 03.386s,    005h 15m 18.667s
5587,    3379,    18922046,    000h 00m 03.379s,    005h 15m 22.046s
5588,    3388,    18925434,    000h 00m 03.388s,    005h 15m 25.434s
5589,    3389,    18928823,    000h 00m 03.389s,    005h 15m 28.823s
5590,    3375,    18932198,    000h 00m 03.375s,    005h 15m 32.198s
5591,    3381,    18935579,    000h 00m 03.381s,    005h 15m 35.579s
5592,    3393,    18938972,    000h 00m 03.393s,    005h 15m 38.972s
5593,    3393,    18942365,    000h 00m 03.393s,    005h 15m 42.365s
5594,    3381,    18945746,    000h 00m 03.381s,    005h 15m 45.746s
5595,    3380,    18949126,    000h 00m 03.380s,    005h 15m 49.126s
5596,    3380,    18952506,    000h 00m 03.380s,    005h 15m 52.506s
5597,    3386,    18955892,    000h 00m 03.386s,    005h 15m 55.892s
5598,    3388,    18959280,    000h 00m 03.388s,    005h 15m 59.280s
5599,    3381,    18962661,    000h 00m 03.381s,    005h 16m 02.661s
5600,    3379,    18966040,    000h 00m 03.379s,    005h 16m 06.040s
5601,    3385,    18969425,    000h 00m 03.385s,    005h 16m 09.425s
5602,    3393,    18972818,    000h 00m 03.393s,    005h 16m 12.818s
5603,    3391,    18976209,    000h 00m 03.391s,    005h 16m 16.209s
5604,    3384,    18979593,    000h 00m 03.384s,    005h 16m 19.593s
5605,    3386,    18982979,    000h 00m 03.386s,    005h 16m 22.979s
5606,    3388,    18986367,    000h 00m 03.388s,    005h 16m 26.367s
5607,    3386,    18989753,    000h 00m 03.386s,    005h 16m 29.753s
5608,    3385,    18993138,    000h 00m 03.385s,    005h 16m 33.138s
5609,    3385,    18996523,    000h 00m 03.385s,    005h 16m 36.523s
5610,    3387,    18999910,    000h 00m 03.387s,    005h 16m 39.910s
5611,    3383,    19003293,    000h 00m 03.383s,    005h 16m 43.293s
5612,    3380,    19006673,    000h 00m 03.380s,    005h 16m 46.673s
5613,    3378,    19010051,    000h 00m 03.378s,    005h 16m 50.051s
5614,    3377,    19013428,    000h 00m 03.377s,    005h 16m 53.428s
5615,    3394,    19016822,    000h 00m 03.394s,    005h 16m 56.822s
5616,    3382,    19020204,    000h 00m 03.382s,    005h 17m 00.204s
5617,    3393,    19023597,    000h 00m 03.393s,    005h 17m 03.597s
5618,    3373,    19026970,    000h 00m 03.373s,    005h 17m 06.970s
5619,    3382,    19030352,    000h 00m 03.382s,    005h 17m 10.352s
5620,    3389,    19033741,    000h 00m 03.389s,    005h 17m 13.741s
5621,    3382,    19037123,    000h 00m 03.382s,    005h 17m 17.123s
5622,    3380,    19040503,    000h 00m 03.380s,    005h 17m 20.503s
5623,    3370,    19043873,    000h 00m 03.370s,    005h 17m 23.873s
5624,    3384,    19047257,    000h 00m 03.384s,    005h 17m 27.257s
5625,    3379,    19050636,    000h 00m 03.379s,    005h 17m 30.636s
5626,    3410,    19054046,    000h 00m 03.410s,    005h 17m 34.046s
5627,    3390,    19057436,    000h 00m 03.390s,    005h 17m 37.436s
5628,    3377,    19060813,    000h 00m 03.377s,    005h 17m 40.813s
5629,    3389,    19064202,    000h 00m 03.389s,    005h 17m 44.202s
5630,    3376,    19067578,    000h 00m 03.376s,    005h 17m 47.578s
5631,    3380,    19070958,    000h 00m 03.380s,    005h 17m 50.958s
5632,    3383,    19074341,    000h 00m 03.383s,    005h 17m 54.341s
5633,    3378,    19077719,    000h 00m 03.378s,    005h 17m 57.719s
5634,    3378,    19081097,    000h 00m 03.378s,    005h 18m 01.097s
5635,    3380,    19084477,    000h 00m 03.380s,    005h 18m 04.477s
5636,    3390,    19087867,    000h 00m 03.390s,    005h 18m 07.867s
5637,    3398,    19091265,    000h 00m 03.398s,    005h 18m 11.265s
5638,    3387,    19094652,    000h 00m 03.387s,    005h 18m 14.652s
5639,    3388,    19098040,    000h 00m 03.388s,    005h 18m 18.040s
5640,    3380,    19101420,    000h 00m 03.380s,    005h 18m 21.420s
5641,    3389,    19104809,    000h 00m 03.389s,    005h 18m 24.809s
5642,    3386,    19108195,    000h 00m 03.386s,    005h 18m 28.195s
5643,    3402,    19111597,    000h 00m 03.402s,    005h 18m 31.597s
5644,    3390,    19114987,    000h 00m 03.390s,    005h 18m 34.987s
5645,    3382,    19118369,    000h 00m 03.382s,    005h 18m 38.369s
5646,    3381,    19121750,    000h 00m 03.381s,    005h 18m 41.750s
5647,    3381,    19125131,    000h 00m 03.381s,    005h 18m 45.131s
5648,    3383,    19128514,    000h 00m 03.383s,    005h 18m 48.514s
5649,    3400,    19131914,    000h 00m 03.400s,    005h 18m 51.914s
5650,    3391,    19135305,    000h 00m 03.391s,    005h 18m 55.305s
5651,    3384,    19138689,    000h 00m 03.384s,    005h 18m 58.689s
5652,    3387,    19142076,    000h 00m 03.387s,    005h 19m 02.076s
5653,    3383,    19145459,    000h 00m 03.383s,    005h 19m 05.459s
5654,    3391,    19148850,    000h 00m 03.391s,    005h 19m 08.850s
5655,    3396,    19152246,    000h 00m 03.396s,    005h 19m 12.246s
5656,    3404,    19155650,    000h 00m 03.404s,    005h 19m 15.650s
5657,    3390,    19159040,    000h 00m 03.390s,    005h 19m 19.040s
5658,    3391,    19162431,    000h 00m 03.391s,    005h 19m 22.431s
5659,    3375,    19165806,    000h 00m 03.375s,    005h 19m 25.806s
5660,    3378,    19169184,    000h 00m 03.378s,    005h 19m 29.184s
5661,    3369,    19172553,    000h 00m 03.369s,    005h 19m 32.553s
5662,    3383,    19175936,    000h 00m 03.383s,    005h 19m 35.936s
5663,    3394,    19179330,    000h 00m 03.394s,    005h 19m 39.330s
5664,    3391,    19182721,    000h 00m 03.391s,    005h 19m 42.721s
5665,    3383,    19186104,    000h 00m 03.383s,    005h 19m 46.104s
5666,    3393,    19189497,    000h 00m 03.393s,    005h 19m 49.497s
5667,    3387,    19192884,    000h 00m 03.387s,    005h 19m 52.884s
5668,    3376,    19196260,    000h 00m 03.376s,    005h 19m 56.260s
5669,    3392,    19199652,    000h 00m 03.392s,    005h 19m 59.652s
5670,    3381,    19203033,    000h 00m 03.381s,    005h 20m 03.033s
5671,    3382,    19206415,    000h 00m 03.382s,    005h 20m 06.415s
5672,    3385,    19209800,    000h 00m 03.385s,    005h 20m 09.800s
5673,    3401,    19213201,    000h 00m 03.401s,    005h 20m 13.201s
5674,    3383,    19216584,    000h 00m 03.383s,    005h 20m 16.584s
5675,    3380,    19219964,    000h 00m 03.380s,    005h 20m 19.964s
5676,    3385,    19223349,    000h 00m 03.385s,    005h 20m 23.349s
5677,    3383,    19226732,    000h 00m 03.383s,    005h 20m 26.732s
5678,    3404,    19230136,    000h 00m 03.404s,    005h 20m 30.136s
5679,    3387,    19233523,    000h 00m 03.387s,    005h 20m 33.523s
5680,    3381,    19236904,    000h 00m 03.381s,    005h 20m 36.904s
5681,    3380,    19240284,    000h 00m 03.380s,    005h 20m 40.284s
5682,    3390,    19243674,    000h 00m 03.390s,    005h 20m 43.674s
5683,    3380,    19247054,    000h 00m 03.380s,    005h 20m 47.054s
5684,    3378,    19250432,    000h 00m 03.378s,    005h 20m 50.432s
5685,    3392,    19253824,    000h 00m 03.392s,    005h 20m 53.824s
5686,    3381,    19257205,    000h 00m 03.381s,    005h 20m 57.205s
5687,    3418,    19260623,    000h 00m 03.418s,    005h 21m 00.623s
5688,    3392,    19264015,    000h 00m 03.392s,    005h 21m 04.015s
5689,    3379,    19267394,    000h 00m 03.379s,    005h 21m 07.394s
5690,    3393,    19270787,    000h 00m 03.393s,    005h 21m 10.787s
5691,    3383,    19274170,    000h 00m 03.383s,    005h 21m 14.170s
5692,    3379,    19277549,    000h 00m 03.379s,    005h 21m 17.549s
5693,    3392,    19280941,    000h 00m 03.392s,    005h 21m 20.941s
5694,    3390,    19284331,    000h 00m 03.390s,    005h 21m 24.331s
5695,    3380,    19287711,    000h 00m 03.380s,    005h 21m 27.711s
5696,    3377,    19291088,    000h 00m 03.377s,    005h 21m 31.088s
5697,    3380,    19294468,    000h 00m 03.380s,    005h 21m 34.468s
5698,    3385,    19297853,    000h 00m 03.385s,    005h 21m 37.853s
5699,    3385,    19301238,    000h 00m 03.385s,    005h 21m 41.238s
5700,    3386,    19304624,    000h 00m 03.386s,    005h 21m 44.624s
5701,    3377,    19308001,    000h 00m 03.377s,    005h 21m 48.001s
5702,    3384,    19311385,    000h 00m 03.384s,    005h 21m 51.385s
5703,    3386,    19314771,    000h 00m 03.386s,    005h 21m 54.771s
5704,    3394,    19318165,    000h 00m 03.394s,    005h 21m 58.165s
5705,    3385,    19321550,    000h 00m 03.385s,    005h 22m 01.550s
5706,    3381,    19324931,    000h 00m 03.381s,    005h 22m 04.931s
5707,    3393,    19328324,    000h 00m 03.393s,    005h 22m 08.324s
5708,    3392,    19331716,    000h 00m 03.392s,    005h 22m 11.716s
5709,    3383,    19335099,    000h 00m 03.383s,    005h 22m 15.099s
5710,    3379,    19338478,    000h 00m 03.379s,    005h 22m 18.478s
5711,    3380,    19341858,    000h 00m 03.380s,    005h 22m 21.858s
5712,    3379,    19345237,    000h 00m 03.379s,    005h 22m 25.237s
5713,    3384,    19348621,    000h 00m 03.384s,    005h 22m 28.621s
5714,    3379,    19352000,    000h 00m 03.379s,    005h 22m 32.000s
5715,    3375,    19355375,    000h 00m 03.375s,    005h 22m 35.375s
5716,    3382,    19358757,    000h 00m 03.382s,    005h 22m 38.757s
5717,    3386,    19362143,    000h 00m 03.386s,    005h 22m 42.143s
5718,    3423,    19365566,    000h 00m 03.423s,    005h 22m 45.566s
5719,    3380,    19368946,    000h 00m 03.380s,    005h 22m 48.946s
5720,    3406,    19372352,    000h 00m 03.406s,    005h 22m 52.352s
5721,    3385,    19375737,    000h 00m 03.385s,    005h 22m 55.737s
5722,    3378,    19379115,    000h 00m 03.378s,    005h 22m 59.115s
5723,    3384,    19382499,    000h 00m 03.384s,    005h 23m 02.499s
5724,    3408,    19385907,    000h 00m 03.408s,    005h 23m 05.907s
5725,    3386,    19389293,    000h 00m 03.386s,    005h 23m 09.293s
5726,    3398,    19392691,    000h 00m 03.398s,    005h 23m 12.691s
5727,    3392,    19396083,    000h 00m 03.392s,    005h 23m 16.083s
5728,    3379,    19399462,    000h 00m 03.379s,    005h 23m 19.462s
5729,    3387,    19402849,    000h 00m 03.387s,    005h 23m 22.849s
5730,    3379,    19406228,    000h 00m 03.379s,    005h 23m 26.228s
5731,    3383,    19409611,    000h 00m 03.383s,    005h 23m 29.611s
5732,    3386,    19412997,    000h 00m 03.386s,    005h 23m 32.997s
5733,    3429,    19416426,    000h 00m 03.429s,    005h 23m 36.426s
5734,    3385,    19419811,    000h 00m 03.385s,    005h 23m 39.811s
5735,    3398,    19423209,    000h 00m 03.398s,    005h 23m 43.209s
5736,    3378,    19426587,    000h 00m 03.378s,    005h 23m 46.587s
5737,    3386,    19429973,    000h 00m 03.386s,    005h 23m 49.973s
5738,    3390,    19433363,    000h 00m 03.390s,    005h 23m 53.363s
5739,    3387,    19436750,    000h 00m 03.387s,    005h 23m 56.750s
5740,    3388,    19440138,    000h 00m 03.388s,    005h 24m 00.138s
5741,    3387,    19443525,    000h 00m 03.387s,    005h 24m 03.525s
5742,    3384,    19446909,    000h 00m 03.384s,    005h 24m 06.909s
5743,    3391,    19450300,    000h 00m 03.391s,    005h 24m 10.300s
5744,    3394,    19453694,    000h 00m 03.394s,    005h 24m 13.694s
5745,    3381,    19457075,    000h 00m 03.381s,    005h 24m 17.075s
5746,    3384,    19460459,    000h 00m 03.384s,    005h 24m 20.459s
5747,    3388,    19463847,    000h 00m 03.388s,    005h 24m 23.847s
5748,    3378,    19467225,    000h 00m 03.378s,    005h 24m 27.225s
5749,    3389,    19470614,    000h 00m 03.389s,    005h 24m 30.614s
5750,    3397,    19474011,    000h 00m 03.397s,    005h 24m 34.011s
5751,    3386,    19477397,    000h 00m 03.386s,    005h 24m 37.397s
5752,    3384,    19480781,    000h 00m 03.384s,    005h 24m 40.781s
5753,    3381,    19484162,    000h 00m 03.381s,    005h 24m 44.162s
5754,    3482,    19487644,    000h 00m 03.482s,    005h 24m 47.644s
5755,    3399,    19491043,    000h 00m 03.399s,    005h 24m 51.043s
5756,    3382,    19494425,    000h 00m 03.382s,    005h 24m 54.425s
5757,    3372,    19497797,    000h 00m 03.372s,    005h 24m 57.797s
5758,    3373,    19501170,    000h 00m 03.373s,    005h 25m 01.170s
5759,    3387,    19504557,    000h 00m 03.387s,    005h 25m 04.557s
5760,    3388,    19507945,    000h 00m 03.388s,    005h 25m 07.945s
5761,    3402,    19511347,    000h 00m 03.402s,    005h 25m 11.347s
5762,    3392,    19514739,    000h 00m 03.392s,    005h 25m 14.739s
5763,    3376,    19518115,    000h 00m 03.376s,    005h 25m 18.115s
5764,    3382,    19521497,    000h 00m 03.382s,    005h 25m 21.497s
5765,    3381,    19524878,    000h 00m 03.381s,    005h 25m 24.878s
5766,    3380,    19528258,    000h 00m 03.380s,    005h 25m 28.258s
5767,    3378,    19531636,    000h 00m 03.378s,    005h 25m 31.636s
5768,    3384,    19535020,    000h 00m 03.384s,    005h 25m 35.020s
5769,    3378,    19538398,    000h 00m 03.378s,    005h 25m 38.398s
5770,    3391,    19541789,    000h 00m 03.391s,    005h 25m 41.789s
5771,    3376,    19545165,    000h 00m 03.376s,    005h 25m 45.165s
5772,    3405,    19548570,    000h 00m 03.405s,    005h 25m 48.570s
5773,    3380,    19551950,    000h 00m 03.380s,    005h 25m 51.950s
5774,    3420,    19555370,    000h 00m 03.420s,    005h 25m 55.370s
5775,    3375,    19558745,    000h 00m 03.375s,    005h 25m 58.745s
5776,    3377,    19562122,    000h 00m 03.377s,    005h 26m 02.122s
5777,    3384,    19565506,    000h 00m 03.384s,    005h 26m 05.506s
5778,    3389,    19568895,    000h 00m 03.389s,    005h 26m 08.895s
5779,    3404,    19572299,    000h 00m 03.404s,    005h 26m 12.299s
5780,    3381,    19575680,    000h 00m 03.381s,    005h 26m 15.680s
5781,    3391,    19579071,    000h 00m 03.391s,    005h 26m 19.071s
5782,    3378,    19582449,    000h 00m 03.378s,    005h 26m 22.449s
5783,    3386,    19585835,    000h 00m 03.386s,    005h 26m 25.835s
5784,    3393,    19589228,    000h 00m 03.393s,    005h 26m 29.228s
5785,    3385,    19592613,    000h 00m 03.385s,    005h 26m 32.613s
5786,    3384,    19595997,    000h 00m 03.384s,    005h 26m 35.997s
5787,    3390,    19599387,    000h 00m 03.390s,    005h 26m 39.387s
5788,    3384,    19602771,    000h 00m 03.384s,    005h 26m 42.771s
5789,    3383,    19606154,    000h 00m 03.383s,    005h 26m 46.154s
5790,    3388,    19609542,    000h 00m 03.388s,    005h 26m 49.542s
5791,    3383,    19612925,    000h 00m 03.383s,    005h 26m 52.925s
5792,    3390,    19616315,    000h 00m 03.390s,    005h 26m 56.315s
5793,    3385,    19619700,    000h 00m 03.385s,    005h 26m 59.700s
5794,    3385,    19623085,    000h 00m 03.385s,    005h 27m 03.085s
5795,    3384,    19626469,    000h 00m 03.384s,    005h 27m 06.469s
5796,    3381,    19629850,    000h 00m 03.381s,    005h 27m 09.850s
5797,    3393,    19633243,    000h 00m 03.393s,    005h 27m 13.243s
5798,    3384,    19636627,    000h 00m 03.384s,    005h 27m 16.627s
5799,    3381,    19640008,    000h 00m 03.381s,    005h 27m 20.008s
5800,    3386,    19643394,    000h 00m 03.386s,    005h 27m 23.394s
5801,    3390,    19646784,    000h 00m 03.390s,    005h 27m 26.784s
5802,    3392,    19650176,    000h 00m 03.392s,    005h 27m 30.176s
5803,    3375,    19653551,    000h 00m 03.375s,    005h 27m 33.551s
5804,    3383,    19656934,    000h 00m 03.383s,    005h 27m 36.934s
5805,    3377,    19660311,    000h 00m 03.377s,    005h 27m 40.311s
5806,    3387,    19663698,    000h 00m 03.387s,    005h 27m 43.698s
5807,    3384,    19667082,    000h 00m 03.384s,    005h 27m 47.082s
5808,    3380,    19670462,    000h 00m 03.380s,    005h 27m 50.462s
5809,    3391,    19673853,    000h 00m 03.391s,    005h 27m 53.853s
5810,    3388,    19677241,    000h 00m 03.388s,    005h 27m 57.241s
5811,    3371,    19680612,    000h 00m 03.371s,    005h 28m 00.612s
5812,    3379,    19683991,    000h 00m 03.379s,    005h 28m 03.991s
5813,    3388,    19687379,    000h 00m 03.388s,    005h 28m 07.379s
5814,    3383,    19690762,    000h 00m 03.383s,    005h 28m 10.762s
5815,    3399,    19694161,    000h 00m 03.399s,    005h 28m 14.161s
5816,    3387,    19697548,    000h 00m 03.387s,    005h 28m 17.548s
5817,    3393,    19700941,    000h 00m 03.393s,    005h 28m 20.941s
5818,    3386,    19704327,    000h 00m 03.386s,    005h 28m 24.327s
5819,    3370,    19707697,    000h 00m 03.370s,    005h 28m 27.697s
5820,    3386,    19711083,    000h 00m 03.386s,    005h 28m 31.083s
5821,    3408,    19714491,    000h 00m 03.408s,    005h 28m 34.491s
5822,    3384,    19717875,    000h 00m 03.384s,    005h 28m 37.875s
5823,    3395,    19721270,    000h 00m 03.395s,    005h 28m 41.270s
5824,    3392,    19724662,    000h 00m 03.392s,    005h 28m 44.662s
5825,    3393,    19728055,    000h 00m 03.393s,    005h 28m 48.055s
5826,    3384,    19731439,    000h 00m 03.384s,    005h 28m 51.439s
5827,    3398,    19734837,    000h 00m 03.398s,    005h 28m 54.837s
5828,    3393,    19738230,    000h 00m 03.393s,    005h 28m 58.230s
5829,    3405,    19741635,    000h 00m 03.405s,    005h 29m 01.635s
5830,    3381,    19745016,    000h 00m 03.381s,    005h 29m 05.016s
5831,    3385,    19748401,    000h 00m 03.385s,    005h 29m 08.401s
5832,    3394,    19751795,    000h 00m 03.394s,    005h 29m 11.795s
5833,    3383,    19755178,    000h 00m 03.383s,    005h 29m 15.178s
5834,    3384,    19758562,    000h 00m 03.384s,    005h 29m 18.562s
5835,    3401,    19761963,    000h 00m 03.401s,    005h 29m 21.963s
5836,    3377,    19765340,    000h 00m 03.377s,    005h 29m 25.340s
5837,    3387,    19768727,    000h 00m 03.387s,    005h 29m 28.727s
5838,    3380,    19772107,    000h 00m 03.380s,    005h 29m 32.107s
5839,    3381,    19775488,    000h 00m 03.381s,    005h 29m 35.488s
5840,    3384,    19778872,    000h 00m 03.384s,    005h 29m 38.872s
5841,    3389,    19782261,    000h 00m 03.389s,    005h 29m 42.261s
5842,    3386,    19785647,    000h 00m 03.386s,    005h 29m 45.647s
5843,    3391,    19789038,    000h 00m 03.391s,    005h 29m 49.038s
5844,    3377,    19792415,    000h 00m 03.377s,    005h 29m 52.415s
5845,    3389,    19795804,    000h 00m 03.389s,    005h 29m 55.804s
5846,    3376,    19799180,    000h 00m 03.376s,    005h 29m 59.180s
5847,    3385,    19802565,    000h 00m 03.385s,    005h 30m 02.565s
5848,    3401,    19805966,    000h 00m 03.401s,    005h 30m 05.966s
5849,    3376,    19809342,    000h 00m 03.376s,    005h 30m 09.342s
5850,    3396,    19812738,    000h 00m 03.396s,    005h 30m 12.738s
5851,    3378,    19816116,    000h 00m 03.378s,    005h 30m 16.116s
5852,    3381,    19819497,    000h 00m 03.381s,    005h 30m 19.497s
5853,    3385,    19822882,    000h 00m 03.385s,    005h 30m 22.882s
5854,    3389,    19826271,    000h 00m 03.389s,    005h 30m 26.271s
5855,    3374,    19829645,    000h 00m 03.374s,    005h 30m 29.645s
5856,    3381,    19833026,    000h 00m 03.381s,    005h 30m 33.026s
5857,    3368,    19836394,    000h 00m 03.368s,    005h 30m 36.394s
5858,    3382,    19839776,    000h 00m 03.382s,    005h 30m 39.776s
5859,    3388,    19843164,    000h 00m 03.388s,    005h 30m 43.164s
5860,    3390,    19846554,    000h 00m 03.390s,    005h 30m 46.554s
5861,    3395,    19849949,    000h 00m 03.395s,    005h 30m 49.949s
5862,    3391,    19853340,    000h 00m 03.391s,    005h 30m 53.340s
5863,    3371,    19856711,    000h 00m 03.371s,    005h 30m 56.711s
5864,    3390,    19860101,    000h 00m 03.390s,    005h 31m 00.101s
5865,    3383,    19863484,    000h 00m 03.383s,    005h 31m 03.484s
5866,    3381,    19866865,    000h 00m 03.381s,    005h 31m 06.865s
5867,    3401,    19870266,    000h 00m 03.401s,    005h 31m 10.266s
5868,    3413,    19873679,    000h 00m 03.413s,    005h 31m 13.679s
5869,    3385,    19877064,    000h 00m 03.385s,    005h 31m 17.064s
5870,    3387,    19880451,    000h 00m 03.387s,    005h 31m 20.451s
5871,    3377,    19883828,    000h 00m 03.377s,    005h 31m 23.828s
5872,    3383,    19887211,    000h 00m 03.383s,    005h 31m 27.211s
5873,    3396,    19890607,    000h 00m 03.396s,    005h 31m 30.607s
5874,    3370,    19893977,    000h 00m 03.370s,    005h 31m 33.977s
5875,    3383,    19897360,    000h 00m 03.383s,    005h 31m 37.360s
5876,    3389,    19900749,    000h 00m 03.389s,    005h 31m 40.749s
5877,    3389,    19904138,    000h 00m 03.389s,    005h 31m 44.138s
5878,    3376,    19907514,    000h 00m 03.376s,    005h 31m 47.514s
5879,    3391,    19910905,    000h 00m 03.391s,    005h 31m 50.905s
5880,    3388,    19914293,    000h 00m 03.388s,    005h 31m 54.293s
5881,    3385,    19917678,    000h 00m 03.385s,    005h 31m 57.678s
5882,    3381,    19921059,    000h 00m 03.381s,    005h 32m 01.059s
5883,    3393,    19924452,    000h 00m 03.393s,    005h 32m 04.452s
5884,    3386,    19927838,    000h 00m 03.386s,    005h 32m 07.838s
5885,    3395,    19931233,    000h 00m 03.395s,    005h 32m 11.233s
5886,    3388,    19934621,    000h 00m 03.388s,    005h 32m 14.621s
5887,    3386,    19938007,    000h 00m 03.386s,    005h 32m 18.007s
5888,    3389,    19941396,    000h 00m 03.389s,    005h 32m 21.396s
5889,    3388,    19944784,    000h 00m 03.388s,    005h 32m 24.784s
5890,    3378,    19948162,    000h 00m 03.378s,    005h 32m 28.162s
5891,    3390,    19951552,    000h 00m 03.390s,    005h 32m 31.552s
5892,    3386,    19954938,    000h 00m 03.386s,    005h 32m 34.938s
5893,    3376,    19958314,    000h 00m 03.376s,    005h 32m 38.314s
5894,    3383,    19961697,    000h 00m 03.383s,    005h 32m 41.697s
5895,    3375,    19965072,    000h 00m 03.375s,    005h 32m 45.072s
5896,    3378,    19968450,    000h 00m 03.378s,    005h 32m 48.450s
5897,    3378,    19971828,    000h 00m 03.378s,    005h 32m 51.828s
5898,    3390,    19975218,    000h 00m 03.390s,    005h 32m 55.218s
5899,    3387,    19978605,    000h 00m 03.387s,    005h 32m 58.605s
5900,    3379,    19981984,    000h 00m 03.379s,    005h 33m 01.984s
5901,    3387,    19985371,    000h 00m 03.387s,    005h 33m 05.371s
5902,    3372,    19988743,    000h 00m 03.372s,    005h 33m 08.743s
5903,    3407,    19992150,    000h 00m 03.407s,    005h 33m 12.150s
5904,    3379,    19995529,    000h 00m 03.379s,    005h 33m 15.529s
5905,    3376,    19998905,    000h 00m 03.376s,    005h 33m 18.905s
5906,    3384,    20002289,    000h 00m 03.384s,    005h 33m 22.289s
5907,    3386,    20005675,    000h 00m 03.386s,    005h 33m 25.675s
5908,    3384,    20009059,    000h 00m 03.384s,    005h 33m 29.059s
5909,    3384,    20012443,    000h 00m 03.384s,    005h 33m 32.443s
5910,    3382,    20015825,    000h 00m 03.382s,    005h 33m 35.825s
5911,    3382,    20019207,    000h 00m 03.382s,    005h 33m 39.207s
5912,    3372,    20022579,    000h 00m 03.372s,    005h 33m 42.579s
5913,    3382,    20025961,    000h 00m 03.382s,    005h 33m 45.961s
5914,    3383,    20029344,    000h 00m 03.383s,    005h 33m 49.344s
5915,    3384,    20032728,    000h 00m 03.384s,    005h 33m 52.728s
5916,    3380,    20036108,    000h 00m 03.380s,    005h 33m 56.108s
5917,    3398,    20039506,    000h 00m 03.398s,    005h 33m 59.506s
5918,    3387,    20042893,    000h 00m 03.387s,    005h 34m 02.893s
5919,    3379,    20046272,    000h 00m 03.379s,    005h 34m 06.272s
5920,    3380,    20049652,    000h 00m 03.380s,    005h 34m 09.652s
5921,    3404,    20053056,    000h 00m 03.404s,    005h 34m 13.056s
5922,    3380,    20056436,    000h 00m 03.380s,    005h 34m 16.436s
5923,    3385,    20059821,    000h 00m 03.385s,    005h 34m 19.821s
5924,    3368,    20063189,    000h 00m 03.368s,    005h 34m 23.189s
5925,    3393,    20066582,    000h 00m 03.393s,    005h 34m 26.582s
5926,    3383,    20069965,    000h 00m 03.383s,    005h 34m 29.965s
5927,    3386,    20073351,    000h 00m 03.386s,    005h 34m 33.351s
5928,    3377,    20076728,    000h 00m 03.377s,    005h 34m 36.728s
5929,    3373,    20080101,    000h 00m 03.373s,    005h 34m 40.101s
5930,    3393,    20083494,    000h 00m 03.393s,    005h 34m 43.494s
5931,    3376,    20086870,    000h 00m 03.376s,    005h 34m 46.870s
5932,    3382,    20090252,    000h 00m 03.382s,    005h 34m 50.252s
5933,    3371,    20093623,    000h 00m 03.371s,    005h 34m 53.623s
5934,    3378,    20097001,    000h 00m 03.378s,    005h 34m 57.001s
5935,    3375,    20100376,    000h 00m 03.375s,    005h 35m 00.376s
5936,    3372,    20103748,    000h 00m 03.372s,    005h 35m 03.748s
5937,    3390,    20107138,    000h 00m 03.390s,    005h 35m 07.138s
5938,    3380,    20110518,    000h 00m 03.380s,    005h 35m 10.518s
5939,    3388,    20113906,    000h 00m 03.388s,    005h 35m 13.906s
5940,    3381,    20117287,    000h 00m 03.381s,    005h 35m 17.287s
5941,    3377,    20120664,    000h 00m 03.377s,    005h 35m 20.664s
5942,    3378,    20124042,    000h 00m 03.378s,    005h 35m 24.042s
5943,    3389,    20127431,    000h 00m 03.389s,    005h 35m 27.431s
5944,    3376,    20130807,    000h 00m 03.376s,    005h 35m 30.807s
5945,    3376,    20134183,    000h 00m 03.376s,    005h 35m 34.183s
5946,    3383,    20137566,    000h 00m 03.383s,    005h 35m 37.566s
5947,    3385,    20140951,    000h 00m 03.385s,    005h 35m 40.951s
5948,    3406,    20144357,    000h 00m 03.406s,    005h 35m 44.357s
5949,    3388,    20147745,    000h 00m 03.388s,    005h 35m 47.745s
5950,    3387,    20151132,    000h 00m 03.387s,    005h 35m 51.132s
5951,    3387,    20154519,    000h 00m 03.387s,    005h 35m 54.519s
5952,    3386,    20157905,    000h 00m 03.386s,    005h 35m 57.905s
5953,    3384,    20161289,    000h 00m 03.384s,    005h 36m 01.289s
5954,    3382,    20164671,    000h 00m 03.382s,    005h 36m 04.671s
5955,    3382,    20168053,    000h 00m 03.382s,    005h 36m 08.053s
5956,    3388,    20171441,    000h 00m 03.388s,    005h 36m 11.441s
5957,    3396,    20174837,    000h 00m 03.396s,    005h 36m 14.837s
5958,    3372,    20178209,    000h 00m 03.372s,    005h 36m 18.209s
5959,    3389,    20181598,    000h 00m 03.389s,    005h 36m 21.598s
5960,    3378,    20184976,    000h 00m 03.378s,    005h 36m 24.976s
5961,    3386,    20188362,    000h 00m 03.386s,    005h 36m 28.362s
5962,    3441,    20191803,    000h 00m 03.441s,    005h 36m 31.803s
5963,    3403,    20195206,    000h 00m 03.403s,    005h 36m 35.206s
5964,    3384,    20198590,    000h 00m 03.384s,    005h 36m 38.590s
5965,    3385,    20201975,    000h 00m 03.385s,    005h 36m 41.975s
5966,    3382,    20205357,    000h 00m 03.382s,    005h 36m 45.357s
5967,    3377,    20208734,    000h 00m 03.377s,    005h 36m 48.734s
5968,    3371,    20212105,    000h 00m 03.371s,    005h 36m 52.105s
5969,    3388,    20215493,    000h 00m 03.388s,    005h 36m 55.493s
5970,    3384,    20218877,    000h 00m 03.384s,    005h 36m 58.877s
5971,    3375,    20222252,    000h 00m 03.375s,    005h 37m 02.252s
5972,    3383,    20225635,    000h 00m 03.383s,    005h 37m 05.635s
5973,    3378,    20229013,    000h 00m 03.378s,    005h 37m 09.013s
5974,    3394,    20232407,    000h 00m 03.394s,    005h 37m 12.407s
5975,    3380,    20235787,    000h 00m 03.380s,    005h 37m 15.787s
5976,    3390,    20239177,    000h 00m 03.390s,    005h 37m 19.177s
5977,    3382,    20242559,    000h 00m 03.382s,    005h 37m 22.559s
5978,    3368,    20245927,    000h 00m 03.368s,    005h 37m 25.927s
5979,    3385,    20249312,    000h 00m 03.385s,    005h 37m 29.312s
5980,    3395,    20252707,    000h 00m 03.395s,    005h 37m 32.707s
5981,    3384,    20256091,    000h 00m 03.384s,    005h 37m 36.091s
5982,    3373,    20259464,    000h 00m 03.373s,    005h 37m 39.464s
5983,    3382,    20262846,    000h 00m 03.382s,    005h 37m 42.846s
5984,    3391,    20266237,    000h 00m 03.391s,    005h 37m 46.237s
5985,    3383,    20269620,    000h 00m 03.383s,    005h 37m 49.620s
5986,    3382,    20273002,    000h 00m 03.382s,    005h 37m 53.002s
5987,    3383,    20276385,    000h 00m 03.383s,    005h 37m 56.385s
5988,    3378,    20279763,    000h 00m 03.378s,    005h 37m 59.763s
5989,    3385,    20283148,    000h 00m 03.385s,    005h 38m 03.148s
5990,    3390,    20286538,    000h 00m 03.390s,    005h 38m 06.538s
5991,    3389,    20289927,    000h 00m 03.389s,    005h 38m 09.927s
5992,    3397,    20293324,    000h 00m 03.397s,    005h 38m 13.324s
5993,    3380,    20296704,    000h 00m 03.380s,    005h 38m 16.704s
5994,    3379,    20300083,    000h 00m 03.379s,    005h 38m 20.083s
5995,    3383,    20303466,    000h 00m 03.383s,    005h 38m 23.466s
5996,    3379,    20306845,    000h 00m 03.379s,    005h 38m 26.845s
5997,    3384,    20310229,    000h 00m 03.384s,    005h 38m 30.229s
5998,    3384,    20313613,    000h 00m 03.384s,    005h 38m 33.613s
5999,    3388,    20317001,    000h 00m 03.388s,    005h 38m 37.001s
6000,    3374,    20320375,    000h 00m 03.374s,    005h 38m 40.375s
6001,    3383,    20323758,    000h 00m 03.383s,    005h 38m 43.758s
6002,    3385,    20327143,    000h 00m 03.385s,    005h 38m 47.143s
6003,    3389,    20330532,    000h 00m 03.389s,    005h 38m 50.532s
6004,    3392,    20333924,    000h 00m 03.392s,    005h 38m 53.924s
6005,    3385,    20337309,    000h 00m 03.385s,    005h 38m 57.309s
6006,    3391,    20340700,    000h 00m 03.391s,    005h 39m 00.700s
6007,    3380,    20344080,    000h 00m 03.380s,    005h 39m 04.080s
6008,    3404,    20347484,    000h 00m 03.404s,    005h 39m 07.484s
6009,    3390,    20350874,    000h 00m 03.390s,    005h 39m 10.874s
6010,    3390,    20354264,    000h 00m 03.390s,    005h 39m 14.264s
6011,    3382,    20357646,    000h 00m 03.382s,    005h 39m 17.646s
6012,    3382,    20361028,    000h 00m 03.382s,    005h 39m 21.028s
6013,    3382,    20364410,    000h 00m 03.382s,    005h 39m 24.410s
6014,    3385,    20367795,    000h 00m 03.385s,    005h 39m 27.795s
6015,    3382,    20371177,    000h 00m 03.382s,    005h 39m 31.177s
6016,    3394,    20374571,    000h 00m 03.394s,    005h 39m 34.571s
6017,    3384,    20377955,    000h 00m 03.384s,    005h 39m 37.955s
6018,    3391,    20381346,    000h 00m 03.391s,    005h 39m 41.346s
6019,    3386,    20384732,    000h 00m 03.386s,    005h 39m 44.732s
6020,    3382,    20388114,    000h 00m 03.382s,    005h 39m 48.114s
6021,    3379,    20391493,    000h 00m 03.379s,    005h 39m 51.493s
6022,    3391,    20394884,    000h 00m 03.391s,    005h 39m 54.884s
6023,    3379,    20398263,    000h 00m 03.379s,    005h 39m 58.263s
6024,    3387,    20401650,    000h 00m 03.387s,    005h 40m 01.650s
6025,    3375,    20405025,    000h 00m 03.375s,    005h 40m 05.025s
6026,    3383,    20408408,    000h 00m 03.383s,    005h 40m 08.408s
6027,    3402,    20411810,    000h 00m 03.402s,    005h 40m 11.810s
6028,    3401,    20415211,    000h 00m 03.401s,    005h 40m 15.211s
6029,    3379,    20418590,    000h 00m 03.379s,    005h 40m 18.590s
6030,    3385,    20421975,    000h 00m 03.385s,    005h 40m 21.975s
6031,    3395,    20425370,    000h 00m 03.395s,    005h 40m 25.370s
6032,    3379,    20428749,    000h 00m 03.379s,    005h 40m 28.749s
6033,    3387,    20432136,    000h 00m 03.387s,    005h 40m 32.136s
6034,    3387,    20435523,    000h 00m 03.387s,    005h 40m 35.523s
6035,    3381,    20438904,    000h 00m 03.381s,    005h 40m 38.904s
6036,    3382,    20442286,    000h 00m 03.382s,    005h 40m 42.286s
6037,    3386,    20445672,    000h 00m 03.386s,    005h 40m 45.672s
6038,    3388,    20449060,    000h 00m 03.388s,    005h 40m 49.060s
6039,    3384,    20452444,    000h 00m 03.384s,    005h 40m 52.444s
6040,    3379,    20455823,    000h 00m 03.379s,    005h 40m 55.823s
6041,    3372,    20459195,    000h 00m 03.372s,    005h 40m 59.195s
6042,    3385,    20462580,    000h 00m 03.385s,    005h 41m 02.580s
6043,    3384,    20465964,    000h 00m 03.384s,    005h 41m 05.964s
6044,    3388,    20469352,    000h 00m 03.388s,    005h 41m 09.352s
6045,    3402,    20472754,    000h 00m 03.402s,    005h 41m 12.754s
6046,    3376,    20476130,    000h 00m 03.376s,    005h 41m 16.130s
6047,    3383,    20479513,    000h 00m 03.383s,    005h 41m 19.513s
6048,    3384,    20482897,    000h 00m 03.384s,    005h 41m 22.897s
6049,    3388,    20486285,    000h 00m 03.388s,    005h 41m 26.285s
6050,    3382,    20489667,    000h 00m 03.382s,    005h 41m 29.667s
6051,    3380,    20493047,    000h 00m 03.380s,    005h 41m 33.047s
6052,    3389,    20496436,    000h 00m 03.389s,    005h 41m 36.436s
6053,    3391,    20499827,    000h 00m 03.391s,    005h 41m 39.827s
6054,    3378,    20503205,    000h 00m 03.378s,    005h 41m 43.205s
6055,    3379,    20506584,    000h 00m 03.379s,    005h 41m 46.584s
6056,    3382,    20509966,    000h 00m 03.382s,    005h 41m 49.966s
6057,    3402,    20513368,    000h 00m 03.402s,    005h 41m 53.368s
6058,    3387,    20516755,    000h 00m 03.387s,    005h 41m 56.755s
6059,    3387,    20520142,    000h 00m 03.387s,    005h 42m 00.142s
6060,    3386,    20523528,    000h 00m 03.386s,    005h 42m 03.528s
6061,    3383,    20526911,    000h 00m 03.383s,    005h 42m 06.911s
6062,    3391,    20530302,    000h 00m 03.391s,    005h 42m 10.302s
6063,    3395,    20533697,    000h 00m 03.395s,    005h 42m 13.697s
6064,    3385,    20537082,    000h 00m 03.385s,    005h 42m 17.082s
6065,    3381,    20540463,    000h 00m 03.381s,    005h 42m 20.463s
6066,    3382,    20543845,    000h 00m 03.382s,    005h 42m 23.845s
6067,    3377,    20547222,    000h 00m 03.377s,    005h 42m 27.222s
6068,    3372,    20550594,    000h 00m 03.372s,    005h 42m 30.594s
6069,    3381,    20553975,    000h 00m 03.381s,    005h 42m 33.975s
6070,    3378,    20557353,    000h 00m 03.378s,    005h 42m 37.353s
6071,    3382,    20560735,    000h 00m 03.382s,    005h 42m 40.735s
6072,    3384,    20564119,    000h 00m 03.384s,    005h 42m 44.119s
6073,    3390,    20567509,    000h 00m 03.390s,    005h 42m 47.509s
6074,    3379,    20570888,    000h 00m 03.379s,    005h 42m 50.888s
6075,    3384,    20574272,    000h 00m 03.384s,    005h 42m 54.272s
6076,    3380,    20577652,    000h 00m 03.380s,    005h 42m 57.652s
6077,    3382,    20581034,    000h 00m 03.382s,    005h 43m 01.034s
6078,    3380,    20584414,    000h 00m 03.380s,    005h 43m 04.414s
6079,    3381,    20587795,    000h 00m 03.381s,    005h 43m 07.795s
6080,    3392,    20591187,    000h 00m 03.392s,    005h 43m 11.187s
6081,    3391,    20594578,    000h 00m 03.391s,    005h 43m 14.578s
6082,    3377,    20597955,    000h 00m 03.377s,    005h 43m 17.955s
6083,    3378,    20601333,    000h 00m 03.378s,    005h 43m 21.333s
6084,    3375,    20604708,    000h 00m 03.375s,    005h 43m 24.708s
6085,    3389,    20608097,    000h 00m 03.389s,    005h 43m 28.097s
6086,    3386,    20611483,    000h 00m 03.386s,    005h 43m 31.483s
6087,    3379,    20614862,    000h 00m 03.379s,    005h 43m 34.862s
6088,    3388,    20618250,    000h 00m 03.388s,    005h 43m 38.250s
6089,    3387,    20621637,    000h 00m 03.387s,    005h 43m 41.637s
6090,    3383,    20625020,    000h 00m 03.383s,    005h 43m 45.020s
6091,    3379,    20628399,    000h 00m 03.379s,    005h 43m 48.399s
6092,    3385,    20631784,    000h 00m 03.385s,    005h 43m 51.784s
6093,    3384,    20635168,    000h 00m 03.384s,    005h 43m 55.168s
6094,    3378,    20638546,    000h 00m 03.378s,    005h 43m 58.546s
6095,    3379,    20641925,    000h 00m 03.379s,    005h 44m 01.925s
6096,    3382,    20645307,    000h 00m 03.382s,    005h 44m 05.307s
6097,    3390,    20648697,    000h 00m 03.390s,    005h 44m 08.697s
6098,    3388,    20652085,    000h 00m 03.388s,    005h 44m 12.085s
6099,    3394,    20655479,    000h 00m 03.394s,    005h 44m 15.479s
6100,    3389,    20658868,    000h 00m 03.389s,    005h 44m 18.868s
6101,    3382,    20662250,    000h 00m 03.382s,    005h 44m 22.250s
6102,    3394,    20665644,    000h 00m 03.394s,    005h 44m 25.644s
6103,    3390,    20669034,    000h 00m 03.390s,    005h 44m 29.034s
6104,    3380,    20672414,    000h 00m 03.380s,    005h 44m 32.414s
6105,    3382,    20675796,    000h 00m 03.382s,    005h 44m 35.796s
6106,    3378,    20679174,    000h 00m 03.378s,    005h 44m 39.174s
6107,    3383,    20682557,    000h 00m 03.383s,    005h 44m 42.557s
6108,    3381,    20685938,    000h 00m 03.381s,    005h 44m 45.938s
6109,    3390,    20689328,    000h 00m 03.390s,    005h 44m 49.328s
6110,    3382,    20692710,    000h 00m 03.382s,    005h 44m 52.710s
6111,    3375,    20696085,    000h 00m 03.375s,    005h 44m 56.085s
6112,    3387,    20699472,    000h 00m 03.387s,    005h 44m 59.472s
6113,    3375,    20702847,    000h 00m 03.375s,    005h 45m 02.847s
6114,    3381,    20706228,    000h 00m 03.381s,    005h 45m 06.228s
6115,    3382,    20709610,    000h 00m 03.382s,    005h 45m 09.610s
6116,    3389,    20712999,    000h 00m 03.389s,    005h 45m 12.999s
6117,    3389,    20716388,    000h 00m 03.389s,    005h 45m 16.388s
6118,    3378,    20719766,    000h 00m 03.378s,    005h 45m 19.766s
6119,    3388,    20723154,    000h 00m 03.388s,    005h 45m 23.154s
6120,    3382,    20726536,    000h 00m 03.382s,    005h 45m 26.536s
6121,    3394,    20729930,    000h 00m 03.394s,    005h 45m 29.930s
6122,    3384,    20733314,    000h 00m 03.384s,    005h 45m 33.314s
6123,    3383,    20736697,    000h 00m 03.383s,    005h 45m 36.697s
6124,    3382,    20740079,    000h 00m 03.382s,    005h 45m 40.079s
6125,    3390,    20743469,    000h 00m 03.390s,    005h 45m 43.469s
6126,    3389,    20746858,    000h 00m 03.389s,    005h 45m 46.858s
6127,    3383,    20750241,    000h 00m 03.383s,    005h 45m 50.241s
6128,    3392,    20753633,    000h 00m 03.392s,    005h 45m 53.633s
6129,    3377,    20757010,    000h 00m 03.377s,    005h 45m 57.010s
6130,    3378,    20760388,    000h 00m 03.378s,    005h 46m 00.388s
6131,    3387,    20763775,    000h 00m 03.387s,    005h 46m 03.775s
6132,    3399,    20767174,    000h 00m 03.399s,    005h 46m 07.174s
6133,    3388,    20770562,    000h 00m 03.388s,    005h 46m 10.562s
6134,    3404,    20773966,    000h 00m 03.404s,    005h 46m 13.966s
6135,    3388,    20777354,    000h 00m 03.388s,    005h 46m 17.354s
6136,    3378,    20780732,    000h 00m 03.378s,    005h 46m 20.732s
6137,    3384,    20784116,    000h 00m 03.384s,    005h 46m 24.116s
6138,    3393,    20787509,    000h 00m 03.393s,    005h 46m 27.509s
6139,    3383,    20790892,    000h 00m 03.383s,    005h 46m 30.892s
6140,    3377,    20794269,    000h 00m 03.377s,    005h 46m 34.269s
6141,    3377,    20797646,    000h 00m 03.377s,    005h 46m 37.646s
6142,    3389,    20801035,    000h 00m 03.389s,    005h 46m 41.035s
6143,    3378,    20804413,    000h 00m 03.378s,    005h 46m 44.413s
6144,    3375,    20807788,    000h 00m 03.375s,    005h 46m 47.788s
6145,    3383,    20811171,    000h 00m 03.383s,    005h 46m 51.171s
6146,    3391,    20814562,    000h 00m 03.391s,    005h 46m 54.562s
6147,    3366,    20817928,    000h 00m 03.366s,    005h 46m 57.928s
6148,    3379,    20821307,    000h 00m 03.379s,    005h 47m 01.307s
6149,    3391,    20824698,    000h 00m 03.391s,    005h 47m 04.698s
6150,    3379,    20828077,    000h 00m 03.379s,    005h 47m 08.077s
6151,    3410,    20831487,    000h 00m 03.410s,    005h 47m 11.487s
6152,    3388,    20834875,    000h 00m 03.388s,    005h 47m 14.875s
6153,    3383,    20838258,    000h 00m 03.383s,    005h 47m 18.258s
6154,    3390,    20841648,    000h 00m 03.390s,    005h 47m 21.648s
6155,    3385,    20845033,    000h 00m 03.385s,    005h 47m 25.033s
6156,    3390,    20848423,    000h 00m 03.390s,    005h 47m 28.423s
6157,    3392,    20851815,    000h 00m 03.392s,    005h 47m 31.815s
6158,    3383,    20855198,    000h 00m 03.383s,    005h 47m 35.198s
6159,    3385,    20858583,    000h 00m 03.385s,    005h 47m 38.583s
6160,    3386,    20861969,    000h 00m 03.386s,    005h 47m 41.969s
6161,    3383,    20865352,    000h 00m 03.383s,    005h 47m 45.352s
6162,    3382,    20868734,    000h 00m 03.382s,    005h 47m 48.734s
6163,    3378,    20872112,    000h 00m 03.378s,    005h 47m 52.112s
6164,    3373,    20875485,    000h 00m 03.373s,    005h 47m 55.485s
6165,    3385,    20878870,    000h 00m 03.385s,    005h 47m 58.870s
6166,    3382,    20882252,    000h 00m 03.382s,    005h 48m 02.252s
6167,    3454,    20885706,    000h 00m 03.454s,    005h 48m 05.706s
6168,    3386,    20889092,    000h 00m 03.386s,    005h 48m 09.092s
6169,    3400,    20892492,    000h 00m 03.400s,    005h 48m 12.492s
6170,    3397,    20895889,    000h 00m 03.397s,    005h 48m 15.889s
6171,    3395,    20899284,    000h 00m 03.395s,    005h 48m 19.284s
6172,    3386,    20902670,    000h 00m 03.386s,    005h 48m 22.670s
6173,    3378,    20906048,    000h 00m 03.378s,    005h 48m 26.048s
6174,    3383,    20909431,    000h 00m 03.383s,    005h 48m 29.431s
6175,    3387,    20912818,    000h 00m 03.387s,    005h 48m 32.818s
6176,    3389,    20916207,    000h 00m 03.389s,    005h 48m 36.207s
6177,    3385,    20919592,    000h 00m 03.385s,    005h 48m 39.592s
6178,    3391,    20922983,    000h 00m 03.391s,    005h 48m 42.983s
6179,    3379,    20926362,    000h 00m 03.379s,    005h 48m 46.362s
6180,    3388,    20929750,    000h 00m 03.388s,    005h 48m 49.750s
6181,    3391,    20933141,    000h 00m 03.391s,    005h 48m 53.141s
6182,    3375,    20936516,    000h 00m 03.375s,    005h 48m 56.516s
6183,    3374,    20939890,    000h 00m 03.374s,    005h 48m 59.890s
6184,    3376,    20943266,    000h 00m 03.376s,    005h 49m 03.266s
6185,    3382,    20946648,    000h 00m 03.382s,    005h 49m 06.648s
6186,    3388,    20950036,    000h 00m 03.388s,    005h 49m 10.036s
6187,    3408,    20953444,    000h 00m 03.408s,    005h 49m 13.444s
6188,    3381,    20956825,    000h 00m 03.381s,    005h 49m 16.825s
6189,    3385,    20960210,    000h 00m 03.385s,    005h 49m 20.210s
6190,    3387,    20963597,    000h 00m 03.387s,    005h 49m 23.597s
6191,    3382,    20966979,    000h 00m 03.382s,    005h 49m 26.979s
6192,    3388,    20970367,    000h 00m 03.388s,    005h 49m 30.367s
6193,    3385,    20973752,    000h 00m 03.385s,    005h 49m 33.752s
6194,    3380,    20977132,    000h 00m 03.380s,    005h 49m 37.132s
6195,    3388,    20980520,    000h 00m 03.388s,    005h 49m 40.520s
6196,    3385,    20983905,    000h 00m 03.385s,    005h 49m 43.905s
6197,    3387,    20987292,    000h 00m 03.387s,    005h 49m 47.292s
6198,    3387,    20990679,    000h 00m 03.387s,    005h 49m 50.679s
6199,    3375,    20994054,    000h 00m 03.375s,    005h 49m 54.054s
6200,    3378,    20997432,    000h 00m 03.378s,    005h 49m 57.432s
6201,    3373,    21000805,    000h 00m 03.373s,    005h 50m 00.805s
6202,    3372,    21004177,    000h 00m 03.372s,    005h 50m 04.177s
6203,    3384,    21007561,    000h 00m 03.384s,    005h 50m 07.561s
6204,    3385,    21010946,    000h 00m 03.385s,    005h 50m 10.946s
6205,    3401,    21014347,    000h 00m 03.401s,    005h 50m 14.347s
6206,    3385,    21017732,    000h 00m 03.385s,    005h 50m 17.732s
6207,    3391,    21021123,    000h 00m 03.391s,    005h 50m 21.123s
6208,    3399,    21024522,    000h 00m 03.399s,    005h 50m 24.522s
6209,    3398,    21027920,    000h 00m 03.398s,    005h 50m 27.920s
6210,    3386,    21031306,    000h 00m 03.386s,    005h 50m 31.306s
6211,    3375,    21034681,    000h 00m 03.375s,    005h 50m 34.681s
6212,    3398,    21038079,    000h 00m 03.398s,    005h 50m 38.079s
6213,    3384,    21041463,    000h 00m 03.384s,    005h 50m 41.463s
6214,    3380,    21044843,    000h 00m 03.380s,    005h 50m 44.843s
6215,    3373,    21048216,    000h 00m 03.373s,    005h 50m 48.216s
6216,    3383,    21051599,    000h 00m 03.383s,    005h 50m 51.599s
6217,    3375,    21054974,    000h 00m 03.375s,    005h 50m 54.974s
6218,    3382,    21058356,    000h 00m 03.382s,    005h 50m 58.356s
6219,    3382,    21061738,    000h 00m 03.382s,    005h 51m 01.738s
6220,    3391,    21065129,    000h 00m 03.391s,    005h 51m 05.129s
6221,    3392,    21068521,    000h 00m 03.392s,    005h 51m 08.521s
6222,    3390,    21071911,    000h 00m 03.390s,    005h 51m 11.911s
6223,    3397,    21075308,    000h 00m 03.397s,    005h 51m 15.308s
6224,    3382,    21078690,    000h 00m 03.382s,    005h 51m 18.690s
6225,    3381,    21082071,    000h 00m 03.381s,    005h 51m 22.071s
6226,    3372,    21085443,    000h 00m 03.372s,    005h 51m 25.443s
6227,    3386,    21088829,    000h 00m 03.386s,    005h 51m 28.829s
6228,    3380,    21092209,    000h 00m 03.380s,    005h 51m 32.209s
6229,    3392,    21095601,    000h 00m 03.392s,    005h 51m 35.601s
6230,    3379,    21098980,    000h 00m 03.379s,    005h 51m 38.980s
6231,    3389,    21102369,    000h 00m 03.389s,    005h 51m 42.369s
6232,    3389,    21105758,    000h 00m 03.389s,    005h 51m 45.758s
6233,    3387,    21109145,    000h 00m 03.387s,    005h 51m 49.145s
6234,    3374,    21112519,    000h 00m 03.374s,    005h 51m 52.519s
6235,    3384,    21115903,    000h 00m 03.384s,    005h 51m 55.903s
6236,    3381,    21119284,    000h 00m 03.381s,    005h 51m 59.284s
6237,    3387,    21122671,    000h 00m 03.387s,    005h 52m 02.671s
6238,    3384,    21126055,    000h 00m 03.384s,    005h 52m 06.055s
6239,    3383,    21129438,    000h 00m 03.383s,    005h 52m 09.438s
6240,    3391,    21132829,    000h 00m 03.391s,    005h 52m 12.829s
6241,    3380,    21136209,    000h 00m 03.380s,    005h 52m 16.209s
6242,    3378,    21139587,    000h 00m 03.378s,    005h 52m 19.587s
6243,    3394,    21142981,    000h 00m 03.394s,    005h 52m 22.981s
6244,    3386,    21146367,    000h 00m 03.386s,    005h 52m 26.367s
6245,    3388,    21149755,    000h 00m 03.388s,    005h 52m 29.755s
6246,    3400,    21153155,    000h 00m 03.400s,    005h 52m 33.155s
6247,    3411,    21156566,    000h 00m 03.411s,    005h 52m 36.566s
6248,    3385,    21159951,    000h 00m 03.385s,    005h 52m 39.951s
6249,    3393,    21163344,    000h 00m 03.393s,    005h 52m 43.344s
6250,    3381,    21166725,    000h 00m 03.381s,    005h 52m 46.725s
6251,    3385,    21170110,    000h 00m 03.385s,    005h 52m 50.110s
6252,    3386,    21173496,    000h 00m 03.386s,    005h 52m 53.496s
6253,    3388,    21176884,    000h 00m 03.388s,    005h 52m 56.884s
6254,    3381,    21180265,    000h 00m 03.381s,    005h 53m 00.265s
6255,    3387,    21183652,    000h 00m 03.387s,    005h 53m 03.652s
6256,    3387,    21187039,    000h 00m 03.387s,    005h 53m 07.039s
6257,    3388,    21190427,    000h 00m 03.388s,    005h 53m 10.427s
6258,    3399,    21193826,    000h 00m 03.399s,    005h 53m 13.826s
6259,    3387,    21197213,    000h 00m 03.387s,    005h 53m 17.213s
6260,    3395,    21200608,    000h 00m 03.395s,    005h 53m 20.608s
6261,    3385,    21203993,    000h 00m 03.385s,    005h 53m 23.993s
6262,    3375,    21207368,    000h 00m 03.375s,    005h 53m 27.368s
6263,    3382,    21210750,    000h 00m 03.382s,    005h 53m 30.750s
6264,    3380,    21214130,    000h 00m 03.380s,    005h 53m 34.130s
6265,    3386,    21217516,    000h 00m 03.386s,    005h 53m 37.516s
6266,    3385,    21220901,    000h 00m 03.385s,    005h 53m 40.901s
6267,    3379,    21224280,    000h 00m 03.379s,    005h 53m 44.280s
6268,    3381,    21227661,    000h 00m 03.381s,    005h 53m 47.661s
6269,    3383,    21231044,    000h 00m 03.383s,    005h 53m 51.044s
6270,    3386,    21234430,    000h 00m 03.386s,    005h 53m 54.430s
6271,    3381,    21237811,    000h 00m 03.381s,    005h 53m 57.811s
6272,    3374,    21241185,    000h 00m 03.374s,    005h 54m 01.185s
6273,    3379,    21244564,    000h 00m 03.379s,    005h 54m 04.564s
6274,    3383,    21247947,    000h 00m 03.383s,    005h 54m 07.947s
6275,    3380,    21251327,    000h 00m 03.380s,    005h 54m 11.327s
6276,    3389,    21254716,    000h 00m 03.389s,    005h 54m 14.716s
6277,    3389,    21258105,    000h 00m 03.389s,    005h 54m 18.105s
6278,    3383,    21261488,    000h 00m 03.383s,    005h 54m 21.488s
6279,    3379,    21264867,    000h 00m 03.379s,    005h 54m 24.867s
6280,    3383,    21268250,    000h 00m 03.383s,    005h 54m 28.250s
6281,    3380,    21271630,    000h 00m 03.380s,    005h 54m 31.630s
6282,    3384,    21275014,    000h 00m 03.384s,    005h 54m 35.014s
6283,    3379,    21278393,    000h 00m 03.379s,    005h 54m 38.393s
6284,    3392,    21281785,    000h 00m 03.392s,    005h 54m 41.785s
6285,    3386,    21285171,    000h 00m 03.386s,    005h 54m 45.171s
6286,    3384,    21288555,    000h 00m 03.384s,    005h 54m 48.555s
6287,    3389,    21291944,    000h 00m 03.389s,    005h 54m 51.944s
6288,    3392,    21295336,    000h 00m 03.392s,    005h 54m 55.336s
6289,    3384,    21298720,    000h 00m 03.384s,    005h 54m 58.720s
6290,    3388,    21302108,    000h 00m 03.388s,    005h 55m 02.108s
6291,    3382,    21305490,    000h 00m 03.382s,    005h 55m 05.490s
6292,    3379,    21308869,    000h 00m 03.379s,    005h 55m 08.869s
6293,    3391,    21312260,    000h 00m 03.391s,    005h 55m 12.260s
6294,    3395,    21315655,    000h 00m 03.395s,    005h 55m 15.655s
6295,    3379,    21319034,    000h 00m 03.379s,    005h 55m 19.034s
6296,    3384,    21322418,    000h 00m 03.384s,    005h 55m 22.418s
6297,    3384,    21325802,    000h 00m 03.384s,    005h 55m 25.802s
6298,    3367,    21329169,    000h 00m 03.367s,    005h 55m 29.169s
6299,    3378,    21332547,    000h 00m 03.378s,    005h 55m 32.547s
6300,    3385,    21335932,    000h 00m 03.385s,    005h 55m 35.932s
6301,    3376,    21339308,    000h 00m 03.376s,    005h 55m 39.308s
6302,    3392,    21342700,    000h 00m 03.392s,    005h 55m 42.700s
6303,    3382,    21346082,    000h 00m 03.382s,    005h 55m 46.082s
6304,    3381,    21349463,    000h 00m 03.381s,    005h 55m 49.463s
6305,    3377,    21352840,    000h 00m 03.377s,    005h 55m 52.840s
6306,    3382,    21356222,    000h 00m 03.382s,    005h 55m 56.222s
6307,    3379,    21359601,    000h 00m 03.379s,    005h 55m 59.601s
6308,    3382,    21362983,    000h 00m 03.382s,    005h 56m 02.983s
6309,    3380,    21366363,    000h 00m 03.380s,    005h 56m 06.363s
6310,    3384,    21369747,    000h 00m 03.384s,    005h 56m 09.747s
6311,    3397,    21373144,    000h 00m 03.397s,    005h 56m 13.144s
6312,    3372,    21376516,    000h 00m 03.372s,    005h 56m 16.516s
6313,    3384,    21379900,    000h 00m 03.384s,    005h 56m 19.900s
6314,    3405,    21383305,    000h 00m 03.405s,    005h 56m 23.305s
6315,    3385,    21386690,    000h 00m 03.385s,    005h 56m 26.690s
6316,    3377,    21390067,    000h 00m 03.377s,    005h 56m 30.067s
6317,    3382,    21393449,    000h 00m 03.382s,    005h 56m 33.449s
6318,    3387,    21396836,    000h 00m 03.387s,    005h 56m 36.836s
6319,    3386,    21400222,    000h 00m 03.386s,    005h 56m 40.222s
6320,    3383,    21403605,    000h 00m 03.383s,    005h 56m 43.605s
6321,    3394,    21406999,    000h 00m 03.394s,    005h 56m 46.999s
6322,    3384,    21410383,    000h 00m 03.384s,    005h 56m 50.383s
6323,    3392,    21413775,    000h 00m 03.392s,    005h 56m 53.775s
6324,    3381,    21417156,    000h 00m 03.381s,    005h 56m 57.156s
6325,    3377,    21420533,    000h 00m 03.377s,    005h 57m 00.533s
6326,    3386,    21423919,    000h 00m 03.386s,    005h 57m 03.919s
6327,    3389,    21427308,    000h 00m 03.389s,    005h 57m 07.308s
6328,    3390,    21430698,    000h 00m 03.390s,    005h 57m 10.698s
6329,    3385,    21434083,    000h 00m 03.385s,    005h 57m 14.083s
6330,    3382,    21437465,    000h 00m 03.382s,    005h 57m 17.465s
6331,    3391,    21440856,    000h 00m 03.391s,    005h 57m 20.856s
6332,    3379,    21444235,    000h 00m 03.379s,    005h 57m 24.235s
6333,    3389,    21447624,    000h 00m 03.389s,    005h 57m 27.624s
6334,    3385,    21451009,    000h 00m 03.385s,    005h 57m 31.009s
6335,    3397,    21454406,    000h 00m 03.397s,    005h 57m 34.406s
6336,    3388,    21457794,    000h 00m 03.388s,    005h 57m 37.794s
6337,    3393,    21461187,    000h 00m 03.393s,    005h 57m 41.187s
6338,    3395,    21464582,    000h 00m 03.395s,    005h 57m 44.582s
6339,    3388,    21467970,    000h 00m 03.388s,    005h 57m 47.970s
6340,    3383,    21471353,    000h 00m 03.383s,    005h 57m 51.353s
6341,    3411,    21474764,    000h 00m 03.411s,    005h 57m 54.764s
6342,    3394,    21478158,    000h 00m 03.394s,    005h 57m 58.158s
6343,    3387,    21481545,    000h 00m 03.387s,    005h 58m 01.545s
6344,    3378,    21484923,    000h 00m 03.378s,    005h 58m 04.923s
6345,    3383,    21488306,    000h 00m 03.383s,    005h 58m 08.306s
6346,    3390,    21491696,    000h 00m 03.390s,    005h 58m 11.696s
6347,    3395,    21495091,    000h 00m 03.395s,    005h 58m 15.091s
6348,    3390,    21498481,    000h 00m 03.390s,    005h 58m 18.481s
6349,    3385,    21501866,    000h 00m 03.385s,    005h 58m 21.866s
6350,    3385,    21505251,    000h 00m 03.385s,    005h 58m 25.251s
6351,    3394,    21508645,    000h 00m 03.394s,    005h 58m 28.645s
6352,    3377,    21512022,    000h 00m 03.377s,    005h 58m 32.022s
6353,    3384,    21515406,    000h 00m 03.384s,    005h 58m 35.406s
6354,    3391,    21518797,    000h 00m 03.391s,    005h 58m 38.797s
6355,    3390,    21522187,    000h 00m 03.390s,    005h 58m 42.187s
6356,    3389,    21525576,    000h 00m 03.389s,    005h 58m 45.576s
6357,    3383,    21528959,    000h 00m 03.383s,    005h 58m 48.959s
6358,    3383,    21532342,    000h 00m 03.383s,    005h 58m 52.342s
6359,    3392,    21535734,    000h 00m 03.392s,    005h 58m 55.734s
6360,    3389,    21539123,    000h 00m 03.389s,    005h 58m 59.123s
6361,    3380,    21542503,    000h 00m 03.380s,    005h 59m 02.503s
6362,    3381,    21545884,    000h 00m 03.381s,    005h 59m 05.884s
6363,    3394,    21549278,    000h 00m 03.394s,    005h 59m 09.278s
6364,    3388,    21552666,    000h 00m 03.388s,    005h 59m 12.666s
6365,    3400,    21556066,    000h 00m 03.400s,    005h 59m 16.066s
6366,    3394,    21559460,    000h 00m 03.394s,    005h 59m 19.460s
6367,    3380,    21562840,    000h 00m 03.380s,    005h 59m 22.840s
6368,    3370,    21566210,    000h 00m 03.370s,    005h 59m 26.210s
6369,    3376,    21569586,    000h 00m 03.376s,    005h 59m 29.586s
6370,    3383,    21572969,    000h 00m 03.383s,    005h 59m 32.969s
6371,    3378,    21576347,    000h 00m 03.378s,    005h 59m 36.347s
6372,    3384,    21579731,    000h 00m 03.384s,    005h 59m 39.731s
6373,    3394,    21583125,    000h 00m 03.394s,    005h 59m 43.125s
6374,    3377,    21586502,    000h 00m 03.377s,    005h 59m 46.502s
6375,    3391,    21589893,    000h 00m 03.391s,    005h 59m 49.893s
6376,    3381,    21593274,    000h 00m 03.381s,    005h 59m 53.274s
6377,    3377,    21596651,    000h 00m 03.377s,    005h 59m 56.651s
6378,    3382,    21600033,    000h 00m 03.382s,    006h 00m 00.033s
6379,    3375,    21603408,    000h 00m 03.375s,    006h 00m 03.408s
6380,    3388,    21606796,    000h 00m 03.388s,    006h 00m 06.796s
6381,    3395,    21610191,    000h 00m 03.395s,    006h 00m 10.191s
6382,    3391,    21613582,    000h 00m 03.391s,    006h 00m 13.582s
6383,    3373,    21616955,    000h 00m 03.373s,    006h 00m 16.955s
6384,    3381,    21620336,    000h 00m 03.381s,    006h 00m 20.336s
6385,    3387,    21623723,    000h 00m 03.387s,    006h 00m 23.723s
6386,    3378,    21627101,    000h 00m 03.378s,    006h 00m 27.101s
6387,    3386,    21630487,    000h 00m 03.386s,    006h 00m 30.487s
6388,    3386,    21633873,    000h 00m 03.386s,    006h 00m 33.873s
6389,    3388,    21637261,    000h 00m 03.388s,    006h 00m 37.261s
6390,    3374,    21640635,    000h 00m 03.374s,    006h 00m 40.635s
6391,    3382,    21644017,    000h 00m 03.382s,    006h 00m 44.017s
6392,    3390,    21647407,    000h 00m 03.390s,    006h 00m 47.407s
6393,    3378,    21650785,    000h 00m 03.378s,    006h 00m 50.785s
6394,    3394,    21654179,    000h 00m 03.394s,    006h 00m 54.179s
6395,    3379,    21657558,    000h 00m 03.379s,    006h 00m 57.558s
6396,    3378,    21660936,    000h 00m 03.378s,    006h 01m 00.936s
6397,    3380,    21664316,    000h 00m 03.380s,    006h 01m 04.316s
6398,    3390,    21667706,    000h 00m 03.390s,    006h 01m 07.706s
6399,    3388,    21671094,    000h 00m 03.388s,    006h 01m 11.094s
6400,    3394,    21674488,    000h 00m 03.394s,    006h 01m 14.488s
6401,    3402,    21677890,    000h 00m 03.402s,    006h 01m 17.890s
6402,    3438,    21681328,    000h 00m 03.438s,    006h 01m 21.328s
6403,    3381,    21684709,    000h 00m 03.381s,    006h 01m 24.709s
6404,    3384,    21688093,    000h 00m 03.384s,    006h 01m 28.093s
6405,    3390,    21691483,    000h 00m 03.390s,    006h 01m 31.483s
6406,    3383,    21694866,    000h 00m 03.383s,    006h 01m 34.866s
6407,    3378,    21698244,    000h 00m 03.378s,    006h 01m 38.244s
6408,    3382,    21701626,    000h 00m 03.382s,    006h 01m 41.626s
6409,    3387,    21705013,    000h 00m 03.387s,    006h 01m 45.013s
6410,    3376,    21708389,    000h 00m 03.376s,    006h 01m 48.389s
6411,    3370,    21711759,    000h 00m 03.370s,    006h 01m 51.759s
6412,    3382,    21715141,    000h 00m 03.382s,    006h 01m 55.141s
6413,    3381,    21718522,    000h 00m 03.381s,    006h 01m 58.522s
6414,    3391,    21721913,    000h 00m 03.391s,    006h 02m 01.913s
6415,    3391,    21725304,    000h 00m 03.391s,    006h 02m 05.304s
6416,    3385,    21728689,    000h 00m 03.385s,    006h 02m 08.689s
6417,    3372,    21732061,    000h 00m 03.372s,    006h 02m 12.061s
6418,    3390,    21735451,    000h 00m 03.390s,    006h 02m 15.451s
6419,    3379,    21738830,    000h 00m 03.379s,    006h 02m 18.830s
6420,    3377,    21742207,    000h 00m 03.377s,    006h 02m 22.207s
6421,    3390,    21745597,    000h 00m 03.390s,    006h 02m 25.597s
6422,    3384,    21748981,    000h 00m 03.384s,    006h 02m 28.981s
6423,    3383,    21752364,    000h 00m 03.383s,    006h 02m 32.364s
6424,    3372,    21755736,    000h 00m 03.372s,    006h 02m 35.736s
6425,    3375,    21759111,    000h 00m 03.375s,    006h 02m 39.111s
6426,    3397,    21762508,    000h 00m 03.397s,    006h 02m 42.508s
6427,    3378,    21765886,    000h 00m 03.378s,    006h 02m 45.886s
6428,    3393,    21769279,    000h 00m 03.393s,    006h 02m 49.279s
6429,    3394,    21772673,    000h 00m 03.394s,    006h 02m 52.673s
6430,    3383,    21776056,    000h 00m 03.383s,    006h 02m 56.056s
6431,    3393,    21779449,    000h 00m 03.393s,    006h 02m 59.449s
6432,    3378,    21782827,    000h 00m 03.378s,    006h 03m 02.827s
6433,    3373,    21786200,    000h 00m 03.373s,    006h 03m 06.200s
6434,    3377,    21789577,    000h 00m 03.377s,    006h 03m 09.577s
6435,    3396,    21792973,    000h 00m 03.396s,    006h 03m 12.973s
6436,    3400,    21796373,    000h 00m 03.400s,    006h 03m 16.373s
6437,    3392,    21799765,    000h 00m 03.392s,    006h 03m 19.765s
6438,    3384,    21803149,    000h 00m 03.384s,    006h 03m 23.149s
6439,    3377,    21806526,    000h 00m 03.377s,    006h 03m 26.526s
6440,    3388,    21809914,    000h 00m 03.388s,    006h 03m 29.914s
6441,    3382,    21813296,    000h 00m 03.382s,    006h 03m 33.296s
6442,    3382,    21816678,    000h 00m 03.382s,    006h 03m 36.678s
6443,    3376,    21820054,    000h 00m 03.376s,    006h 03m 40.054s
6444,    3383,    21823437,    000h 00m 03.383s,    006h 03m 43.437s
6445,    3385,    21826822,    000h 00m 03.385s,    006h 03m 46.822s
6446,    3382,    21830204,    000h 00m 03.382s,    006h 03m 50.204s
6447,    3392,    21833596,    000h 00m 03.392s,    006h 03m 53.596s
6448,    3383,    21836979,    000h 00m 03.383s,    006h 03m 56.979s
6449,    3385,    21840364,    000h 00m 03.385s,    006h 04m 00.364s
6450,    3384,    21843748,    000h 00m 03.384s,    006h 04m 03.748s
6451,    3377,    21847125,    000h 00m 03.377s,    006h 04m 07.125s
6452,    3385,    21850510,    000h 00m 03.385s,    006h 04m 10.510s
6453,    3392,    21853902,    000h 00m 03.392s,    006h 04m 13.902s
6454,    3382,    21857284,    000h 00m 03.382s,    006h 04m 17.284s
6455,    3373,    21860657,    000h 00m 03.373s,    006h 04m 20.657s
6456,    3383,    21864040,    000h 00m 03.383s,    006h 04m 24.040s
6457,    3382,    21867422,    000h 00m 03.382s,    006h 04m 27.422s
6458,    3383,    21870805,    000h 00m 03.383s,    006h 04m 30.805s
6459,    3385,    21874190,    000h 00m 03.385s,    006h 04m 34.190s
6460,    3385,    21877575,    000h 00m 03.385s,    006h 04m 37.575s
6461,    3388,    21880963,    000h 00m 03.388s,    006h 04m 40.963s
6462,    3373,    21884336,    000h 00m 03.373s,    006h 04m 44.336s
6463,    3382,    21887718,    000h 00m 03.382s,    006h 04m 47.718s
6464,    3377,    21891095,    000h 00m 03.377s,    006h 04m 51.095s
6465,    3389,    21894484,    000h 00m 03.389s,    006h 04m 54.484s
6466,    3371,    21897855,    000h 00m 03.371s,    006h 04m 57.855s
6467,    3383,    21901238,    000h 00m 03.383s,    006h 05m 01.238s
6468,    3380,    21904618,    000h 00m 03.380s,    006h 05m 04.618s
6469,    3375,    21907993,    000h 00m 03.375s,    006h 05m 07.993s
6470,    3397,    21911390,    000h 00m 03.397s,    006h 05m 11.390s
6471,    3396,    21914786,    000h 00m 03.396s,    006h 05m 14.786s
6472,    3387,    21918173,    000h 00m 03.387s,    006h 05m 18.173s
6473,    3376,    21921549,    000h 00m 03.376s,    006h 05m 21.549s
6474,    3380,    21924929,    000h 00m 03.380s,    006h 05m 24.929s
6475,    3382,    21928311,    000h 00m 03.382s,    006h 05m 28.311s
6476,    3390,    21931701,    000h 00m 03.390s,    006h 05m 31.701s
6477,    3383,    21935084,    000h 00m 03.383s,    006h 05m 35.084s
6478,    3379,    21938463,    000h 00m 03.379s,    006h 05m 38.463s
6479,    3385,    21941848,    000h 00m 03.385s,    006h 05m 41.848s
6480,    3386,    21945234,    000h 00m 03.386s,    006h 05m 45.234s
6481,    3383,    21948617,    000h 00m 03.383s,    006h 05m 48.617s
6482,    3386,    21952003,    000h 00m 03.386s,    006h 05m 52.003s
6483,    3377,    21955380,    000h 00m 03.377s,    006h 05m 55.380s
6484,    3378,    21958758,    000h 00m 03.378s,    006h 05m 58.758s
6485,    3383,    21962141,    000h 00m 03.383s,    006h 06m 02.141s
6486,    3378,    21965519,    000h 00m 03.378s,    006h 06m 05.519s
6487,    3382,    21968901,    000h 00m 03.382s,    006h 06m 08.901s
6488,    3395,    21972296,    000h 00m 03.395s,    006h 06m 12.296s
6489,    3399,    21975695,    000h 00m 03.399s,    006h 06m 15.695s
6490,    3388,    21979083,    000h 00m 03.388s,    006h 06m 19.083s
6491,    3384,    21982467,    000h 00m 03.384s,    006h 06m 22.467s
6492,    3380,    21985847,    000h 00m 03.380s,    006h 06m 25.847s
6493,    3399,    21989246,    000h 00m 03.399s,    006h 06m 29.246s
6494,    3389,    21992635,    000h 00m 03.389s,    006h 06m 32.635s
6495,    3403,    21996038,    000h 00m 03.403s,    006h 06m 36.038s
6496,    3395,    21999433,    000h 00m 03.395s,    006h 06m 39.433s
6497,    3383,    22002816,    000h 00m 03.383s,    006h 06m 42.816s
6498,    3381,    22006197,    000h 00m 03.381s,    006h 06m 46.197s
6499,    3389,    22009586,    000h 00m 03.389s,    006h 06m 49.586s
6500,    3392,    22012978,    000h 00m 03.392s,    006h 06m 52.978s
6501,    3369,    22016347,    000h 00m 03.369s,    006h 06m 56.347s
6502,    3381,    22019728,    000h 00m 03.381s,    006h 06m 59.728s
6503,    3384,    22023112,    000h 00m 03.384s,    006h 07m 03.112s
6504,    3385,    22026497,    000h 00m 03.385s,    006h 07m 06.497s
6505,    3401,    22029898,    000h 00m 03.401s,    006h 07m 09.898s
6506,    3409,    22033307,    000h 00m 03.409s,    006h 07m 13.307s
6507,    3408,    22036715,    000h 00m 03.408s,    006h 07m 16.715s
6508,    3410,    22040125,    000h 00m 03.410s,    006h 07m 20.125s
6509,    3382,    22043507,    000h 00m 03.382s,    006h 07m 23.507s
6510,    3384,    22046891,    000h 00m 03.384s,    006h 07m 26.891s
6511,    3377,    22050268,    000h 00m 03.377s,    006h 07m 30.268s
6512,    3376,    22053644,    000h 00m 03.376s,    006h 07m 33.644s
6513,    3378,    22057022,    000h 00m 03.378s,    006h 07m 37.022s
6514,    3377,    22060399,    000h 00m 03.377s,    006h 07m 40.399s
6515,    3385,    22063784,    000h 00m 03.385s,    006h 07m 43.784s
6516,    3379,    22067163,    000h 00m 03.379s,    006h 07m 47.163s
6517,    3375,    22070538,    000h 00m 03.375s,    006h 07m 50.538s
6518,    3376,    22073914,    000h 00m 03.376s,    006h 07m 53.914s
6519,    3376,    22077290,    000h 00m 03.376s,    006h 07m 57.290s
6520,    3373,    22080663,    000h 00m 03.373s,    006h 08m 00.663s
6521,    3381,    22084044,    000h 00m 03.381s,    006h 08m 04.044s
6522,    3376,    22087420,    000h 00m 03.376s,    006h 08m 07.420s
6523,    3385,    22090805,    000h 00m 03.385s,    006h 08m 10.805s
6524,    3389,    22094194,    000h 00m 03.389s,    006h 08m 14.194s
6525,    3383,    22097577,    000h 00m 03.383s,    006h 08m 17.577s
6526,    3385,    22100962,    000h 00m 03.385s,    006h 08m 20.962s
6527,    3391,    22104353,    000h 00m 03.391s,    006h 08m 24.353s
6528,    3387,    22107740,    000h 00m 03.387s,    006h 08m 27.740s
6529,    3389,    22111129,    000h 00m 03.389s,    006h 08m 31.129s
6530,    3406,    22114535,    000h 00m 03.406s,    006h 08m 34.535s
6531,    3388,    22117923,    000h 00m 03.388s,    006h 08m 37.923s
6532,    3409,    22121332,    000h 00m 03.409s,    006h 08m 41.332s
6533,    3393,    22124725,    000h 00m 03.393s,    006h 08m 44.725s
6534,    3413,    22128138,    000h 00m 03.413s,    006h 08m 48.138s
6535,    3379,    22131517,    000h 00m 03.379s,    006h 08m 51.517s
6536,    3391,    22134908,    000h 00m 03.391s,    006h 08m 54.908s
6537,    3380,    22138288,    000h 00m 03.380s,    006h 08m 58.288s
6538,    3384,    22141672,    000h 00m 03.384s,    006h 09m 01.672s
6539,    3380,    22145052,    000h 00m 03.380s,    006h 09m 05.052s
6540,    3377,    22148429,    000h 00m 03.377s,    006h 09m 08.429s
6541,    3393,    22151822,    000h 00m 03.393s,    006h 09m 11.822s
6542,    3399,    22155221,    000h 00m 03.399s,    006h 09m 15.221s
6543,    3382,    22158603,    000h 00m 03.382s,    006h 09m 18.603s
6544,    3392,    22161995,    000h 00m 03.392s,    006h 09m 21.995s
6545,    3397,    22165392,    000h 00m 03.397s,    006h 09m 25.392s
6546,    3376,    22168768,    000h 00m 03.376s,    006h 09m 28.768s
6547,    3382,    22172150,    000h 00m 03.382s,    006h 09m 32.150s
6548,    3379,    22175529,    000h 00m 03.379s,    006h 09m 35.529s
6549,    3389,    22178918,    000h 00m 03.389s,    006h 09m 38.918s
6550,    3374,    22182292,    000h 00m 03.374s,    006h 09m 42.292s
6551,    3397,    22185689,    000h 00m 03.397s,    006h 09m 45.689s
6552,    3375,    22189064,    000h 00m 03.375s,    006h 09m 49.064s
6553,    3383,    22192447,    000h 00m 03.383s,    006h 09m 52.447s
6554,    3390,    22195837,    000h 00m 03.390s,    006h 09m 55.837s
6555,    3373,    22199210,    000h 00m 03.373s,    006h 09m 59.210s
6556,    3382,    22202592,    000h 00m 03.382s,    006h 10m 02.592s
6557,    3373,    22205965,    000h 00m 03.373s,    006h 10m 05.965s
6558,    3385,    22209350,    000h 00m 03.385s,    006h 10m 09.350s
6559,    3390,    22212740,    000h 00m 03.390s,    006h 10m 12.740s
6560,    3387,    22216127,    000h 00m 03.387s,    006h 10m 16.127s
6561,    3386,    22219513,    000h 00m 03.386s,    006h 10m 19.513s
6562,    3383,    22222896,    000h 00m 03.383s,    006h 10m 22.896s
6563,    3386,    22226282,    000h 00m 03.386s,    006h 10m 26.282s
6564,    3381,    22229663,    000h 00m 03.381s,    006h 10m 29.663s
6565,    3384,    22233047,    000h 00m 03.384s,    006h 10m 33.047s
6566,    3379,    22236426,    000h 00m 03.379s,    006h 10m 36.426s
6567,    3383,    22239809,    000h 00m 03.383s,    006h 10m 39.809s
6568,    3392,    22243201,    000h 00m 03.392s,    006h 10m 43.201s
6569,    3381,    22246582,    000h 00m 03.381s,    006h 10m 46.582s
6570,    3386,    22249968,    000h 00m 03.386s,    006h 10m 49.968s
6571,    3386,    22253354,    000h 00m 03.386s,    006h 10m 53.354s
6572,    3389,    22256743,    000h 00m 03.389s,    006h 10m 56.743s
6573,    3408,    22260151,    000h 00m 03.408s,    006h 11m 00.151s
6574,    3384,    22263535,    000h 00m 03.384s,    006h 11m 03.535s
6575,    3398,    22266933,    000h 00m 03.398s,    006h 11m 06.933s
6576,    3400,    22270333,    000h 00m 03.400s,    006h 11m 10.333s
6577,    3405,    22273738,    000h 00m 03.405s,    006h 11m 13.738s
6578,    3400,    22277138,    000h 00m 03.400s,    006h 11m 17.138s
6579,    3396,    22280534,    000h 00m 03.396s,    006h 11m 20.534s
6580,    3406,    22283940,    000h 00m 03.406s,    006h 11m 23.940s
6581,    3389,    22287329,    000h 00m 03.389s,    006h 11m 27.329s
6582,    3390,    22290719,    000h 00m 03.390s,    006h 11m 30.719s
6583,    3383,    22294102,    000h 00m 03.383s,    006h 11m 34.102s
6584,    3397,    22297499,    000h 00m 03.397s,    006h 11m 37.499s
6585,    3393,    22300892,    000h 00m 03.393s,    006h 11m 40.892s
6586,    3385,    22304277,    000h 00m 03.385s,    006h 11m 44.277s
6587,    3376,    22307653,    000h 00m 03.376s,    006h 11m 47.653s
6588,    3384,    22311037,    000h 00m 03.384s,    006h 11m 51.037s
6589,    3380,    22314417,    000h 00m 03.380s,    006h 11m 54.417s
6590,    3394,    22317811,    000h 00m 03.394s,    006h 11m 57.811s
6591,    3373,    22321184,    000h 00m 03.373s,    006h 12m 01.184s
6592,    3379,    22324563,    000h 00m 03.379s,    006h 12m 04.563s
6593,    3389,    22327952,    000h 00m 03.389s,    006h 12m 07.952s
6594,    3385,    22331337,    000h 00m 03.385s,    006h 12m 11.337s
6595,    3391,    22334728,    000h 00m 03.391s,    006h 12m 14.728s
6596,    3374,    22338102,    000h 00m 03.374s,    006h 12m 18.102s
6597,    3380,    22341482,    000h 00m 03.380s,    006h 12m 21.482s
6598,    3382,    22344864,    000h 00m 03.382s,    006h 12m 24.864s
6599,    3379,    22348243,    000h 00m 03.379s,    006h 12m 28.243s
6600,    3380,    22351623,    000h 00m 03.380s,    006h 12m 31.623s
6601,    3375,    22354998,    000h 00m 03.375s,    006h 12m 34.998s
6602,    3373,    22358371,    000h 00m 03.373s,    006h 12m 38.371s
6603,    3407,    22361778,    000h 00m 03.407s,    006h 12m 41.778s
6604,    3406,    22365184,    000h 00m 03.406s,    006h 12m 45.184s
6605,    3384,    22368568,    000h 00m 03.384s,    006h 12m 48.568s
6606,    3387,    22371955,    000h 00m 03.387s,    006h 12m 51.955s
6607,    3379,    22375334,    000h 00m 03.379s,    006h 12m 55.334s
6608,    3379,    22378713,    000h 00m 03.379s,    006h 12m 58.713s
6609,    3384,    22382097,    000h 00m 03.384s,    006h 13m 02.097s
6610,    3382,    22385479,    000h 00m 03.382s,    006h 13m 05.479s
6611,    3384,    22388863,    000h 00m 03.384s,    006h 13m 08.863s
6612,    3386,    22392249,    000h 00m 03.386s,    006h 13m 12.249s
6613,    3390,    22395639,    000h 00m 03.390s,    006h 13m 15.639s
6614,    3382,    22399021,    000h 00m 03.382s,    006h 13m 19.021s
6615,    3389,    22402410,    000h 00m 03.389s,    006h 13m 22.410s
6616,    3387,    22405797,    000h 00m 03.387s,    006h 13m 25.797s
6617,    3380,    22409177,    000h 00m 03.380s,    006h 13m 29.177s
6618,    3382,    22412559,    000h 00m 03.382s,    006h 13m 32.559s
6619,    3380,    22415939,    000h 00m 03.380s,    006h 13m 35.939s
6620,    3395,    22419334,    000h 00m 03.395s,    006h 13m 39.334s
6621,    3386,    22422720,    000h 00m 03.386s,    006h 13m 42.720s
6622,    3387,    22426107,    000h 00m 03.387s,    006h 13m 46.107s
6623,    3383,    22429490,    000h 00m 03.383s,    006h 13m 49.490s
6624,    3384,    22432874,    000h 00m 03.384s,    006h 13m 52.874s
6625,    3399,    22436273,    000h 00m 03.399s,    006h 13m 56.273s
6626,    3390,    22439663,    000h 00m 03.390s,    006h 13m 59.663s
6627,    3383,    22443046,    000h 00m 03.383s,    006h 14m 03.046s
6628,    3384,    22446430,    000h 00m 03.384s,    006h 14m 06.430s
6629,    3391,    22449821,    000h 00m 03.391s,    006h 14m 09.821s
6630,    3397,    22453218,    000h 00m 03.397s,    006h 14m 13.218s
6631,    3396,    22456614,    000h 00m 03.396s,    006h 14m 16.614s
6632,    3381,    22459995,    000h 00m 03.381s,    006h 14m 19.995s
6633,    3381,    22463376,    000h 00m 03.381s,    006h 14m 23.376s
6634,    3383,    22466759,    000h 00m 03.383s,    006h 14m 26.759s
6635,    3384,    22470143,    000h 00m 03.384s,    006h 14m 30.143s
6636,    3380,    22473523,    000h 00m 03.380s,    006h 14m 33.523s
6637,    3391,    22476914,    000h 00m 03.391s,    006h 14m 36.914s
6638,    3376,    22480290,    000h 00m 03.376s,    006h 14m 40.290s
6639,    3390,    22483680,    000h 00m 03.390s,    006h 14m 43.680s
6640,    3378,    22487058,    000h 00m 03.378s,    006h 14m 47.058s
6641,    3373,    22490431,    000h 00m 03.373s,    006h 14m 50.431s
6642,    3378,    22493809,    000h 00m 03.378s,    006h 14m 53.809s
6643,    3383,    22497192,    000h 00m 03.383s,    006h 14m 57.192s
6644,    3379,    22500571,    000h 00m 03.379s,    006h 15m 00.571s
6645,    3385,    22503956,    000h 00m 03.385s,    006h 15m 03.956s
6646,    3385,    22507341,    000h 00m 03.385s,    006h 15m 07.341s
6647,    3390,    22510731,    000h 00m 03.390s,    006h 15m 10.731s
6648,    3390,    22514121,    000h 00m 03.390s,    006h 15m 14.121s
6649,    3384,    22517505,    000h 00m 03.384s,    006h 15m 17.505s
6650,    3379,    22520884,    000h 00m 03.379s,    006h 15m 20.884s
6651,    3380,    22524264,    000h 00m 03.380s,    006h 15m 24.264s
6652,    3381,    22527645,    000h 00m 03.381s,    006h 15m 27.645s
6653,    3370,    22531015,    000h 00m 03.370s,    006h 15m 31.015s
6654,    3373,    22534388,    000h 00m 03.373s,    006h 15m 34.388s
6655,    3384,    22537772,    000h 00m 03.384s,    006h 15m 37.772s
6656,    3383,    22541155,    000h 00m 03.383s,    006h 15m 41.155s
6657,    3396,    22544551,    000h 00m 03.396s,    006h 15m 44.551s
6658,    3394,    22547945,    000h 00m 03.394s,    006h 15m 47.945s
6659,    3400,    22551345,    000h 00m 03.400s,    006h 15m 51.345s
6660,    3392,    22554737,    000h 00m 03.392s,    006h 15m 54.737s
6661,    3402,    22558139,    000h 00m 03.402s,    006h 15m 58.139s
6662,    3398,    22561537,    000h 00m 03.398s,    006h 16m 01.537s
6663,    3395,    22564932,    000h 00m 03.395s,    006h 16m 04.932s
6664,    3390,    22568322,    000h 00m 03.390s,    006h 16m 08.322s
6665,    3402,    22571724,    000h 00m 03.402s,    006h 16m 11.724s
6666,    3410,    22575134,    000h 00m 03.410s,    006h 16m 15.134s
6667,    3404,    22578538,    000h 00m 03.404s,    006h 16m 18.538s
6668,    3401,    22581939,    000h 00m 03.401s,    006h 16m 21.939s
6669,    3400,    22585339,    000h 00m 03.400s,    006h 16m 25.339s
6670,    3408,    22588747,    000h 00m 03.408s,    006h 16m 28.747s
6671,    3390,    22592137,    000h 00m 03.390s,    006h 16m 32.137s
6672,    3387,    22595524,    000h 00m 03.387s,    006h 16m 35.524s
6673,    3383,    22598907,    000h 00m 03.383s,    006h 16m 38.907s
6674,    3388,    22602295,    000h 00m 03.388s,    006h 16m 42.295s
6675,    3386,    22605681,    000h 00m 03.386s,    006h 16m 45.681s
6676,    3384,    22609065,    000h 00m 03.384s,    006h 16m 49.065s
6677,    3382,    22612447,    000h 00m 03.382s,    006h 16m 52.447s
6678,    3385,    22615832,    000h 00m 03.385s,    006h 16m 55.832s
6679,    3389,    22619221,    000h 00m 03.389s,    006h 16m 59.221s
6680,    3380,    22622601,    000h 00m 03.380s,    006h 17m 02.601s
6681,    3374,    22625975,    000h 00m 03.374s,    006h 17m 05.975s
6682,    3380,    22629355,    000h 00m 03.380s,    006h 17m 09.355s
6683,    3396,    22632751,    000h 00m 03.396s,    006h 17m 12.751s
6684,    3384,    22636135,    000h 00m 03.384s,    006h 17m 16.135s
6685,    3386,    22639521,    000h 00m 03.386s,    006h 17m 19.521s
6686,    3374,    22642895,    000h 00m 03.374s,    006h 17m 22.895s
6687,    3384,    22646279,    000h 00m 03.384s,    006h 17m 26.279s
6688,    3373,    22649652,    000h 00m 03.373s,    006h 17m 29.652s
6689,    3375,    22653027,    000h 00m 03.375s,    006h 17m 33.027s
6690,    3380,    22656407,    000h 00m 03.380s,    006h 17m 36.407s
6691,    3376,    22659783,    000h 00m 03.376s,    006h 17m 39.783s
6692,    3393,    22663176,    000h 00m 03.393s,    006h 17m 43.176s
6693,    3372,    22666548,    000h 00m 03.372s,    006h 17m 46.548s
6694,    3367,    22669915,    000h 00m 03.367s,    006h 17m 49.915s
6695,    3376,    22673291,    000h 00m 03.376s,    006h 17m 53.291s
6696,    3395,    22676686,    000h 00m 03.395s,    006h 17m 56.686s
6697,    3369,    22680055,    000h 00m 03.369s,    006h 18m 00.055s
6698,    3379,    22683434,    000h 00m 03.379s,    006h 18m 03.434s
6699,    3379,    22686813,    000h 00m 03.379s,    006h 18m 06.813s
6700,    3368,    22690181,    000h 00m 03.368s,    006h 18m 10.181s
6701,    3395,    22693576,    000h 00m 03.395s,    006h 18m 13.576s
6702,    3388,    22696964,    000h 00m 03.388s,    006h 18m 16.964s
6703,    3385,    22700349,    000h 00m 03.385s,    006h 18m 20.349s
6704,    3380,    22703729,    000h 00m 03.380s,    006h 18m 23.729s
6705,    3376,    22707105,    000h 00m 03.376s,    006h 18m 27.105s
6706,    3365,    22710470,    000h 00m 03.365s,    006h 18m 30.470s
6707,    3387,    22713857,    000h 00m 03.387s,    006h 18m 33.857s
6708,    3375,    22717232,    000h 00m 03.375s,    006h 18m 37.232s
6709,    3382,    22720614,    000h 00m 03.382s,    006h 18m 40.614s
6710,    3379,    22723993,    000h 00m 03.379s,    006h 18m 43.993s
6711,    3374,    22727367,    000h 00m 03.374s,    006h 18m 47.367s
6712,    3384,    22730751,    000h 00m 03.384s,    006h 18m 50.751s
6713,    3380,    22734131,    000h 00m 03.380s,    006h 18m 54.131s
6714,    3384,    22737515,    000h 00m 03.384s,    006h 18m 57.515s
6715,    3379,    22740894,    000h 00m 03.379s,    006h 19m 00.894s
6716,    3381,    22744275,    000h 00m 03.381s,    006h 19m 04.275s
6717,    3380,    22747655,    000h 00m 03.380s,    006h 19m 07.655s
6718,    3395,    22751050,    000h 00m 03.395s,    006h 19m 11.050s
6719,    3382,    22754432,    000h 00m 03.382s,    006h 19m 14.432s
6720,    3400,    22757832,    000h 00m 03.400s,    006h 19m 17.832s
6721,    3380,    22761212,    000h 00m 03.380s,    006h 19m 21.212s
6722,    3381,    22764593,    000h 00m 03.381s,    006h 19m 24.593s
6723,    3392,    22767985,    000h 00m 03.392s,    006h 19m 27.985s
6724,    3386,    22771371,    000h 00m 03.386s,    006h 19m 31.371s
6725,    3396,    22774767,    000h 00m 03.396s,    006h 19m 34.767s
6726,    3379,    22778146,    000h 00m 03.379s,    006h 19m 38.146s
6727,    3387,    22781533,    000h 00m 03.387s,    006h 19m 41.533s
6728,    3381,    22784914,    000h 00m 03.381s,    006h 19m 44.914s
6729,    3385,    22788299,    000h 00m 03.385s,    006h 19m 48.299s
6730,    3376,    22791675,    000h 00m 03.376s,    006h 19m 51.675s
6731,    3376,    22795051,    000h 00m 03.376s,    006h 19m 55.051s
6732,    3388,    22798439,    000h 00m 03.388s,    006h 19m 58.439s
6733,    3375,    22801814,    000h 00m 03.375s,    006h 20m 01.814s
6734,    3385,    22805199,    000h 00m 03.385s,    006h 20m 05.199s
6735,    3382,    22808581,    000h 00m 03.382s,    006h 20m 08.581s
6736,    3383,    22811964,    000h 00m 03.383s,    006h 20m 11.964s
6737,    3397,    22815361,    000h 00m 03.397s,    006h 20m 15.361s
6738,    3390,    22818751,    000h 00m 03.390s,    006h 20m 18.751s
6739,    3386,    22822137,    000h 00m 03.386s,    006h 20m 22.137s
6740,    3376,    22825513,    000h 00m 03.376s,    006h 20m 25.513s
6741,    3376,    22828889,    000h 00m 03.376s,    006h 20m 28.889s
6742,    3386,    22832275,    000h 00m 03.386s,    006h 20m 32.275s
6743,    3377,    22835652,    000h 00m 03.377s,    006h 20m 35.652s
6744,    3387,    22839039,    000h 00m 03.387s,    006h 20m 39.039s
6745,    3381,    22842420,    000h 00m 03.381s,    006h 20m 42.420s
6746,    3372,    22845792,    000h 00m 03.372s,    006h 20m 45.792s
6747,    3379,    22849171,    000h 00m 03.379s,    006h 20m 49.171s
6748,    3381,    22852552,    000h 00m 03.381s,    006h 20m 52.552s
6749,    3371,    22855923,    000h 00m 03.371s,    006h 20m 55.923s
6750,    3382,    22859305,    000h 00m 03.382s,    006h 20m 59.305s
6751,    3373,    22862678,    000h 00m 03.373s,    006h 21m 02.678s
6752,    3388,    22866066,    000h 00m 03.388s,    006h 21m 06.066s
6753,    3375,    22869441,    000h 00m 03.375s,    006h 21m 09.441s
6754,    3382,    22872823,    000h 00m 03.382s,    006h 21m 12.823s
6755,    3387,    22876210,    000h 00m 03.387s,    006h 21m 16.210s
6756,    3376,    22879586,    000h 00m 03.376s,    006h 21m 19.586s
6757,    3384,    22882970,    000h 00m 03.384s,    006h 21m 22.970s
6758,    3370,    22886340,    000h 00m 03.370s,    006h 21m 26.340s
6759,    3380,    22889720,    000h 00m 03.380s,    006h 21m 29.720s
6760,    3391,    22893111,    000h 00m 03.391s,    006h 21m 33.111s
6761,    3381,    22896492,    000h 00m 03.381s,    006h 21m 36.492s
6762,    3393,    22899885,    000h 00m 03.393s,    006h 21m 39.885s
6763,    3386,    22903271,    000h 00m 03.386s,    006h 21m 43.271s
6764,    3381,    22906652,    000h 00m 03.381s,    006h 21m 46.652s
6765,    3385,    22910037,    000h 00m 03.385s,    006h 21m 50.037s
6766,    3383,    22913420,    000h 00m 03.383s,    006h 21m 53.420s
6767,    3390,    22916810,    000h 00m 03.390s,    006h 21m 56.810s
6768,    3384,    22920194,    000h 00m 03.384s,    006h 22m 00.194s
6769,    3386,    22923580,    000h 00m 03.386s,    006h 22m 03.580s
6770,    3379,    22926959,    000h 00m 03.379s,    006h 22m 06.959s
6771,    3386,    22930345,    000h 00m 03.386s,    006h 22m 10.345s
6772,    3377,    22933722,    000h 00m 03.377s,    006h 22m 13.722s
6773,    3397,    22937119,    000h 00m 03.397s,    006h 22m 17.119s
6774,    3376,    22940495,    000h 00m 03.376s,    006h 22m 20.495s
6775,    3381,    22943876,    000h 00m 03.381s,    006h 22m 23.876s
6776,    3367,    22947243,    000h 00m 03.367s,    006h 22m 27.243s
6777,    3400,    22950643,    000h 00m 03.400s,    006h 22m 30.643s
6778,    3385,    22954028,    000h 00m 03.385s,    006h 22m 34.028s
6779,    3382,    22957410,    000h 00m 03.382s,    006h 22m 37.410s
6780,    3382,    22960792,    000h 00m 03.382s,    006h 22m 40.792s
6781,    3391,    22964183,    000h 00m 03.391s,    006h 22m 44.183s
6782,    3372,    22967555,    000h 00m 03.372s,    006h 22m 47.555s
6783,    3376,    22970931,    000h 00m 03.376s,    006h 22m 50.931s
6784,    3384,    22974315,    000h 00m 03.384s,    006h 22m 54.315s
6785,    3379,    22977694,    000h 00m 03.379s,    006h 22m 57.694s
6786,    3378,    22981072,    000h 00m 03.378s,    006h 23m 01.072s
6787,    3388,    22984460,    000h 00m 03.388s,    006h 23m 04.460s
6788,    3399,    22987859,    000h 00m 03.399s,    006h 23m 07.859s
6789,    3394,    22991253,    000h 00m 03.394s,    006h 23m 11.253s
6790,    3406,    22994659,    000h 00m 03.406s,    006h 23m 14.659s
6791,    3373,    22998032,    000h 00m 03.373s,    006h 23m 18.032s
6792,    3382,    23001414,    000h 00m 03.382s,    006h 23m 21.414s
6793,    3381,    23004795,    000h 00m 03.381s,    006h 23m 24.795s
6794,    3379,    23008174,    000h 00m 03.379s,    006h 23m 28.174s
6795,    3379,    23011553,    000h 00m 03.379s,    006h 23m 31.553s
6796,    3380,    23014933,    000h 00m 03.380s,    006h 23m 34.933s
6797,    3382,    23018315,    000h 00m 03.382s,    006h 23m 38.315s
6798,    3378,    23021693,    000h 00m 03.378s,    006h 23m 41.693s
6799,    3371,    23025064,    000h 00m 03.371s,    006h 23m 45.064s
6800,    3386,    23028450,    000h 00m 03.386s,    006h 23m 48.450s
6801,    3378,    23031828,    000h 00m 03.378s,    006h 23m 51.828s
6802,    3381,    23035209,    000h 00m 03.381s,    006h 23m 55.209s
6803,    3384,    23038593,    000h 00m 03.384s,    006h 23m 58.593s
6804,    3378,    23041971,    000h 00m 03.378s,    006h 24m 01.971s
6805,    3380,    23045351,    000h 00m 03.380s,    006h 24m 05.351s
6806,    3376,    23048727,    000h 00m 03.376s,    006h 24m 08.727s
6807,    3389,    23052116,    000h 00m 03.389s,    006h 24m 12.116s
6808,    3402,    23055518,    000h 00m 03.402s,    006h 24m 15.518s
6809,    3375,    23058893,    000h 00m 03.375s,    006h 24m 18.893s
6810,    3386,    23062279,    000h 00m 03.386s,    006h 24m 22.279s
6811,    3388,    23065667,    000h 00m 03.388s,    006h 24m 25.667s
6812,    3379,    23069046,    000h 00m 03.379s,    006h 24m 29.046s
6813,    3390,    23072436,    000h 00m 03.390s,    006h 24m 32.436s
6814,    3391,    23075827,    000h 00m 03.391s,    006h 24m 35.827s
6815,    3395,    23079222,    000h 00m 03.395s,    006h 24m 39.222s
6816,    3397,    23082619,    000h 00m 03.397s,    006h 24m 42.619s
6817,    3391,    23086010,    000h 00m 03.391s,    006h 24m 46.010s
6818,    3380,    23089390,    000h 00m 03.380s,    006h 24m 49.390s
6819,    3385,    23092775,    000h 00m 03.385s,    006h 24m 52.775s
6820,    3366,    23096141,    000h 00m 03.366s,    006h 24m 56.141s
6821,    3395,    23099536,    000h 00m 03.395s,    006h 24m 59.536s
6822,    3396,    23102932,    000h 00m 03.396s,    006h 25m 02.932s
6823,    3408,    23106340,    000h 00m 03.408s,    006h 25m 06.340s
6824,    3395,    23109735,    000h 00m 03.395s,    006h 25m 09.735s
6825,    3392,    23113127,    000h 00m 03.392s,    006h 25m 13.127s
6826,    3398,    23116525,    000h 00m 03.398s,    006h 25m 16.525s
6827,    3383,    23119908,    000h 00m 03.383s,    006h 25m 19.908s
6828,    3395,    23123303,    000h 00m 03.395s,    006h 25m 23.303s
6829,    3407,    23126710,    000h 00m 03.407s,    006h 25m 26.710s
6830,    3395,    23130105,    000h 00m 03.395s,    006h 25m 30.105s
6831,    3390,    23133495,    000h 00m 03.390s,    006h 25m 33.495s
6832,    3393,    23136888,    000h 00m 03.393s,    006h 25m 36.888s
6833,    3393,    23140281,    000h 00m 03.393s,    006h 25m 40.281s
6834,    3400,    23143681,    000h 00m 03.400s,    006h 25m 43.681s
6835,    3398,    23147079,    000h 00m 03.398s,    006h 25m 47.079s
6836,    3396,    23150475,    000h 00m 03.396s,    006h 25m 50.475s
6837,    3403,    23153878,    000h 00m 03.403s,    006h 25m 53.878s
6838,    3442,    23157320,    000h 00m 03.442s,    006h 25m 57.320s
6839,    3400,    23160720,    000h 00m 03.400s,    006h 26m 00.720s
6840,    3395,    23164115,    000h 00m 03.395s,    006h 26m 04.115s
6841,    3392,    23167507,    000h 00m 03.392s,    006h 26m 07.507s
6842,    3388,    23170895,    000h 00m 03.388s,    006h 26m 10.895s
6843,    3392,    23174287,    000h 00m 03.392s,    006h 26m 14.287s
6844,    3376,    23177663,    000h 00m 03.376s,    006h 26m 17.663s
6845,    3382,    23181045,    000h 00m 03.382s,    006h 26m 21.045s
6846,    3383,    23184428,    000h 00m 03.383s,    006h 26m 24.428s
6847,    3379,    23187807,    000h 00m 03.379s,    006h 26m 27.807s
6848,    3384,    23191191,    000h 00m 03.384s,    006h 26m 31.191s
6849,    3381,    23194572,    000h 00m 03.381s,    006h 26m 34.572s
6850,    3390,    23197962,    000h 00m 03.390s,    006h 26m 37.962s
6851,    3389,    23201351,    000h 00m 03.389s,    006h 26m 41.351s
6852,    3379,    23204730,    000h 00m 03.379s,    006h 26m 44.730s
6853,    3365,    23208095,    000h 00m 03.365s,    006h 26m 48.095s
6854,    3375,    23211470,    000h 00m 03.375s,    006h 26m 51.470s
6855,    3385,    23214855,    000h 00m 03.385s,    006h 26m 54.855s
6856,    3375,    23218230,    000h 00m 03.375s,    006h 26m 58.230s
6857,    3381,    23221611,    000h 00m 03.381s,    006h 27m 01.611s
6858,    3380,    23224991,    000h 00m 03.380s,    006h 27m 04.991s
6859,    3390,    23228381,    000h 00m 03.390s,    006h 27m 08.381s
6860,    3404,    23231785,    000h 00m 03.404s,    006h 27m 11.785s
6861,    3397,    23235182,    000h 00m 03.397s,    006h 27m 15.182s
6862,    3388,    23238570,    000h 00m 03.388s,    006h 27m 18.570s
6863,    3382,    23241952,    000h 00m 03.382s,    006h 27m 21.952s
6864,    3385,    23245337,    000h 00m 03.385s,    006h 27m 25.337s
6865,    3389,    23248726,    000h 00m 03.389s,    006h 27m 28.726s
6866,    3392,    23252118,    000h 00m 03.392s,    006h 27m 32.118s
6867,    3379,    23255497,    000h 00m 03.379s,    006h 27m 35.497s
6868,    3381,    23258878,    000h 00m 03.381s,    006h 27m 38.878s
6869,    3390,    23262268,    000h 00m 03.390s,    006h 27m 42.268s
6870,    3380,    23265648,    000h 00m 03.380s,    006h 27m 45.648s
6871,    3387,    23269035,    000h 00m 03.387s,    006h 27m 49.035s
6872,    3381,    23272416,    000h 00m 03.381s,    006h 27m 52.416s
6873,    3373,    23275789,    000h 00m 03.373s,    006h 27m 55.789s
6874,    3383,    23279172,    000h 00m 03.383s,    006h 27m 59.172s
6875,    3378,    23282550,    000h 00m 03.378s,    006h 28m 02.550s
6876,    3387,    23285937,    000h 00m 03.387s,    006h 28m 05.937s
6877,    3379,    23289316,    000h 00m 03.379s,    006h 28m 09.316s
6878,    3379,    23292695,    000h 00m 03.379s,    006h 28m 12.695s
6879,    3392,    23296087,    000h 00m 03.392s,    006h 28m 16.087s
6880,    3374,    23299461,    000h 00m 03.374s,    006h 28m 19.461s
6881,    3380,    23302841,    000h 00m 03.380s,    006h 28m 22.841s
6882,    3391,    23306232,    000h 00m 03.391s,    006h 28m 26.232s
6883,    3375,    23309607,    000h 00m 03.375s,    006h 28m 29.607s
6884,    3368,    23312975,    000h 00m 03.368s,    006h 28m 32.975s
6885,    3385,    23316360,    000h 00m 03.385s,    006h 28m 36.360s
6886,    3383,    23319743,    000h 00m 03.383s,    006h 28m 39.743s
6887,    3380,    23323123,    000h 00m 03.380s,    006h 28m 43.123s
6888,    3378,    23326501,    000h 00m 03.378s,    006h 28m 46.501s
6889,    3392,    23329893,    000h 00m 03.392s,    006h 28m 49.893s
6890,    3394,    23333287,    000h 00m 03.394s,    006h 28m 53.287s
6891,    3384,    23336671,    000h 00m 03.384s,    006h 28m 56.671s
6892,    3381,    23340052,    000h 00m 03.381s,    006h 29m 00.052s
6893,    3379,    23343431,    000h 00m 03.379s,    006h 29m 03.431s
6894,    3384,    23346815,    000h 00m 03.384s,    006h 29m 06.815s
6895,    3372,    23350187,    000h 00m 03.372s,    006h 29m 10.187s
6896,    3378,    23353565,    000h 00m 03.378s,    006h 29m 13.565s
6897,    3399,    23356964,    000h 00m 03.399s,    006h 29m 16.964s
6898,    3372,    23360336,    000h 00m 03.372s,    006h 29m 20.336s
6899,    3385,    23363721,    000h 00m 03.385s,    006h 29m 23.721s
6900,    3380,    23367101,    000h 00m 03.380s,    006h 29m 27.101s
6901,    3377,    23370478,    000h 00m 03.377s,    006h 29m 30.478s
6902,    3381,    23373859,    000h 00m 03.381s,    006h 29m 33.859s
6903,    3385,    23377244,    000h 00m 03.385s,    006h 29m 37.244s
6904,    3407,    23380651,    000h 00m 03.407s,    006h 29m 40.651s
6905,    3383,    23384034,    000h 00m 03.383s,    006h 29m 44.034s
6906,    3382,    23387416,    000h 00m 03.382s,    006h 29m 47.416s
6907,    3378,    23390794,    000h 00m 03.378s,    006h 29m 50.794s
6908,    3382,    23394176,    000h 00m 03.382s,    006h 29m 54.176s
6909,    3389,    23397565,    000h 00m 03.389s,    006h 29m 57.565s
6910,    3400,    23400965,    000h 00m 03.400s,    006h 30m 00.965s
6911,    3383,    23404348,    000h 00m 03.383s,    006h 30m 04.348s
6912,    3378,    23407726,    000h 00m 03.378s,    006h 30m 07.726s
6913,    3397,    23411123,    000h 00m 03.397s,    006h 30m 11.123s
6914,    3397,    23414520,    000h 00m 03.397s,    006h 30m 14.520s
6915,    3379,    23417899,    000h 00m 03.379s,    006h 30m 17.899s
6916,    3379,    23421278,    000h 00m 03.379s,    006h 30m 21.278s
6917,    3384,    23424662,    000h 00m 03.384s,    006h 30m 24.662s
6918,    3379,    23428041,    000h 00m 03.379s,    006h 30m 28.041s
6919,    3378,    23431419,    000h 00m 03.378s,    006h 30m 31.419s
6920,    3377,    23434796,    000h 00m 03.377s,    006h 30m 34.796s
6921,    3374,    23438170,    000h 00m 03.374s,    006h 30m 38.170s
6922,    3383,    23441553,    000h 00m 03.383s,    006h 30m 41.553s
6923,    3379,    23444932,    000h 00m 03.379s,    006h 30m 44.932s
6924,    3388,    23448320,    000h 00m 03.388s,    006h 30m 48.320s
6925,    3377,    23451697,    000h 00m 03.377s,    006h 30m 51.697s
6926,    3383,    23455080,    000h 00m 03.383s,    006h 30m 55.080s
6927,    3383,    23458463,    000h 00m 03.383s,    006h 30m 58.463s
6928,    3384,    23461847,    000h 00m 03.384s,    006h 31m 01.847s
6929,    3377,    23465224,    000h 00m 03.377s,    006h 31m 05.224s
6930,    3395,    23468619,    000h 00m 03.395s,    006h 31m 08.619s
6931,    3381,    23472000,    000h 00m 03.381s,    006h 31m 12.000s
6932,    3395,    23475395,    000h 00m 03.395s,    006h 31m 15.395s
6933,    3380,    23478775,    000h 00m 03.380s,    006h 31m 18.775s
6934,    3382,    23482157,    000h 00m 03.382s,    006h 31m 22.157s
6935,    3392,    23485549,    000h 00m 03.392s,    006h 31m 25.549s
6936,    3392,    23488941,    000h 00m 03.392s,    006h 31m 28.941s
6937,    3382,    23492323,    000h 00m 03.382s,    006h 31m 32.323s
6938,    3387,    23495710,    000h 00m 03.387s,    006h 31m 35.710s
6939,    3377,    23499087,    000h 00m 03.377s,    006h 31m 39.087s
6940,    3388,    23502475,    000h 00m 03.388s,    006h 31m 42.475s
6941,    3385,    23505860,    000h 00m 03.385s,    006h 31m 45.860s
6942,    3380,    23509240,    000h 00m 03.380s,    006h 31m 49.240s
6943,    3381,    23512621,    000h 00m 03.381s,    006h 31m 52.621s
6944,    3388,    23516009,    000h 00m 03.388s,    006h 31m 56.009s
6945,    3383,    23519392,    000h 00m 03.383s,    006h 31m 59.392s
6946,    3378,    23522770,    000h 00m 03.378s,    006h 32m 02.770s
6947,    3384,    23526154,    000h 00m 03.384s,    006h 32m 06.154s
6948,    3384,    23529538,    000h 00m 03.384s,    006h 32m 09.538s
6949,    3393,    23532931,    000h 00m 03.393s,    006h 32m 12.931s
6950,    3391,    23536322,    000h 00m 03.391s,    006h 32m 16.322s
6951,    3377,    23539699,    000h 00m 03.377s,    006h 32m 19.699s
6952,    3389,    23543088,    000h 00m 03.389s,    006h 32m 23.088s
6953,    3384,    23546472,    000h 00m 03.384s,    006h 32m 26.472s
6954,    3384,    23549856,    000h 00m 03.384s,    006h 32m 29.856s
6955,    3389,    23553245,    000h 00m 03.389s,    006h 32m 33.245s
6956,    3389,    23556634,    000h 00m 03.389s,    006h 32m 36.634s
6957,    3392,    23560026,    000h 00m 03.392s,    006h 32m 40.026s
6958,    3386,    23563412,    000h 00m 03.386s,    006h 32m 43.412s
6959,    3384,    23566796,    000h 00m 03.384s,    006h 32m 46.796s
6960,    3374,    23570170,    000h 00m 03.374s,    006h 32m 50.170s
6961,    3385,    23573555,    000h 00m 03.385s,    006h 32m 53.555s
6962,    3384,    23576939,    000h 00m 03.384s,    006h 32m 56.939s
6963,    3383,    23580322,    000h 00m 03.383s,    006h 33m 00.322s
6964,    3379,    23583701,    000h 00m 03.379s,    006h 33m 03.701s
6965,    3380,    23587081,    000h 00m 03.380s,    006h 33m 07.081s
6966,    3384,    23590465,    000h 00m 03.384s,    006h 33m 10.465s
6967,    3389,    23593854,    000h 00m 03.389s,    006h 33m 13.854s
6968,    3399,    23597253,    000h 00m 03.399s,    006h 33m 17.253s
6969,    3383,    23600636,    000h 00m 03.383s,    006h 33m 20.636s
6970,    3377,    23604013,    000h 00m 03.377s,    006h 33m 24.013s
6971,    3377,    23607390,    000h 00m 03.377s,    006h 33m 27.390s
6972,    3386,    23610776,    000h 00m 03.386s,    006h 33m 30.776s
6973,    3377,    23614153,    000h 00m 03.377s,    006h 33m 34.153s
6974,    3378,    23617531,    000h 00m 03.378s,    006h 33m 37.531s
6975,    3387,    23620918,    000h 00m 03.387s,    006h 33m 40.918s
6976,    3377,    23624295,    000h 00m 03.377s,    006h 33m 44.295s
6977,    3373,    23627668,    000h 00m 03.373s,    006h 33m 47.668s
6978,    3385,    23631053,    000h 00m 03.385s,    006h 33m 51.053s
6979,    3378,    23634431,    000h 00m 03.378s,    006h 33m 54.431s
6980,    3371,    23637802,    000h 00m 03.371s,    006h 33m 57.802s
6981,    3384,    23641186,    000h 00m 03.384s,    006h 34m 01.186s
6982,    3386,    23644572,    000h 00m 03.386s,    006h 34m 04.572s
6983,    3377,    23647949,    000h 00m 03.377s,    006h 34m 07.949s
6984,    3386,    23651335,    000h 00m 03.386s,    006h 34m 11.335s
6985,    3398,    23654733,    000h 00m 03.398s,    006h 34m 14.733s
6986,    3383,    23658116,    000h 00m 03.383s,    006h 34m 18.116s
6987,    3379,    23661495,    000h 00m 03.379s,    006h 34m 21.495s
6988,    3378,    23664873,    000h 00m 03.378s,    006h 34m 24.873s
6989,    3379,    23668252,    000h 00m 03.379s,    006h 34m 28.252s
6990,    3375,    23671627,    000h 00m 03.375s,    006h 34m 31.627s
6991,    3383,    23675010,    000h 00m 03.383s,    006h 34m 35.010s
6992,    3384,    23678394,    000h 00m 03.384s,    006h 34m 38.394s
6993,    3390,    23681784,    000h 00m 03.390s,    006h 34m 41.784s
6994,    3382,    23685166,    000h 00m 03.382s,    006h 34m 45.166s
6995,    3373,    23688539,    000h 00m 03.373s,    006h 34m 48.539s
6996,    3374,    23691913,    000h 00m 03.374s,    006h 34m 51.913s
6997,    3388,    23695301,    000h 00m 03.388s,    006h 34m 55.301s
6998,    3378,    23698679,    000h 00m 03.378s,    006h 34m 58.679s
6999,    3378,    23702057,    000h 00m 03.378s,    006h 35m 02.057s
7000,    3376,    23705433,    000h 00m 03.376s,    006h 35m 05.433s
7001,    3375,    23708808,    000h 00m 03.375s,    006h 35m 08.808s
7002,    3387,    23712195,    000h 00m 03.387s,    006h 35m 12.195s
7003,    3404,    23715599,    000h 00m 03.404s,    006h 35m 15.599s
7004,    3393,    23718992,    000h 00m 03.393s,    006h 35m 18.992s
7005,    3390,    23722382,    000h 00m 03.390s,    006h 35m 22.382s
7006,    3377,    23725759,    000h 00m 03.377s,    006h 35m 25.759s
7007,    3378,    23729137,    000h 00m 03.378s,    006h 35m 29.137s
7008,    3377,    23732514,    000h 00m 03.377s,    006h 35m 32.514s
7009,    3388,    23735902,    000h 00m 03.388s,    006h 35m 35.902s
7010,    3381,    23739283,    000h 00m 03.381s,    006h 35m 39.283s
7011,    3382,    23742665,    000h 00m 03.382s,    006h 35m 42.665s
7012,    3382,    23746047,    000h 00m 03.382s,    006h 35m 46.047s
7013,    3375,    23749422,    000h 00m 03.375s,    006h 35m 49.422s
7014,    3374,    23752796,    000h 00m 03.374s,    006h 35m 52.796s
7015,    3377,    23756173,    000h 00m 03.377s,    006h 35m 56.173s
7016,    3383,    23759556,    000h 00m 03.383s,    006h 35m 59.556s
7017,    3374,    23762930,    000h 00m 03.374s,    006h 36m 02.930s
7018,    3378,    23766308,    000h 00m 03.378s,    006h 36m 06.308s
7019,    3379,    23769687,    000h 00m 03.379s,    006h 36m 09.687s
7020,    3394,    23773081,    000h 00m 03.394s,    006h 36m 13.081s
7021,    3385,    23776466,    000h 00m 03.385s,    006h 36m 16.466s
7022,    3380,    23779846,    000h 00m 03.380s,    006h 36m 19.846s
7023,    3391,    23783237,    000h 00m 03.391s,    006h 36m 23.237s
7024,    3378,    23786615,    000h 00m 03.378s,    006h 36m 26.615s
7025,    3374,    23789989,    000h 00m 03.374s,    006h 36m 29.989s
7026,    3379,    23793368,    000h 00m 03.379s,    006h 36m 33.368s
7027,    3389,    23796757,    000h 00m 03.389s,    006h 36m 36.757s
7028,    3375,    23800132,    000h 00m 03.375s,    006h 36m 40.132s
7029,    3384,    23803516,    000h 00m 03.384s,    006h 36m 43.516s
7030,    3386,    23806902,    000h 00m 03.386s,    006h 36m 46.902s
7031,    3377,    23810279,    000h 00m 03.377s,    006h 36m 50.279s
7032,    3387,    23813666,    000h 00m 03.387s,    006h 36m 53.666s
7033,    3372,    23817038,    000h 00m 03.372s,    006h 36m 57.038s
7034,    3379,    23820417,    000h 00m 03.379s,    006h 37m 00.417s
7035,    3381,    23823798,    000h 00m 03.381s,    006h 37m 03.798s
7036,    3373,    23827171,    000h 00m 03.373s,    006h 37m 07.171s
7037,    3380,    23830551,    000h 00m 03.380s,    006h 37m 10.551s
7038,    3385,    23833936,    000h 00m 03.385s,    006h 37m 13.936s
7039,    3394,    23837330,    000h 00m 03.394s,    006h 37m 17.330s
7040,    3375,    23840705,    000h 00m 03.375s,    006h 37m 20.705s
7041,    3386,    23844091,    000h 00m 03.386s,    006h 37m 24.091s
7042,    3452,    23847543,    000h 00m 03.452s,    006h 37m 27.543s
7043,    3378,    23850921,    000h 00m 03.378s,    006h 37m 30.921s
7044,    3384,    23854305,    000h 00m 03.384s,    006h 37m 34.305s
7045,    3380,    23857685,    000h 00m 03.380s,    006h 37m 37.685s
7046,    3396,    23861081,    000h 00m 03.396s,    006h 37m 41.081s
7047,    3387,    23864468,    000h 00m 03.387s,    006h 37m 44.468s
7048,    3386,    23867854,    000h 00m 03.386s,    006h 37m 47.854s
7049,    3382,    23871236,    000h 00m 03.382s,    006h 37m 51.236s
7050,    3391,    23874627,    000h 00m 03.391s,    006h 37m 54.627s
7051,    3377,    23878004,    000h 00m 03.377s,    006h 37m 58.004s
7052,    3379,    23881383,    000h 00m 03.379s,    006h 38m 01.383s
7053,    3383,    23884766,    000h 00m 03.383s,    006h 38m 04.766s
7054,    3385,    23888151,    000h 00m 03.385s,    006h 38m 08.151s
7055,    3388,    23891539,    000h 00m 03.388s,    006h 38m 11.539s
7056,    3398,    23894937,    000h 00m 03.398s,    006h 38m 14.937s
7057,    3379,    23898316,    000h 00m 03.379s,    006h 38m 18.316s
7058,    3388,    23901704,    000h 00m 03.388s,    006h 38m 21.704s
7059,    3379,    23905083,    000h 00m 03.379s,    006h 38m 25.083s
7060,    3372,    23908455,    000h 00m 03.372s,    006h 38m 28.455s
7061,    3383,    23911838,    000h 00m 03.383s,    006h 38m 31.838s
7062,    3382,    23915220,    000h 00m 03.382s,    006h 38m 35.220s
7063,    3386,    23918606,    000h 00m 03.386s,    006h 38m 38.606s
7064,    3392,    23921998,    000h 00m 03.392s,    006h 38m 41.998s
7065,    3376,    23925374,    000h 00m 03.376s,    006h 38m 45.374s
7066,    3383,    23928757,    000h 00m 03.383s,    006h 38m 48.757s
7067,    3376,    23932133,    000h 00m 03.376s,    006h 38m 52.133s
7068,    3388,    23935521,    000h 00m 03.388s,    006h 38m 55.521s
7069,    3378,    23938899,    000h 00m 03.378s,    006h 38m 58.899s
7070,    3384,    23942283,    000h 00m 03.384s,    006h 39m 02.283s
7071,    3381,    23945664,    000h 00m 03.381s,    006h 39m 05.664s
7072,    3383,    23949047,    000h 00m 03.383s,    006h 39m 09.047s
7073,    3390,    23952437,    000h 00m 03.390s,    006h 39m 12.437s
7074,    3391,    23955828,    000h 00m 03.391s,    006h 39m 15.828s
7075,    3386,    23959214,    000h 00m 03.386s,    006h 39m 19.214s
7076,    3382,    23962596,    000h 00m 03.382s,    006h 39m 22.596s
7077,    3379,    23965975,    000h 00m 03.379s,    006h 39m 25.975s
7078,    3380,    23969355,    000h 00m 03.380s,    006h 39m 29.355s
7079,    3394,    23972749,    000h 00m 03.394s,    006h 39m 32.749s
7080,    3383,    23976132,    000h 00m 03.383s,    006h 39m 36.132s
7081,    3377,    23979509,    000h 00m 03.377s,    006h 39m 39.509s
7082,    3391,    23982900,    000h 00m 03.391s,    006h 39m 42.900s
7083,    3395,    23986295,    000h 00m 03.395s,    006h 39m 46.295s
7084,    3381,    23989676,    000h 00m 03.381s,    006h 39m 49.676s
7085,    3382,    23993058,    000h 00m 03.382s,    006h 39m 53.058s
7086,    3392,    23996450,    000h 00m 03.392s,    006h 39m 56.450s
7087,    3379,    23999829,    000h 00m 03.379s,    006h 39m 59.829s
7088,    3381,    24003210,    000h 00m 03.381s,    006h 40m 03.210s
7089,    3390,    24006600,    000h 00m 03.390s,    006h 40m 06.600s
7090,    3379,    24009979,    000h 00m 03.379s,    006h 40m 09.979s
7091,    3387,    24013366,    000h 00m 03.387s,    006h 40m 13.366s
7092,    3396,    24016762,    000h 00m 03.396s,    006h 40m 16.762s
7093,    3400,    24020162,    000h 00m 03.400s,    006h 40m 20.162s
7094,    3389,    24023551,    000h 00m 03.389s,    006h 40m 23.551s
7095,    3384,    24026935,    000h 00m 03.384s,    006h 40m 26.935s
7096,    3388,    24030323,    000h 00m 03.388s,    006h 40m 30.323s
7097,    3385,    24033708,    000h 00m 03.385s,    006h 40m 33.708s
7098,    3389,    24037097,    000h 00m 03.389s,    006h 40m 37.097s
7099,    3400,    24040497,    000h 00m 03.400s,    006h 40m 40.497s
7100,    3390,    24043887,    000h 00m 03.390s,    006h 40m 43.887s
7101,    3384,    24047271,    000h 00m 03.384s,    006h 40m 47.271s
7102,    3376,    24050647,    000h 00m 03.376s,    006h 40m 50.647s
7103,    3384,    24054031,    000h 00m 03.384s,    006h 40m 54.031s
7104,    3379,    24057410,    000h 00m 03.379s,    006h 40m 57.410s
7105,    3397,    24060807,    000h 00m 03.397s,    006h 41m 00.807s
7106,    3388,    24064195,    000h 00m 03.388s,    006h 41m 04.195s
7107,    3390,    24067585,    000h 00m 03.390s,    006h 41m 07.585s
7108,    3393,    24070978,    000h 00m 03.393s,    006h 41m 10.978s
7109,    3377,    24074355,    000h 00m 03.377s,    006h 41m 14.355s
7110,    3390,    24077745,    000h 00m 03.390s,    006h 41m 17.745s
7111,    3379,    24081124,    000h 00m 03.379s,    006h 41m 21.124s
7112,    3388,    24084512,    000h 00m 03.388s,    006h 41m 24.512s
7113,    3384,    24087896,    000h 00m 03.384s,    006h 41m 27.896s
7114,    3383,    24091279,    000h 00m 03.383s,    006h 41m 31.279s
7115,    3381,    24094660,    000h 00m 03.381s,    006h 41m 34.660s
7116,    3376,    24098036,    000h 00m 03.376s,    006h 41m 38.036s
7117,    3387,    24101423,    000h 00m 03.387s,    006h 41m 41.423s
7118,    3391,    24104814,    000h 00m 03.391s,    006h 41m 44.814s
7119,    3376,    24108190,    000h 00m 03.376s,    006h 41m 48.190s
7120,    3386,    24111576,    000h 00m 03.386s,    006h 41m 51.576s
7121,    3382,    24114958,    000h 00m 03.382s,    006h 41m 54.958s
7122,    3385,    24118343,    000h 00m 03.385s,    006h 41m 58.343s
7123,    3380,    24121723,    000h 00m 03.380s,    006h 42m 01.723s
7124,    3377,    24125100,    000h 00m 03.377s,    006h 42m 05.100s
7125,    3378,    24128478,    000h 00m 03.378s,    006h 42m 08.478s
7126,    3384,    24131862,    000h 00m 03.384s,    006h 42m 11.862s
7127,    3389,    24135251,    000h 00m 03.389s,    006h 42m 15.251s
7128,    3381,    24138632,    000h 00m 03.381s,    006h 42m 18.632s
7129,    3371,    24142003,    000h 00m 03.371s,    006h 42m 22.003s
7130,    3384,    24145387,    000h 00m 03.384s,    006h 42m 25.387s
7131,    3379,    24148766,    000h 00m 03.379s,    006h 42m 28.766s
7132,    3382,    24152148,    000h 00m 03.382s,    006h 42m 32.148s
7133,    3381,    24155529,    000h 00m 03.381s,    006h 42m 35.529s
7134,    3386,    24158915,    000h 00m 03.386s,    006h 42m 38.915s
7135,    3386,    24162301,    000h 00m 03.386s,    006h 42m 42.301s
7136,    3373,    24165674,    000h 00m 03.373s,    006h 42m 45.674s
7137,    3379,    24169053,    000h 00m 03.379s,    006h 42m 49.053s
7138,    3388,    24172441,    000h 00m 03.388s,    006h 42m 52.441s
7139,    3379,    24175820,    000h 00m 03.379s,    006h 42m 55.820s
7140,    3372,    24179192,    000h 00m 03.372s,    006h 42m 59.192s
7141,    3389,    24182581,    000h 00m 03.389s,    006h 43m 02.581s
7142,    3382,    24185963,    000h 00m 03.382s,    006h 43m 05.963s
7143,    3381,    24189344,    000h 00m 03.381s,    006h 43m 09.344s
7144,    3388,    24192732,    000h 00m 03.388s,    006h 43m 12.732s
7145,    3396,    24196128,    000h 00m 03.396s,    006h 43m 16.128s
7146,    3378,    24199506,    000h 00m 03.378s,    006h 43m 19.506s
7147,    3383,    24202889,    000h 00m 03.383s,    006h 43m 22.889s
7148,    3398,    24206287,    000h 00m 03.398s,    006h 43m 26.287s
7149,    3391,    24209678,    000h 00m 03.391s,    006h 43m 29.678s
7150,    3369,    24213047,    000h 00m 03.369s,    006h 43m 33.047s
7151,    3387,    24216434,    000h 00m 03.387s,    006h 43m 36.434s
7152,    3379,    24219813,    000h 00m 03.379s,    006h 43m 39.813s
7153,    3397,    24223210,    000h 00m 03.397s,    006h 43m 43.210s
7154,    3383,    24226593,    000h 00m 03.383s,    006h 43m 46.593s
7155,    3386,    24229979,    000h 00m 03.386s,    006h 43m 49.979s
7156,    3384,    24233363,    000h 00m 03.384s,    006h 43m 53.363s
7157,    3380,    24236743,    000h 00m 03.380s,    006h 43m 56.743s
7158,    3382,    24240125,    000h 00m 03.382s,    006h 44m 00.125s
7159,    3379,    24243504,    000h 00m 03.379s,    006h 44m 03.504s
7160,    3377,    24246881,    000h 00m 03.377s,    006h 44m 06.881s
7161,    3389,    24250270,    000h 00m 03.389s,    006h 44m 10.270s
7162,    3381,    24253651,    000h 00m 03.381s,    006h 44m 13.651s
7163,    3383,    24257034,    000h 00m 03.383s,    006h 44m 17.034s
7164,    3376,    24260410,    000h 00m 03.376s,    006h 44m 20.410s
7165,    3389,    24263799,    000h 00m 03.389s,    006h 44m 23.799s
7166,    3379,    24267178,    000h 00m 03.379s,    006h 44m 27.178s
7167,    3383,    24270561,    000h 00m 03.383s,    006h 44m 30.561s
7168,    3384,    24273945,    000h 00m 03.384s,    006h 44m 33.945s
7169,    3381,    24277326,    000h 00m 03.381s,    006h 44m 37.326s
7170,    3390,    24280716,    000h 00m 03.390s,    006h 44m 40.716s
7171,    3378,    24284094,    000h 00m 03.378s,    006h 44m 44.094s
7172,    3367,    24287461,    000h 00m 03.367s,    006h 44m 47.461s
7173,    3390,    24290851,    000h 00m 03.390s,    006h 44m 50.851s
7174,    3378,    24294229,    000h 00m 03.378s,    006h 44m 54.229s
7175,    3380,    24297609,    000h 00m 03.380s,    006h 44m 57.609s
7176,    3395,    24301004,    000h 00m 03.395s,    006h 45m 01.004s
7177,    3392,    24304396,    000h 00m 03.392s,    006h 45m 04.396s
7178,    3377,    24307773,    000h 00m 03.377s,    006h 45m 07.773s
7179,    3378,    24311151,    000h 00m 03.378s,    006h 45m 11.151s
7180,    3380,    24314531,    000h 00m 03.380s,    006h 45m 14.531s
7181,    3386,    24317917,    000h 00m 03.386s,    006h 45m 17.917s
7182,    3379,    24321296,    000h 00m 03.379s,    006h 45m 21.296s
7183,    3382,    24324678,    000h 00m 03.382s,    006h 45m 24.678s
7184,    3381,    24328059,    000h 00m 03.381s,    006h 45m 28.059s
7185,    3374,    24331433,    000h 00m 03.374s,    006h 45m 31.433s
7186,    3390,    24334823,    000h 00m 03.390s,    006h 45m 34.823s
7187,    3372,    24338195,    000h 00m 03.372s,    006h 45m 38.195s
7188,    3376,    24341571,    000h 00m 03.376s,    006h 45m 41.571s
7189,    3376,    24344947,    000h 00m 03.376s,    006h 45m 44.947s
7190,    3381,    24348328,    000h 00m 03.381s,    006h 45m 48.328s
7191,    3376,    24351704,    000h 00m 03.376s,    006h 45m 51.704s
7192,    3387,    24355091,    000h 00m 03.387s,    006h 45m 55.091s
7193,    3381,    24358472,    000h 00m 03.381s,    006h 45m 58.472s
7194,    3399,    24361871,    000h 00m 03.399s,    006h 46m 01.871s
7195,    3390,    24365261,    000h 00m 03.390s,    006h 46m 05.261s
7196,    3383,    24368644,    000h 00m 03.383s,    006h 46m 08.644s
7197,    3382,    24372026,    000h 00m 03.382s,    006h 46m 12.026s
7198,    3403,    24375429,    000h 00m 03.403s,    006h 46m 15.429s
7199,    3379,    24378808,    000h 00m 03.379s,    006h 46m 18.808s
7200,    3383,    24382191,    000h 00m 03.383s,    006h 46m 22.191s
7201,    3378,    24385569,    000h 00m 03.378s,    006h 46m 25.569s
7202,    3391,    24388960,    000h 00m 03.391s,    006h 46m 28.960s
7203,    3388,    24392348,    000h 00m 03.388s,    006h 46m 32.348s
7204,    3376,    24395724,    000h 00m 03.376s,    006h 46m 35.724s
7205,    3378,    24399102,    000h 00m 03.378s,    006h 46m 39.102s
7206,    3380,    24402482,    000h 00m 03.380s,    006h 46m 42.482s
7207,    3376,    24405858,    000h 00m 03.376s,    006h 46m 45.858s
7208,    3374,    24409232,    000h 00m 03.374s,    006h 46m 49.232s
7209,    3388,    24412620,    000h 00m 03.388s,    006h 46m 52.620s
7210,    3380,    24416000,    000h 00m 03.380s,    006h 46m 56.000s
7211,    3383,    24419383,    000h 00m 03.383s,    006h 46m 59.383s
7212,    3382,    24422765,    000h 00m 03.382s,    006h 47m 02.765s
7213,    3380,    24426145,    000h 00m 03.380s,    006h 47m 06.145s
7214,    3378,    24429523,    000h 00m 03.378s,    006h 47m 09.523s
7215,    3397,    24432920,    000h 00m 03.397s,    006h 47m 12.920s
7216,    3397,    24436317,    000h 00m 03.397s,    006h 47m 16.317s
7217,    3374,    24439691,    000h 00m 03.374s,    006h 47m 19.691s
7218,    3375,    24443066,    000h 00m 03.375s,    006h 47m 23.066s
7219,    3378,    24446444,    000h 00m 03.378s,    006h 47m 26.444s
7220,    3384,    24449828,    000h 00m 03.384s,    006h 47m 29.828s
7221,    3392,    24453220,    000h 00m 03.392s,    006h 47m 33.220s
7222,    3370,    24456590,    000h 00m 03.370s,    006h 47m 36.590s
7223,    3378,    24459968,    000h 00m 03.378s,    006h 47m 39.968s
7224,    3386,    24463354,    000h 00m 03.386s,    006h 47m 43.354s
7225,    3386,    24466740,    000h 00m 03.386s,    006h 47m 46.740s
7226,    3382,    24470122,    000h 00m 03.382s,    006h 47m 50.122s
7227,    3379,    24473501,    000h 00m 03.379s,    006h 47m 53.501s
7228,    3373,    24476874,    000h 00m 03.373s,    006h 47m 56.874s
7229,    3387,    24480261,    000h 00m 03.387s,    006h 48m 00.261s
7230,    3386,    24483647,    000h 00m 03.386s,    006h 48m 03.647s
7231,    3376,    24487023,    000h 00m 03.376s,    006h 48m 07.023s
7232,    3379,    24490402,    000h 00m 03.379s,    006h 48m 10.402s
7233,    3384,    24493786,    000h 00m 03.384s,    006h 48m 13.786s
7234,    3396,    24497182,    000h 00m 03.396s,    006h 48m 17.182s
7235,    3465,    24500647,    000h 00m 03.465s,    006h 48m 20.647s
7236,    3391,    24504038,    000h 00m 03.391s,    006h 48m 24.038s
7237,    3368,    24507406,    000h 00m 03.368s,    006h 48m 27.406s
7238,    3382,    24510788,    000h 00m 03.382s,    006h 48m 30.788s
7239,    3379,    24514167,    000h 00m 03.379s,    006h 48m 34.167s
7240,    3381,    24517548,    000h 00m 03.381s,    006h 48m 37.548s
7241,    3381,    24520929,    000h 00m 03.381s,    006h 48m 40.929s
7242,    3381,    24524310,    000h 00m 03.381s,    006h 48m 44.310s
7243,    3378,    24527688,    000h 00m 03.378s,    006h 48m 47.688s
7244,    3380,    24531068,    000h 00m 03.380s,    006h 48m 51.068s
7245,    3385,    24534453,    000h 00m 03.385s,    006h 48m 54.453s
7246,    3394,    24537847,    000h 00m 03.394s,    006h 48m 57.847s
7247,    3385,    24541232,    000h 00m 03.385s,    006h 49m 01.232s
7248,    3377,    24544609,    000h 00m 03.377s,    006h 49m 04.609s
7249,    3373,    24547982,    000h 00m 03.373s,    006h 49m 07.982s
7250,    3397,    24551379,    000h 00m 03.397s,    006h 49m 11.379s
7251,    3373,    24554752,    000h 00m 03.373s,    006h 49m 14.752s
7252,    3394,    24558146,    000h 00m 03.394s,    006h 49m 18.146s
7253,    3368,    24561514,    000h 00m 03.368s,    006h 49m 21.514s
7254,    3382,    24564896,    000h 00m 03.382s,    006h 49m 24.896s
7255,    3376,    24568272,    000h 00m 03.376s,    006h 49m 28.272s
7256,    3379,    24571651,    000h 00m 03.379s,    006h 49m 31.651s
7257,    3393,    24575044,    000h 00m 03.393s,    006h 49m 35.044s
7258,    3371,    24578415,    000h 00m 03.371s,    006h 49m 38.415s
7259,    3387,    24581802,    000h 00m 03.387s,    006h 49m 41.802s
7260,    3379,    24585181,    000h 00m 03.379s,    006h 49m 45.181s
7261,    3380,    24588561,    000h 00m 03.380s,    006h 49m 48.561s
7262,    3392,    24591953,    000h 00m 03.392s,    006h 49m 51.953s
7263,    3377,    24595330,    000h 00m 03.377s,    006h 49m 55.330s
7264,    3390,    24598720,    000h 00m 03.390s,    006h 49m 58.720s
7265,    3381,    24602101,    000h 00m 03.381s,    006h 50m 02.101s
7266,    3386,    24605487,    000h 00m 03.386s,    006h 50m 05.487s
7267,    3380,    24608867,    000h 00m 03.380s,    006h 50m 08.867s
7268,    3382,    24612249,    000h 00m 03.382s,    006h 50m 12.249s
7269,    3387,    24615636,    000h 00m 03.387s,    006h 50m 15.636s
7270,    3384,    24619020,    000h 00m 03.384s,    006h 50m 19.020s
7271,    3379,    24622399,    000h 00m 03.379s,    006h 50m 22.399s
7272,    3378,    24625777,    000h 00m 03.378s,    006h 50m 25.777s
7273,    3382,    24629159,    000h 00m 03.382s,    006h 50m 29.159s
7274,    3382,    24632541,    000h 00m 03.382s,    006h 50m 32.541s
7275,    3385,    24635926,    000h 00m 03.385s,    006h 50m 35.926s
7276,    3385,    24639311,    000h 00m 03.385s,    006h 50m 39.311s
7277,    3379,    24642690,    000h 00m 03.379s,    006h 50m 42.690s
7278,    3383,    24646073,    000h 00m 03.383s,    006h 50m 46.073s
7279,    3381,    24649454,    000h 00m 03.381s,    006h 50m 49.454s
7280,    3379,    24652833,    000h 00m 03.379s,    006h 50m 52.833s
7281,    3385,    24656218,    000h 00m 03.385s,    006h 50m 56.218s
7282,    3380,    24659598,    000h 00m 03.380s,    006h 50m 59.598s
7283,    3375,    24662973,    000h 00m 03.375s,    006h 51m 02.973s
7284,    3389,    24666362,    000h 00m 03.389s,    006h 51m 06.362s
7285,    3384,    24669746,    000h 00m 03.384s,    006h 51m 09.746s
7286,    3390,    24673136,    000h 00m 03.390s,    006h 51m 13.136s
7287,    3395,    24676531,    000h 00m 03.395s,    006h 51m 16.531s
7288,    3384,    24679915,    000h 00m 03.384s,    006h 51m 19.915s
7289,    3404,    24683319,    000h 00m 03.404s,    006h 51m 23.319s
7290,    3378,    24686697,    000h 00m 03.378s,    006h 51m 26.697s
7291,    3381,    24690078,    000h 00m 03.381s,    006h 51m 30.078s
7292,    3367,    24693445,    000h 00m 03.367s,    006h 51m 33.445s
7293,    3380,    24696825,    000h 00m 03.380s,    006h 51m 36.825s
7294,    3384,    24700209,    000h 00m 03.384s,    006h 51m 40.209s
7295,    3387,    24703596,    000h 00m 03.387s,    006h 51m 43.596s
7296,    3387,    24706983,    000h 00m 03.387s,    006h 51m 46.983s
7297,    3385,    24710368,    000h 00m 03.385s,    006h 51m 50.368s
7298,    3384,    24713752,    000h 00m 03.384s,    006h 51m 53.752s
7299,    3377,    24717129,    000h 00m 03.377s,    006h 51m 57.129s
7300,    3377,    24720506,    000h 00m 03.377s,    006h 52m 00.506s
7301,    3385,    24723891,    000h 00m 03.385s,    006h 52m 03.891s
7302,    3378,    24727269,    000h 00m 03.378s,    006h 52m 07.269s
7303,    3375,    24730644,    000h 00m 03.375s,    006h 52m 10.644s
7304,    3380,    24734024,    000h 00m 03.380s,    006h 52m 14.024s
7305,    3394,    24737418,    000h 00m 03.394s,    006h 52m 17.418s
7306,    3383,    24740801,    000h 00m 03.383s,    006h 52m 20.801s
7307,    3372,    24744173,    000h 00m 03.372s,    006h 52m 24.173s
7308,    3379,    24747552,    000h 00m 03.379s,    006h 52m 27.552s
7309,    3379,    24750931,    000h 00m 03.379s,    006h 52m 30.931s
7310,    3378,    24754309,    000h 00m 03.378s,    006h 52m 34.309s
7311,    3374,    24757683,    000h 00m 03.374s,    006h 52m 37.683s
7312,    3388,    24761071,    000h 00m 03.388s,    006h 52m 41.071s
7313,    3379,    24764450,    000h 00m 03.379s,    006h 52m 44.450s
7314,    3386,    24767836,    000h 00m 03.386s,    006h 52m 47.836s
7315,    3368,    24771204,    000h 00m 03.368s,    006h 52m 51.204s
7316,    3381,    24774585,    000h 00m 03.381s,    006h 52m 54.585s
7317,    3375,    24777960,    000h 00m 03.375s,    006h 52m 57.960s
7318,    3382,    24781342,    000h 00m 03.382s,    006h 53m 01.342s
7319,    3384,    24784726,    000h 00m 03.384s,    006h 53m 04.726s
7320,    3386,    24788112,    000h 00m 03.386s,    006h 53m 08.112s
7321,    3389,    24791501,    000h 00m 03.389s,    006h 53m 11.501s
7322,    3376,    24794877,    000h 00m 03.376s,    006h 53m 14.877s
7323,    3386,    24798263,    000h 00m 03.386s,    006h 53m 18.263s
7324,    3376,    24801639,    000h 00m 03.376s,    006h 53m 21.639s
7325,    3392,    24805031,    000h 00m 03.392s,    006h 53m 25.031s
7326,    3372,    24808403,    000h 00m 03.372s,    006h 53m 28.403s
7327,    3384,    24811787,    000h 00m 03.384s,    006h 53m 31.787s
7328,    3379,    24815166,    000h 00m 03.379s,    006h 53m 35.166s
7329,    3376,    24818542,    000h 00m 03.376s,    006h 53m 38.542s
7330,    3380,    24821922,    000h 00m 03.380s,    006h 53m 41.922s
7331,    3384,    24825306,    000h 00m 03.384s,    006h 53m 45.306s
7332,    3382,    24828688,    000h 00m 03.382s,    006h 53m 48.688s
7333,    3394,    24832082,    000h 00m 03.394s,    006h 53m 52.082s
7334,    3384,    24835466,    000h 00m 03.384s,    006h 53m 55.466s
7335,    3382,    24838848,    000h 00m 03.382s,    006h 53m 58.848s
7336,    3385,    24842233,    000h 00m 03.385s,    006h 54m 02.233s
7337,    3389,    24845622,    000h 00m 03.389s,    006h 54m 05.622s
7338,    3378,    24849000,    000h 00m 03.378s,    006h 54m 09.000s
7339,    3390,    24852390,    000h 00m 03.390s,    006h 54m 12.390s
7340,    3385,    24855775,    000h 00m 03.385s,    006h 54m 15.775s
7341,    3377,    24859152,    000h 00m 03.377s,    006h 54m 19.152s
7342,    3369,    24862521,    000h 00m 03.369s,    006h 54m 22.521s
7343,    3378,    24865899,    000h 00m 03.378s,    006h 54m 25.899s
7344,    3377,    24869276,    000h 00m 03.377s,    006h 54m 29.276s
7345,    3382,    24872658,    000h 00m 03.382s,    006h 54m 32.658s
7346,    3384,    24876042,    000h 00m 03.384s,    006h 54m 36.042s
7347,    3380,    24879422,    000h 00m 03.380s,    006h 54m 39.422s
7348,    3390,    24882812,    000h 00m 03.390s,    006h 54m 42.812s
7349,    3375,    24886187,    000h 00m 03.375s,    006h 54m 46.187s
7350,    3387,    24889574,    000h 00m 03.387s,    006h 54m 49.574s
7351,    3391,    24892965,    000h 00m 03.391s,    006h 54m 52.965s
7352,    3378,    24896343,    000h 00m 03.378s,    006h 54m 56.343s
7353,    3380,    24899723,    000h 00m 03.380s,    006h 54m 59.723s
7354,    3385,    24903108,    000h 00m 03.385s,    006h 55m 03.108s
7355,    3390,    24906498,    000h 00m 03.390s,    006h 55m 06.498s
7356,    3383,    24909881,    000h 00m 03.383s,    006h 55m 09.881s
7357,    3389,    24913270,    000h 00m 03.389s,    006h 55m 13.270s
7358,    3396,    24916666,    000h 00m 03.396s,    006h 55m 16.666s
7359,    3381,    24920047,    000h 00m 03.381s,    006h 55m 20.047s
7360,    3372,    24923419,    000h 00m 03.372s,    006h 55m 23.419s
7361,    3382,    24926801,    000h 00m 03.382s,    006h 55m 26.801s
7362,    3391,    24930192,    000h 00m 03.391s,    006h 55m 30.192s
7363,    3384,    24933576,    000h 00m 03.384s,    006h 55m 33.576s
7364,    3383,    24936959,    000h 00m 03.383s,    006h 55m 36.959s
7365,    3383,    24940342,    000h 00m 03.383s,    006h 55m 40.342s
7366,    3373,    24943715,    000h 00m 03.373s,    006h 55m 43.715s
7367,    3387,    24947102,    000h 00m 03.387s,    006h 55m 47.102s
7368,    3381,    24950483,    000h 00m 03.381s,    006h 55m 50.483s
7369,    3384,    24953867,    000h 00m 03.384s,    006h 55m 53.867s
7370,    3383,    24957250,    000h 00m 03.383s,    006h 55m 57.250s
7371,    3380,    24960630,    000h 00m 03.380s,    006h 56m 00.630s
7372,    3383,    24964013,    000h 00m 03.383s,    006h 56m 04.013s
7373,    3392,    24967405,    000h 00m 03.392s,    006h 56m 07.405s
7374,    3390,    24970795,    000h 00m 03.390s,    006h 56m 10.795s
7375,    3387,    24974182,    000h 00m 03.387s,    006h 56m 14.182s
7376,    3396,    24977578,    000h 00m 03.396s,    006h 56m 17.578s
7377,    3393,    24980971,    000h 00m 03.393s,    006h 56m 20.971s
7378,    3376,    24984347,    000h 00m 03.376s,    006h 56m 24.347s
7379,    3378,    24987725,    000h 00m 03.378s,    006h 56m 27.725s
7380,    3395,    24991120,    000h 00m 03.395s,    006h 56m 31.120s
7381,    3381,    24994501,    000h 00m 03.381s,    006h 56m 34.501s
7382,    3393,    24997894,    000h 00m 03.393s,    006h 56m 37.894s
7383,    3390,    25001284,    000h 00m 03.390s,    006h 56m 41.284s
7384,    3397,    25004681,    000h 00m 03.397s,    006h 56m 44.681s
7385,    3383,    25008064,    000h 00m 03.383s,    006h 56m 48.064s
7386,    3382,    25011446,    000h 00m 03.382s,    006h 56m 51.446s
7387,    3378,    25014824,    000h 00m 03.378s,    006h 56m 54.824s
7388,    3384,    25018208,    000h 00m 03.384s,    006h 56m 58.208s
7389,    3388,    25021596,    000h 00m 03.388s,    006h 57m 01.596s
7390,    3385,    25024981,    000h 00m 03.385s,    006h 57m 04.981s
7391,    3378,    25028359,    000h 00m 03.378s,    006h 57m 08.359s
7392,    3385,    25031744,    000h 00m 03.385s,    006h 57m 11.744s
7393,    3386,    25035130,    000h 00m 03.386s,    006h 57m 15.130s
7394,    3387,    25038517,    000h 00m 03.387s,    006h 57m 18.517s
7395,    3374,    25041891,    000h 00m 03.374s,    006h 57m 21.891s
7396,    3382,    25045273,    000h 00m 03.382s,    006h 57m 25.273s
7397,    3382,    25048655,    000h 00m 03.382s,    006h 57m 28.655s
7398,    3386,    25052041,    000h 00m 03.386s,    006h 57m 32.041s
7399,    3391,    25055432,    000h 00m 03.391s,    006h 57m 35.432s
7400,    3377,    25058809,    000h 00m 03.377s,    006h 57m 38.809s
7401,    3388,    25062197,    000h 00m 03.388s,    006h 57m 42.197s
7402,    3388,    25065585,    000h 00m 03.388s,    006h 57m 45.585s
7403,    3385,    25068970,    000h 00m 03.385s,    006h 57m 48.970s
7404,    3377,    25072347,    000h 00m 03.377s,    006h 57m 52.347s
7405,    3392,    25075739,    000h 00m 03.392s,    006h 57m 55.739s
7406,    3391,    25079130,    000h 00m 03.391s,    006h 57m 59.130s
7407,    3385,    25082515,    000h 00m 03.385s,    006h 58m 02.515s
7408,    3368,    25085883,    000h 00m 03.368s,    006h 58m 05.883s
7409,    3384,    25089267,    000h 00m 03.384s,    006h 58m 09.267s
7410,    3386,    25092653,    000h 00m 03.386s,    006h 58m 12.653s
7411,    3398,    25096051,    000h 00m 03.398s,    006h 58m 16.051s
7412,    3369,    25099420,    000h 00m 03.369s,    006h 58m 19.420s
7413,    3385,    25102805,    000h 00m 03.385s,    006h 58m 22.805s
7414,    3383,    25106188,    000h 00m 03.383s,    006h 58m 26.188s
7415,    3376,    25109564,    000h 00m 03.376s,    006h 58m 29.564s
7416,    3380,    25112944,    000h 00m 03.380s,    006h 58m 32.944s
7417,    3384,    25116328,    000h 00m 03.384s,    006h 58m 36.328s
7418,    3379,    25119707,    000h 00m 03.379s,    006h 58m 39.707s
7419,    3387,    25123094,    000h 00m 03.387s,    006h 58m 43.094s
7420,    3379,    25126473,    000h 00m 03.379s,    006h 58m 46.473s
7421,    3382,    25129855,    000h 00m 03.382s,    006h 58m 49.855s
7422,    3379,    25133234,    000h 00m 03.379s,    006h 58m 53.234s
7423,    3384,    25136618,    000h 00m 03.384s,    006h 58m 56.618s
7424,    3380,    25139998,    000h 00m 03.380s,    006h 58m 59.998s
7425,    3381,    25143379,    000h 00m 03.381s,    006h 59m 03.379s
7426,    3382,    25146761,    000h 00m 03.382s,    006h 59m 06.761s
7427,    3387,    25150148,    000h 00m 03.387s,    006h 59m 10.148s
7428,    3380,    25153528,    000h 00m 03.380s,    006h 59m 13.528s
7429,    3394,    25156922,    000h 00m 03.394s,    006h 59m 16.922s
7430,    3443,    25160365,    000h 00m 03.443s,    006h 59m 20.365s
7431,    3382,    25163747,    000h 00m 03.382s,    006h 59m 23.747s
7432,    3382,    25167129,    000h 00m 03.382s,    006h 59m 27.129s
7433,    3383,    25170512,    000h 00m 03.383s,    006h 59m 30.512s
7434,    3383,    25173895,    000h 00m 03.383s,    006h 59m 33.895s
7435,    3372,    25177267,    000h 00m 03.372s,    006h 59m 37.267s
7436,    3391,    25180658,    000h 00m 03.391s,    006h 59m 40.658s
7437,    3382,    25184040,    000h 00m 03.382s,    006h 59m 44.040s
7438,    3398,    25187438,    000h 00m 03.398s,    006h 59m 47.438s
7439,    3384,    25190822,    000h 00m 03.384s,    006h 59m 50.822s
7440,    3375,    25194197,    000h 00m 03.375s,    006h 59m 54.197s
7441,    3407,    25197604,    000h 00m 03.407s,    006h 59m 57.604s
7442,    3385,    25200989,    000h 00m 03.385s,    007h 00m 00.989s
7443,    3393,    25204382,    000h 00m 03.393s,    007h 00m 04.382s
7444,    3381,    25207763,    000h 00m 03.381s,    007h 00m 07.763s
7445,    3382,    25211145,    000h 00m 03.382s,    007h 00m 11.145s
7446,    3376,    25214521,    000h 00m 03.376s,    007h 00m 14.521s
7447,    3393,    25217914,    000h 00m 03.393s,    007h 00m 17.914s
7448,    3384,    25221298,    000h 00m 03.384s,    007h 00m 21.298s
7449,    3385,    25224683,    000h 00m 03.385s,    007h 00m 24.683s
7450,    3386,    25228069,    000h 00m 03.386s,    007h 00m 28.069s
7451,    3374,    25231443,    000h 00m 03.374s,    007h 00m 31.443s
7452,    3377,    25234820,    000h 00m 03.377s,    007h 00m 34.820s
7453,    3381,    25238201,    000h 00m 03.381s,    007h 00m 38.201s
7454,    3398,    25241599,    000h 00m 03.398s,    007h 00m 41.599s
7455,    3383,    25244982,    000h 00m 03.383s,    007h 00m 44.982s
7456,    3385,    25248367,    000h 00m 03.385s,    007h 00m 48.367s
7457,    3375,    25251742,    000h 00m 03.375s,    007h 00m 51.742s
7458,    3393,    25255135,    000h 00m 03.393s,    007h 00m 55.135s
7459,    3379,    25258514,    000h 00m 03.379s,    007h 00m 58.514s
7460,    3379,    25261893,    000h 00m 03.379s,    007h 01m 01.893s
7461,    3385,    25265278,    000h 00m 03.385s,    007h 01m 05.278s
7462,    3379,    25268657,    000h 00m 03.379s,    007h 01m 08.657s
7463,    3379,    25272036,    000h 00m 03.379s,    007h 01m 12.036s
7464,    3380,    25275416,    000h 00m 03.380s,    007h 01m 15.416s
7465,    3393,    25278809,    000h 00m 03.393s,    007h 01m 18.809s
7466,    3395,    25282204,    000h 00m 03.395s,    007h 01m 22.204s
7467,    3384,    25285588,    000h 00m 03.384s,    007h 01m 25.588s
7468,    3380,    25288968,    000h 00m 03.380s,    007h 01m 28.968s
7469,    3375,    25292343,    000h 00m 03.375s,    007h 01m 32.343s
7470,    3380,    25295723,    000h 00m 03.380s,    007h 01m 35.723s
7471,    3383,    25299106,    000h 00m 03.383s,    007h 01m 39.106s
7472,    3389,    25302495,    000h 00m 03.389s,    007h 01m 42.495s
7473,    3383,    25305878,    000h 00m 03.383s,    007h 01m 45.878s
7474,    3383,    25309261,    000h 00m 03.383s,    007h 01m 49.261s
7475,    3387,    25312648,    000h 00m 03.387s,    007h 01m 52.648s
7476,    3389,    25316037,    000h 00m 03.389s,    007h 01m 56.037s
7477,    3382,    25319419,    000h 00m 03.382s,    007h 01m 59.419s
7478,    3379,    25322798,    000h 00m 03.379s,    007h 02m 02.798s
7479,    3394,    25326192,    000h 00m 03.394s,    007h 02m 06.192s
7480,    3389,    25329581,    000h 00m 03.389s,    007h 02m 09.581s
7481,    3388,    25332969,    000h 00m 03.388s,    007h 02m 12.969s
7482,    3383,    25336352,    000h 00m 03.383s,    007h 02m 16.352s
7483,    3387,    25339739,    000h 00m 03.387s,    007h 02m 19.739s
7484,    3372,    25343111,    000h 00m 03.372s,    007h 02m 23.111s
7485,    3365,    25346476,    000h 00m 03.365s,    007h 02m 26.476s
7486,    3389,    25349865,    000h 00m 03.389s,    007h 02m 29.865s
7487,    3384,    25353249,    000h 00m 03.384s,    007h 02m 33.249s
7488,    3385,    25356634,    000h 00m 03.385s,    007h 02m 36.634s
7489,    3387,    25360021,    000h 00m 03.387s,    007h 02m 40.021s
7490,    3389,    25363410,    000h 00m 03.389s,    007h 02m 43.410s
7491,    3380,    25366790,    000h 00m 03.380s,    007h 02m 46.790s
7492,    3389,    25370179,    000h 00m 03.389s,    007h 02m 50.179s
7493,    3394,    25373573,    000h 00m 03.394s,    007h 02m 53.573s
7494,    3383,    25376956,    000h 00m 03.383s,    007h 02m 56.956s
7495,    3393,    25380349,    000h 00m 03.393s,    007h 03m 00.349s
7496,    3384,    25383733,    000h 00m 03.384s,    007h 03m 03.733s
7497,    3387,    25387120,    000h 00m 03.387s,    007h 03m 07.120s
7498,    3393,    25390513,    000h 00m 03.393s,    007h 03m 10.513s
7499,    3384,    25393897,    000h 00m 03.384s,    007h 03m 13.897s
7500,    3393,    25397290,    000h 00m 03.393s,    007h 03m 17.290s
7501,    3399,    25400689,    000h 00m 03.399s,    007h 03m 20.689s
7502,    3380,    25404069,    000h 00m 03.380s,    007h 03m 24.069s
7503,    3374,    25407443,    000h 00m 03.374s,    007h 03m 27.443s
7504,    3381,    25410824,    000h 00m 03.381s,    007h 03m 30.824s
7505,    3385,    25414209,    000h 00m 03.385s,    007h 03m 34.209s
7506,    3380,    25417589,    000h 00m 03.380s,    007h 03m 37.589s
7507,    3383,    25420972,    000h 00m 03.383s,    007h 03m 40.972s
7508,    3371,    25424343,    000h 00m 03.371s,    007h 03m 44.343s
7509,    3395,    25427738,    000h 00m 03.395s,    007h 03m 47.738s
7510,    3383,    25431121,    000h 00m 03.383s,    007h 03m 51.121s
7511,    3384,    25434505,    000h 00m 03.384s,    007h 03m 54.505s
7512,    3384,    25437889,    000h 00m 03.384s,    007h 03m 57.889s
7513,    3389,    25441278,    000h 00m 03.389s,    007h 04m 01.278s
7514,    3380,    25444658,    000h 00m 03.380s,    007h 04m 04.658s
7515,    3375,    25448033,    000h 00m 03.375s,    007h 04m 08.033s
7516,    3382,    25451415,    000h 00m 03.382s,    007h 04m 11.415s
7517,    3383,    25454798,    000h 00m 03.383s,    007h 04m 14.798s
7518,    3396,    25458194,    000h 00m 03.396s,    007h 04m 18.194s
7519,    3398,    25461592,    000h 00m 03.398s,    007h 04m 21.592s
7520,    3377,    25464969,    000h 00m 03.377s,    007h 04m 24.969s
7521,    3378,    25468347,    000h 00m 03.378s,    007h 04m 28.347s
7522,    3374,    25471721,    000h 00m 03.374s,    007h 04m 31.721s
7523,    3385,    25475106,    000h 00m 03.385s,    007h 04m 35.106s
7524,    3378,    25478484,    000h 00m 03.378s,    007h 04m 38.484s
7525,    3395,    25481879,    000h 00m 03.395s,    007h 04m 41.879s
7526,    3375,    25485254,    000h 00m 03.375s,    007h 04m 45.254s
7527,    3383,    25488637,    000h 00m 03.383s,    007h 04m 48.637s
7528,    3389,    25492026,    000h 00m 03.389s,    007h 04m 52.026s
7529,    3385,    25495411,    000h 00m 03.385s,    007h 04m 55.411s
7530,    3379,    25498790,    000h 00m 03.379s,    007h 04m 58.790s
7531,    3387,    25502177,    000h 00m 03.387s,    007h 05m 02.177s
7532,    3379,    25505556,    000h 00m 03.379s,    007h 05m 05.556s
7533,    3378,    25508934,    000h 00m 03.378s,    007h 05m 08.934s
7534,    3382,    25512316,    000h 00m 03.382s,    007h 05m 12.316s
7535,    3383,    25515699,    000h 00m 03.383s,    007h 05m 15.699s
7536,    3393,    25519092,    000h 00m 03.393s,    007h 05m 19.092s
7537,    3387,    25522479,    000h 00m 03.387s,    007h 05m 22.479s
7538,    3387,    25525866,    000h 00m 03.387s,    007h 05m 25.866s
7539,    3383,    25529249,    000h 00m 03.383s,    007h 05m 29.249s
7540,    3380,    25532629,    000h 00m 03.380s,    007h 05m 32.629s
7541,    3386,    25536015,    000h 00m 03.386s,    007h 05m 36.015s
7542,    3375,    25539390,    000h 00m 03.375s,    007h 05m 39.390s
7543,    3397,    25542787,    000h 00m 03.397s,    007h 05m 42.787s
7544,    3377,    25546164,    000h 00m 03.377s,    007h 05m 46.164s
7545,    3388,    25549552,    000h 00m 03.388s,    007h 05m 49.552s
7546,    3381,    25552933,    000h 00m 03.381s,    007h 05m 52.933s
7547,    3390,    25556323,    000h 00m 03.390s,    007h 05m 56.323s
7548,    3388,    25559711,    000h 00m 03.388s,    007h 05m 59.711s
7549,    3380,    25563091,    000h 00m 03.380s,    007h 06m 03.091s
7550,    3372,    25566463,    000h 00m 03.372s,    007h 06m 06.463s
7551,    3378,    25569841,    000h 00m 03.378s,    007h 06m 09.841s
7552,    3390,    25573231,    000h 00m 03.390s,    007h 06m 13.231s
7553,    3378,    25576609,    000h 00m 03.378s,    007h 06m 16.609s
7554,    3380,    25579989,    000h 00m 03.380s,    007h 06m 19.989s
7555,    3377,    25583366,    000h 00m 03.377s,    007h 06m 23.366s
7556,    3372,    25586738,    000h 00m 03.372s,    007h 06m 26.738s
7557,    3388,    25590126,    000h 00m 03.388s,    007h 06m 30.126s
7558,    3392,    25593518,    000h 00m 03.392s,    007h 06m 33.518s
7559,    3368,    25596886,    000h 00m 03.368s,    007h 06m 36.886s
7560,    3387,    25600273,    000h 00m 03.387s,    007h 06m 40.273s
7561,    3370,    25603643,    000h 00m 03.370s,    007h 06m 43.643s
7562,    3385,    25607028,    000h 00m 03.385s,    007h 06m 47.028s
7563,    3383,    25610411,    000h 00m 03.383s,    007h 06m 50.411s
7564,    3383,    25613794,    000h 00m 03.383s,    007h 06m 53.794s
7565,    3380,    25617174,    000h 00m 03.380s,    007h 06m 57.174s
7566,    3381,    25620555,    000h 00m 03.381s,    007h 07m 00.555s
7567,    3377,    25623932,    000h 00m 03.377s,    007h 07m 03.932s
7568,    3380,    25627312,    000h 00m 03.380s,    007h 07m 07.312s
7569,    3379,    25630691,    000h 00m 03.379s,    007h 07m 10.691s
7570,    3385,    25634076,    000h 00m 03.385s,    007h 07m 14.076s
7571,    3389,    25637465,    000h 00m 03.389s,    007h 07m 17.465s
7572,    3386,    25640851,    000h 00m 03.386s,    007h 07m 20.851s
7573,    3383,    25644234,    000h 00m 03.383s,    007h 07m 24.234s
7574,    3387,    25647621,    000h 00m 03.387s,    007h 07m 27.621s
7575,    3383,    25651004,    000h 00m 03.383s,    007h 07m 31.004s
7576,    3377,    25654381,    000h 00m 03.377s,    007h 07m 34.381s
7577,    3377,    25657758,    000h 00m 03.377s,    007h 07m 37.758s
7578,    3389,    25661147,    000h 00m 03.389s,    007h 07m 41.147s
7579,    3381,    25664528,    000h 00m 03.381s,    007h 07m 44.528s
7580,    3379,    25667907,    000h 00m 03.379s,    007h 07m 47.907s
7581,    3377,    25671284,    000h 00m 03.377s,    007h 07m 51.284s
7582,    3384,    25674668,    000h 00m 03.384s,    007h 07m 54.668s
7583,    3371,    25678039,    000h 00m 03.371s,    007h 07m 58.039s
7584,    3381,    25681420,    000h 00m 03.381s,    007h 08m 01.420s
7585,    3392,    25684812,    000h 00m 03.392s,    007h 08m 04.812s
7586,    3376,    25688188,    000h 00m 03.376s,    007h 08m 08.188s
7587,    3384,    25691572,    000h 00m 03.384s,    007h 08m 11.572s
7588,    3382,    25694954,    000h 00m 03.382s,    007h 08m 14.954s
7589,    3395,    25698349,    000h 00m 03.395s,    007h 08m 18.349s
7590,    3388,    25701737,    000h 00m 03.388s,    007h 08m 21.737s
7591,    3382,    25705119,    000h 00m 03.382s,    007h 08m 25.119s
7592,    3380,    25708499,    000h 00m 03.380s,    007h 08m 28.499s
7593,    3375,    25711874,    000h 00m 03.375s,    007h 08m 31.874s
7594,    3383,    25715257,    000h 00m 03.383s,    007h 08m 35.257s
7595,    3375,    25718632,    000h 00m 03.375s,    007h 08m 38.632s
7596,    3384,    25722016,    000h 00m 03.384s,    007h 08m 42.016s
7597,    3382,    25725398,    000h 00m 03.382s,    007h 08m 45.398s
7598,    3382,    25728780,    000h 00m 03.382s,    007h 08m 48.780s
7599,    3377,    25732157,    000h 00m 03.377s,    007h 08m 52.157s
7600,    3385,    25735542,    000h 00m 03.385s,    007h 08m 55.542s
7601,    3384,    25738926,    000h 00m 03.384s,    007h 08m 58.926s
7602,    3378,    25742304,    000h 00m 03.378s,    007h 09m 02.304s
7603,    3380,    25745684,    000h 00m 03.380s,    007h 09m 05.684s
7604,    3385,    25749069,    000h 00m 03.385s,    007h 09m 09.069s
7605,    3391,    25752460,    000h 00m 03.391s,    007h 09m 12.460s
7606,    3385,    25755845,    000h 00m 03.385s,    007h 09m 15.845s
7607,    3385,    25759230,    000h 00m 03.385s,    007h 09m 19.230s
7608,    3380,    25762610,    000h 00m 03.380s,    007h 09m 22.610s
7609,    3376,    25765986,    000h 00m 03.376s,    007h 09m 25.986s
7610,    3393,    25769379,    000h 00m 03.393s,    007h 09m 29.379s
7611,    3384,    25772763,    000h 00m 03.384s,    007h 09m 32.763s
7612,    3383,    25776146,    000h 00m 03.383s,    007h 09m 36.146s
7613,    3381,    25779527,    000h 00m 03.381s,    007h 09m 39.527s
7614,    3386,    25782913,    000h 00m 03.386s,    007h 09m 42.913s
7615,    3379,    25786292,    000h 00m 03.379s,    007h 09m 46.292s
7616,    3373,    25789665,    000h 00m 03.373s,    007h 09m 49.665s
7617,    3379,    25793044,    000h 00m 03.379s,    007h 09m 53.044s
7618,    3385,    25796429,    000h 00m 03.385s,    007h 09m 56.429s
7619,    3380,    25799809,    000h 00m 03.380s,    007h 09m 59.809s
7620,    3396,    25803205,    000h 00m 03.396s,    007h 10m 03.205s
7621,    3391,    25806596,    000h 00m 03.391s,    007h 10m 06.596s
7622,    3396,    25809992,    000h 00m 03.396s,    007h 10m 09.992s
7623,    3379,    25813371,    000h 00m 03.379s,    007h 10m 13.371s
7624,    3393,    25816764,    000h 00m 03.393s,    007h 10m 16.764s
7625,    3389,    25820153,    000h 00m 03.389s,    007h 10m 20.153s
7626,    3379,    25823532,    000h 00m 03.379s,    007h 10m 23.532s
7627,    3374,    25826906,    000h 00m 03.374s,    007h 10m 26.906s
7628,    3393,    25830299,    000h 00m 03.393s,    007h 10m 30.299s
7629,    3373,    25833672,    000h 00m 03.373s,    007h 10m 33.672s
7630,    3377,    25837049,    000h 00m 03.377s,    007h 10m 37.049s
7631,    3385,    25840434,    000h 00m 03.385s,    007h 10m 40.434s
7632,    3379,    25843813,    000h 00m 03.379s,    007h 10m 43.813s
7633,    3383,    25847196,    000h 00m 03.383s,    007h 10m 47.196s
7634,    3384,    25850580,    000h 00m 03.384s,    007h 10m 50.580s
7635,    3386,    25853966,    000h 00m 03.386s,    007h 10m 53.966s
7636,    3384,    25857350,    000h 00m 03.384s,    007h 10m 57.350s
7637,    3378,    25860728,    000h 00m 03.378s,    007h 11m 00.728s
7638,    3376,    25864104,    000h 00m 03.376s,    007h 11m 04.104s
7639,    3384,    25867488,    000h 00m 03.384s,    007h 11m 07.488s
7640,    3393,    25870881,    000h 00m 03.393s,    007h 11m 10.881s
7641,    3374,    25874255,    000h 00m 03.374s,    007h 11m 14.255s
7642,    3401,    25877656,    000h 00m 03.401s,    007h 11m 17.656s
7643,    3385,    25881041,    000h 00m 03.385s,    007h 11m 21.041s
7644,    3380,    25884421,    000h 00m 03.380s,    007h 11m 24.421s
7645,    3384,    25887805,    000h 00m 03.384s,    007h 11m 27.805s
7646,    3376,    25891181,    000h 00m 03.376s,    007h 11m 31.181s
7647,    3383,    25894564,    000h 00m 03.383s,    007h 11m 34.564s
7648,    3373,    25897937,    000h 00m 03.373s,    007h 11m 37.937s
7649,    3387,    25901324,    000h 00m 03.387s,    007h 11m 41.324s
7650,    3387,    25904711,    000h 00m 03.387s,    007h 11m 44.711s
7651,    3395,    25908106,    000h 00m 03.395s,    007h 11m 48.106s
7652,    3383,    25911489,    000h 00m 03.383s,    007h 11m 51.489s
7653,    3389,    25914878,    000h 00m 03.389s,    007h 11m 54.878s
7654,    3379,    25918257,    000h 00m 03.379s,    007h 11m 58.257s
7655,    3384,    25921641,    000h 00m 03.384s,    007h 12m 01.641s
7656,    3371,    25925012,    000h 00m 03.371s,    007h 12m 05.012s
7657,    3388,    25928400,    000h 00m 03.388s,    007h 12m 08.400s
7658,    3389,    25931789,    000h 00m 03.389s,    007h 12m 11.789s
7659,    3382,    25935171,    000h 00m 03.382s,    007h 12m 15.171s
7660,    3389,    25938560,    000h 00m 03.389s,    007h 12m 18.560s
7661,    3380,    25941940,    000h 00m 03.380s,    007h 12m 21.940s
7662,    3374,    25945314,    000h 00m 03.374s,    007h 12m 25.314s
7663,    3444,    25948758,    000h 00m 03.444s,    007h 12m 28.758s
7664,    3401,    25952159,    000h 00m 03.401s,    007h 12m 32.159s
7665,    3376,    25955535,    000h 00m 03.376s,    007h 12m 35.535s
7666,    3375,    25958910,    000h 00m 03.375s,    007h 12m 38.910s
7667,    3392,    25962302,    000h 00m 03.392s,    007h 12m 42.302s
7668,    3381,    25965683,    000h 00m 03.381s,    007h 12m 45.683s
7669,    3382,    25969065,    000h 00m 03.382s,    007h 12m 49.065s
7670,    3382,    25972447,    000h 00m 03.382s,    007h 12m 52.447s
7671,    3383,    25975830,    000h 00m 03.383s,    007h 12m 55.830s
7672,    3376,    25979206,    000h 00m 03.376s,    007h 12m 59.206s
7673,    3390,    25982596,    000h 00m 03.390s,    007h 13m 02.596s
7674,    3386,    25985982,    000h 00m 03.386s,    007h 13m 05.982s
7675,    3386,    25989368,    000h 00m 03.386s,    007h 13m 09.368s
7676,    3391,    25992759,    000h 00m 03.391s,    007h 13m 12.759s
7677,    3378,    25996137,    000h 00m 03.378s,    007h 13m 16.137s
7678,    3385,    25999522,    000h 00m 03.385s,    007h 13m 19.522s
7679,    3386,    26002908,    000h 00m 03.386s,    007h 13m 22.908s
7680,    3377,    26006285,    000h 00m 03.377s,    007h 13m 26.285s
7681,    3386,    26009671,    000h 00m 03.386s,    007h 13m 29.671s
7682,    3390,    26013061,    000h 00m 03.390s,    007h 13m 33.061s
7683,    3378,    26016439,    000h 00m 03.378s,    007h 13m 36.439s
7684,    3382,    26019821,    000h 00m 03.382s,    007h 13m 39.821s
7685,    3376,    26023197,    000h 00m 03.376s,    007h 13m 43.197s
7686,    3382,    26026579,    000h 00m 03.382s,    007h 13m 46.579s
7687,    3382,    26029961,    000h 00m 03.382s,    007h 13m 49.961s
7688,    3386,    26033347,    000h 00m 03.386s,    007h 13m 53.347s
7689,    3381,    26036728,    000h 00m 03.381s,    007h 13m 56.728s
7690,    3386,    26040114,    000h 00m 03.386s,    007h 14m 00.114s
7691,    3392,    26043506,    000h 00m 03.392s,    007h 14m 03.506s
7692,    3395,    26046901,    000h 00m 03.395s,    007h 14m 06.901s
7693,    3384,    26050285,    000h 00m 03.384s,    007h 14m 10.285s
7694,    3379,    26053664,    000h 00m 03.379s,    007h 14m 13.664s
7695,    3391,    26057055,    000h 00m 03.391s,    007h 14m 17.055s
7696,    3379,    26060434,    000h 00m 03.379s,    007h 14m 20.434s
7697,    3374,    26063808,    000h 00m 03.374s,    007h 14m 23.808s
7698,    3377,    26067185,    000h 00m 03.377s,    007h 14m 27.185s
7699,    3381,    26070566,    000h 00m 03.381s,    007h 14m 30.566s
7700,    3387,    26073953,    000h 00m 03.387s,    007h 14m 33.953s
7701,    3389,    26077342,    000h 00m 03.389s,    007h 14m 37.342s
7702,    3387,    26080729,    000h 00m 03.387s,    007h 14m 40.729s
7703,    3386,    26084115,    000h 00m 03.386s,    007h 14m 44.115s
7704,    3380,    26087495,    000h 00m 03.380s,    007h 14m 47.495s
7705,    3375,    26090870,    000h 00m 03.375s,    007h 14m 50.870s
7706,    3381,    26094251,    000h 00m 03.381s,    007h 14m 54.251s
7707,    3387,    26097638,    000h 00m 03.387s,    007h 14m 57.638s
7708,    3381,    26101019,    000h 00m 03.381s,    007h 15m 01.019s
7709,    3377,    26104396,    000h 00m 03.377s,    007h 15m 04.396s
7710,    3378,    26107774,    000h 00m 03.378s,    007h 15m 07.774s
7711,    3373,    26111147,    000h 00m 03.373s,    007h 15m 11.147s
7712,    3380,    26114527,    000h 00m 03.380s,    007h 15m 14.527s
7713,    3398,    26117925,    000h 00m 03.398s,    007h 15m 17.925s
7714,    3381,    26121306,    000h 00m 03.381s,    007h 15m 21.306s
7715,    3377,    26124683,    000h 00m 03.377s,    007h 15m 24.683s
7716,    3385,    26128068,    000h 00m 03.385s,    007h 15m 28.068s
7717,    3387,    26131455,    000h 00m 03.387s,    007h 15m 31.455s
7718,    3387,    26134842,    000h 00m 03.387s,    007h 15m 34.842s
7719,    3369,    26138211,    000h 00m 03.369s,    007h 15m 38.211s
7720,    3384,    26141595,    000h 00m 03.384s,    007h 15m 41.595s
7721,    3377,    26144972,    000h 00m 03.377s,    007h 15m 44.972s
7722,    3378,    26148350,    000h 00m 03.378s,    007h 15m 48.350s
7723,    3379,    26151729,    000h 00m 03.379s,    007h 15m 51.729s
7724,    3381,    26155110,    000h 00m 03.381s,    007h 15m 55.110s
7725,    3372,    26158482,    000h 00m 03.372s,    007h 15m 58.482s
7726,    3377,    26161859,    000h 00m 03.377s,    007h 16m 01.859s
7727,    3381,    26165240,    000h 00m 03.381s,    007h 16m 05.240s
7728,    3376,    26168616,    000h 00m 03.376s,    007h 16m 08.616s
7729,    3388,    26172004,    000h 00m 03.388s,    007h 16m 12.004s
7730,    3377,    26175381,    000h 00m 03.377s,    007h 16m 15.381s
7731,    3396,    26178777,    000h 00m 03.396s,    007h 16m 18.777s
7732,    3376,    26182153,    000h 00m 03.376s,    007h 16m 22.153s
7733,    3389,    26185542,    000h 00m 03.389s,    007h 16m 25.542s
7734,    3375,    26188917,    000h 00m 03.375s,    007h 16m 28.917s
7735,    3381,    26192298,    000h 00m 03.381s,    007h 16m 32.298s
7736,    3381,    26195679,    000h 00m 03.381s,    007h 16m 35.679s
7737,    3379,    26199058,    000h 00m 03.379s,    007h 16m 39.058s
7738,    3389,    26202447,    000h 00m 03.389s,    007h 16m 42.447s
7739,    3377,    26205824,    000h 00m 03.377s,    007h 16m 45.824s
7740,    3382,    26209206,    000h 00m 03.382s,    007h 16m 49.206s
7741,    3393,    26212599,    000h 00m 03.393s,    007h 16m 52.599s
7742,    3375,    26215974,    000h 00m 03.375s,    007h 16m 55.974s
7743,    3387,    26219361,    000h 00m 03.387s,    007h 16m 59.361s
7744,    3378,    26222739,    000h 00m 03.378s,    007h 17m 02.739s
7745,    3384,    26226123,    000h 00m 03.384s,    007h 17m 06.123s
7746,    3383,    26229506,    000h 00m 03.383s,    007h 17m 09.506s
7747,    3386,    26232892,    000h 00m 03.386s,    007h 17m 12.892s
7748,    3387,    26236279,    000h 00m 03.387s,    007h 17m 16.279s
7749,    3392,    26239671,    000h 00m 03.392s,    007h 17m 19.671s
7750,    3383,    26243054,    000h 00m 03.383s,    007h 17m 23.054s
7751,    3378,    26246432,    000h 00m 03.378s,    007h 17m 26.432s
7752,    3382,    26249814,    000h 00m 03.382s,    007h 17m 29.814s
7753,    3381,    26253195,    000h 00m 03.381s,    007h 17m 33.195s
7754,    3386,    26256581,    000h 00m 03.386s,    007h 17m 36.581s
7755,    3391,    26259972,    000h 00m 03.391s,    007h 17m 39.972s
7756,    3385,    26263357,    000h 00m 03.385s,    007h 17m 43.357s
7757,    3378,    26266735,    000h 00m 03.378s,    007h 17m 46.735s
7758,    3403,    26270138,    000h 00m 03.403s,    007h 17m 50.138s
7759,    3386,    26273524,    000h 00m 03.386s,    007h 17m 53.524s
7760,    3384,    26276908,    000h 00m 03.384s,    007h 17m 56.908s
7761,    3381,    26280289,    000h 00m 03.381s,    007h 18m 00.289s
7762,    3375,    26283664,    000h 00m 03.375s,    007h 18m 03.664s
7763,    3378,    26287042,    000h 00m 03.378s,    007h 18m 07.042s
7764,    3387,    26290429,    000h 00m 03.387s,    007h 18m 10.429s
7765,    3377,    26293806,    000h 00m 03.377s,    007h 18m 13.806s
7766,    3390,    26297196,    000h 00m 03.390s,    007h 18m 17.196s
7767,    3391,    26300587,    000h 00m 03.391s,    007h 18m 20.587s
7768,    3386,    26303973,    000h 00m 03.386s,    007h 18m 23.973s
7769,    3377,    26307350,    000h 00m 03.377s,    007h 18m 27.350s
7770,    3375,    26310725,    000h 00m 03.375s,    007h 18m 30.725s
7771,    3382,    26314107,    000h 00m 03.382s,    007h 18m 34.107s
7772,    3388,    26317495,    000h 00m 03.388s,    007h 18m 37.495s
7773,    3386,    26320881,    000h 00m 03.386s,    007h 18m 40.881s
7774,    3383,    26324264,    000h 00m 03.383s,    007h 18m 44.264s
7775,    3388,    26327652,    000h 00m 03.388s,    007h 18m 47.652s
7776,    3389,    26331041,    000h 00m 03.389s,    007h 18m 51.041s
7777,    3383,    26334424,    000h 00m 03.383s,    007h 18m 54.424s
7778,    3382,    26337806,    000h 00m 03.382s,    007h 18m 57.806s
7779,    3379,    26341185,    000h 00m 03.379s,    007h 19m 01.185s
7780,    3381,    26344566,    000h 00m 03.381s,    007h 19m 04.566s
7781,    3386,    26347952,    000h 00m 03.386s,    007h 19m 07.952s
7782,    3376,    26351328,    000h 00m 03.376s,    007h 19m 11.328s
7783,    3382,    26354710,    000h 00m 03.382s,    007h 19m 14.710s
7784,    3395,    26358105,    000h 00m 03.395s,    007h 19m 18.105s
7785,    3374,    26361479,    000h 00m 03.374s,    007h 19m 21.479s
7786,    3379,    26364858,    000h 00m 03.379s,    007h 19m 24.858s
7787,    3385,    26368243,    000h 00m 03.385s,    007h 19m 28.243s
7788,    3390,    26371633,    000h 00m 03.390s,    007h 19m 31.633s
7789,    3384,    26375017,    000h 00m 03.384s,    007h 19m 35.017s
7790,    3379,    26378396,    000h 00m 03.379s,    007h 19m 38.396s
7791,    3375,    26381771,    000h 00m 03.375s,    007h 19m 41.771s
7792,    3382,    26385153,    000h 00m 03.382s,    007h 19m 45.153s
7793,    3382,    26388535,    000h 00m 03.382s,    007h 19m 48.535s
7794,    3374,    26391909,    000h 00m 03.374s,    007h 19m 51.909s
7795,    3390,    26395299,    000h 00m 03.390s,    007h 19m 55.299s
7796,    3380,    26398679,    000h 00m 03.380s,    007h 19m 58.679s
7797,    3382,    26402061,    000h 00m 03.382s,    007h 20m 02.061s
7798,    3374,    26405435,    000h 00m 03.374s,    007h 20m 05.435s
7799,    3391,    26408826,    000h 00m 03.391s,    007h 20m 08.826s
7800,    3396,    26412222,    000h 00m 03.396s,    007h 20m 12.222s
7801,    3385,    26415607,    000h 00m 03.385s,    007h 20m 15.607s
7802,    3403,    26419010,    000h 00m 03.403s,    007h 20m 19.010s
7803,    3391,    26422401,    000h 00m 03.391s,    007h 20m 22.401s
7804,    3384,    26425785,    000h 00m 03.384s,    007h 20m 25.785s
7805,    3384,    26429169,    000h 00m 03.384s,    007h 20m 29.169s
7806,    3379,    26432548,    000h 00m 03.379s,    007h 20m 32.548s
7807,    3381,    26435929,    000h 00m 03.381s,    007h 20m 35.929s
7808,    3379,    26439308,    000h 00m 03.379s,    007h 20m 39.308s
7809,    3386,    26442694,    000h 00m 03.386s,    007h 20m 42.694s
7810,    3386,    26446080,    000h 00m 03.386s,    007h 20m 46.080s
7811,    3378,    26449458,    000h 00m 03.378s,    007h 20m 49.458s
7812,    3387,    26452845,    000h 00m 03.387s,    007h 20m 52.845s
7813,    3383,    26456228,    000h 00m 03.383s,    007h 20m 56.228s
7814,    3372,    26459600,    000h 00m 03.372s,    007h 20m 59.600s
7815,    3381,    26462981,    000h 00m 03.381s,    007h 21m 02.981s
7816,    3375,    26466356,    000h 00m 03.375s,    007h 21m 06.356s
7817,    3387,    26469743,    000h 00m 03.387s,    007h 21m 09.743s
7818,    3386,    26473129,    000h 00m 03.386s,    007h 21m 13.129s
7819,    3380,    26476509,    000h 00m 03.380s,    007h 21m 16.509s
7820,    3394,    26479903,    000h 00m 03.394s,    007h 21m 19.903s
7821,    3388,    26483291,    000h 00m 03.388s,    007h 21m 23.291s
7822,    3379,    26486670,    000h 00m 03.379s,    007h 21m 26.670s
7823,    3387,    26490057,    000h 00m 03.387s,    007h 21m 30.057s
7824,    3385,    26493442,    000h 00m 03.385s,    007h 21m 33.442s
7825,    3387,    26496829,    000h 00m 03.387s,    007h 21m 36.829s
7826,    3386,    26500215,    000h 00m 03.386s,    007h 21m 40.215s
7827,    3395,    26503610,    000h 00m 03.395s,    007h 21m 43.610s
7828,    3383,    26506993,    000h 00m 03.383s,    007h 21m 46.993s
7829,    3391,    26510384,    000h 00m 03.391s,    007h 21m 50.384s
7830,    3390,    26513774,    000h 00m 03.390s,    007h 21m 53.774s
7831,    3384,    26517158,    000h 00m 03.384s,    007h 21m 57.158s
7832,    3389,    26520547,    000h 00m 03.389s,    007h 22m 00.547s
7833,    3373,    26523920,    000h 00m 03.373s,    007h 22m 03.920s
7834,    3384,    26527304,    000h 00m 03.384s,    007h 22m 07.304s
7835,    3378,    26530682,    000h 00m 03.378s,    007h 22m 10.682s
7836,    3379,    26534061,    000h 00m 03.379s,    007h 22m 14.061s
7837,    3388,    26537449,    000h 00m 03.388s,    007h 22m 17.449s
7838,    3385,    26540834,    000h 00m 03.385s,    007h 22m 20.834s
7839,    3381,    26544215,    000h 00m 03.381s,    007h 22m 24.215s
7840,    3367,    26547582,    000h 00m 03.367s,    007h 22m 27.582s
7841,    3376,    26550958,    000h 00m 03.376s,    007h 22m 30.958s
7842,    3386,    26554344,    000h 00m 03.386s,    007h 22m 34.344s
7843,    3386,    26557730,    000h 00m 03.386s,    007h 22m 37.730s
7844,    3378,    26561108,    000h 00m 03.378s,    007h 22m 41.108s
7845,    3382,    26564490,    000h 00m 03.382s,    007h 22m 44.490s
7846,    3381,    26567871,    000h 00m 03.381s,    007h 22m 47.871s
7847,    3390,    26571261,    000h 00m 03.390s,    007h 22m 51.261s
7848,    3385,    26574646,    000h 00m 03.385s,    007h 22m 54.646s
7849,    3388,    26578034,    000h 00m 03.388s,    007h 22m 58.034s
7850,    3379,    26581413,    000h 00m 03.379s,    007h 23m 01.413s
7851,    3377,    26584790,    000h 00m 03.377s,    007h 23m 04.790s
7852,    3371,    26588161,    000h 00m 03.371s,    007h 23m 08.161s
7853,    3405,    26591566,    000h 00m 03.405s,    007h 23m 11.566s
7854,    3391,    26594957,    000h 00m 03.391s,    007h 23m 14.957s
7855,    3392,    26598349,    000h 00m 03.392s,    007h 23m 18.349s
7856,    3391,    26601740,    000h 00m 03.391s,    007h 23m 21.740s
7857,    3380,    26605120,    000h 00m 03.380s,    007h 23m 25.120s
7858,    3385,    26608505,    000h 00m 03.385s,    007h 23m 28.505s
7859,    3376,    26611881,    000h 00m 03.376s,    007h 23m 31.881s
7860,    3382,    26615263,    000h 00m 03.382s,    007h 23m 35.263s
7861,    3390,    26618653,    000h 00m 03.390s,    007h 23m 38.653s
7862,    3386,    26622039,    000h 00m 03.386s,    007h 23m 42.039s
7863,    3374,    26625413,    000h 00m 03.374s,    007h 23m 45.413s
7864,    3387,    26628800,    000h 00m 03.387s,    007h 23m 48.800s
7865,    3385,    26632185,    000h 00m 03.385s,    007h 23m 52.185s
7866,    3376,    26635561,    000h 00m 03.376s,    007h 23m 55.561s
7867,    3384,    26638945,    000h 00m 03.384s,    007h 23m 58.945s
7868,    3384,    26642329,    000h 00m 03.384s,    007h 24m 02.329s
7869,    3382,    26645711,    000h 00m 03.382s,    007h 24m 05.711s
7870,    3382,    26649093,    000h 00m 03.382s,    007h 24m 09.093s
7871,    3391,    26652484,    000h 00m 03.391s,    007h 24m 12.484s
7872,    3455,    26655939,    000h 00m 03.455s,    007h 24m 15.939s
7873,    3391,    26659330,    000h 00m 03.391s,    007h 24m 19.330s
7874,    3376,    26662706,    000h 00m 03.376s,    007h 24m 22.706s
7875,    3385,    26666091,    000h 00m 03.385s,    007h 24m 26.091s
7876,    3408,    26669499,    000h 00m 03.408s,    007h 24m 29.499s
7877,    3386,    26672885,    000h 00m 03.386s,    007h 24m 32.885s
7878,    3387,    26676272,    000h 00m 03.387s,    007h 24m 36.272s
7879,    3386,    26679658,    000h 00m 03.386s,    007h 24m 39.658s
7880,    3389,    26683047,    000h 00m 03.389s,    007h 24m 43.047s
7881,    3374,    26686421,    000h 00m 03.374s,    007h 24m 46.421s
7882,    3378,    26689799,    000h 00m 03.378s,    007h 24m 49.799s
7883,    3373,    26693172,    000h 00m 03.373s,    007h 24m 53.172s
7884,    3375,    26696547,    000h 00m 03.375s,    007h 24m 56.547s
7885,    3388,    26699935,    000h 00m 03.388s,    007h 24m 59.935s
7886,    3381,    26703316,    000h 00m 03.381s,    007h 25m 03.316s
7887,    3380,    26706696,    000h 00m 03.380s,    007h 25m 06.696s
7888,    3390,    26710086,    000h 00m 03.390s,    007h 25m 10.086s
7889,    3385,    26713471,    000h 00m 03.385s,    007h 25m 13.471s
7890,    3382,    26716853,    000h 00m 03.382s,    007h 25m 16.853s
7891,    3393,    26720246,    000h 00m 03.393s,    007h 25m 20.246s
7892,    3387,    26723633,    000h 00m 03.387s,    007h 25m 23.633s
7893,    3381,    26727014,    000h 00m 03.381s,    007h 25m 27.014s
7894,    3381,    26730395,    000h 00m 03.381s,    007h 25m 30.395s
7895,    3377,    26733772,    000h 00m 03.377s,    007h 25m 33.772s
7896,    3390,    26737162,    000h 00m 03.390s,    007h 25m 37.162s
7897,    3383,    26740545,    000h 00m 03.383s,    007h 25m 40.545s
7898,    3372,    26743917,    000h 00m 03.372s,    007h 25m 43.917s
7899,    3384,    26747301,    000h 00m 03.384s,    007h 25m 47.301s
7900,    3376,    26750677,    000h 00m 03.376s,    007h 25m 50.677s
7901,    3389,    26754066,    000h 00m 03.389s,    007h 25m 54.066s
7902,    3377,    26757443,    000h 00m 03.377s,    007h 25m 57.443s
7903,    3384,    26760827,    000h 00m 03.384s,    007h 26m 00.827s
7904,    3382,    26764209,    000h 00m 03.382s,    007h 26m 04.209s
7905,    3386,    26767595,    000h 00m 03.386s,    007h 26m 07.595s
7906,    3386,    26770981,    000h 00m 03.386s,    007h 26m 10.981s
7907,    3382,    26774363,    000h 00m 03.382s,    007h 26m 14.363s
7908,    3383,    26777746,    000h 00m 03.383s,    007h 26m 17.746s
7909,    3384,    26781130,    000h 00m 03.384s,    007h 26m 21.130s
7910,    3378,    26784508,    000h 00m 03.378s,    007h 26m 24.508s
7911,    3379,    26787887,    000h 00m 03.379s,    007h 26m 27.887s
7912,    3388,    26791275,    000h 00m 03.388s,    007h 26m 31.275s
7913,    3382,    26794657,    000h 00m 03.382s,    007h 26m 34.657s
7914,    3379,    26798036,    000h 00m 03.379s,    007h 26m 38.036s
7915,    3387,    26801423,    000h 00m 03.387s,    007h 26m 41.423s
7916,    3370,    26804793,    000h 00m 03.370s,    007h 26m 44.793s
7917,    3387,    26808180,    000h 00m 03.387s,    007h 26m 48.180s
7918,    3371,    26811551,    000h 00m 03.371s,    007h 26m 51.551s
7919,    3374,    26814925,    000h 00m 03.374s,    007h 26m 54.925s
7920,    3378,    26818303,    000h 00m 03.378s,    007h 26m 58.303s
7921,    3379,    26821682,    000h 00m 03.379s,    007h 27m 01.682s
7922,    3387,    26825069,    000h 00m 03.387s,    007h 27m 05.069s
7923,    3385,    26828454,    000h 00m 03.385s,    007h 27m 08.454s
7924,    3370,    26831824,    000h 00m 03.370s,    007h 27m 11.824s
7925,    3390,    26835214,    000h 00m 03.390s,    007h 27m 15.214s
7926,    3384,    26838598,    000h 00m 03.384s,    007h 27m 18.598s
7927,    3378,    26841976,    000h 00m 03.378s,    007h 27m 21.976s
7928,    3379,    26845355,    000h 00m 03.379s,    007h 27m 25.355s
7929,    3388,    26848743,    000h 00m 03.388s,    007h 27m 28.743s
7930,    3384,    26852127,    000h 00m 03.384s,    007h 27m 32.127s
7931,    3381,    26855508,    000h 00m 03.381s,    007h 27m 35.508s
7932,    3385,    26858893,    000h 00m 03.385s,    007h 27m 38.893s
7933,    3383,    26862276,    000h 00m 03.383s,    007h 27m 42.276s
7934,    3381,    26865657,    000h 00m 03.381s,    007h 27m 45.657s
7935,    3374,    26869031,    000h 00m 03.374s,    007h 27m 49.031s
7936,    3386,    26872417,    000h 00m 03.386s,    007h 27m 52.417s
7937,    3383,    26875800,    000h 00m 03.383s,    007h 27m 55.800s
7938,    3384,    26879184,    000h 00m 03.384s,    007h 27m 59.184s
7939,    3382,    26882566,    000h 00m 03.382s,    007h 28m 02.566s
7940,    3379,    26885945,    000h 00m 03.379s,    007h 28m 05.945s
7941,    3382,    26889327,    000h 00m 03.382s,    007h 28m 09.327s
7942,    3391,    26892718,    000h 00m 03.391s,    007h 28m 12.718s
7943,    3385,    26896103,    000h 00m 03.385s,    007h 28m 16.103s
7944,    3396,    26899499,    000h 00m 03.396s,    007h 28m 19.499s
7945,    3376,    26902875,    000h 00m 03.376s,    007h 28m 22.875s
7946,    3383,    26906258,    000h 00m 03.383s,    007h 28m 26.258s
7947,    3384,    26909642,    000h 00m 03.384s,    007h 28m 29.642s
7948,    3394,    26913036,    000h 00m 03.394s,    007h 28m 33.036s
7949,    3378,    26916414,    000h 00m 03.378s,    007h 28m 36.414s
7950,    3400,    26919814,    000h 00m 03.400s,    007h 28m 39.814s
7951,    3382,    26923196,    000h 00m 03.382s,    007h 28m 43.196s
7952,    3385,    26926581,    000h 00m 03.385s,    007h 28m 46.581s
7953,    3379,    26929960,    000h 00m 03.379s,    007h 28m 49.960s
7954,    3384,    26933344,    000h 00m 03.384s,    007h 28m 53.344s
7955,    3387,    26936731,    000h 00m 03.387s,    007h 28m 56.731s
7956,    3391,    26940122,    000h 00m 03.391s,    007h 29m 00.122s
7957,    3387,    26943509,    000h 00m 03.387s,    007h 29m 03.509s
7958,    3386,    26946895,    000h 00m 03.386s,    007h 29m 06.895s
7959,    3381,    26950276,    000h 00m 03.381s,    007h 29m 10.276s
7960,    3390,    26953666,    000h 00m 03.390s,    007h 29m 13.666s
7961,    3381,    26957047,    000h 00m 03.381s,    007h 29m 17.047s
7962,    3394,    26960441,    000h 00m 03.394s,    007h 29m 20.441s
7963,    3393,    26963834,    000h 00m 03.393s,    007h 29m 23.834s
7964,    3386,    26967220,    000h 00m 03.386s,    007h 29m 27.220s
7965,    3378,    26970598,    000h 00m 03.378s,    007h 29m 30.598s
7966,    3397,    26973995,    000h 00m 03.397s,    007h 29m 33.995s
7967,    3384,    26977379,    000h 00m 03.384s,    007h 29m 37.379s
7968,    3386,    26980765,    000h 00m 03.386s,    007h 29m 40.765s
7969,    3383,    26984148,    000h 00m 03.383s,    007h 29m 44.148s
7970,    3375,    26987523,    000h 00m 03.375s,    007h 29m 47.523s
7971,    3391,    26990914,    000h 00m 03.391s,    007h 29m 50.914s
7972,    3373,    26994287,    000h 00m 03.373s,    007h 29m 54.287s
7973,    3375,    26997662,    000h 00m 03.375s,    007h 29m 57.662s
7974,    3379,    27001041,    000h 00m 03.379s,    007h 30m 01.041s
7975,    3386,    27004427,    000h 00m 03.386s,    007h 30m 04.427s
7976,    3385,    27007812,    000h 00m 03.385s,    007h 30m 07.812s
7977,    3383,    27011195,    000h 00m 03.383s,    007h 30m 11.195s
7978,    3384,    27014579,    000h 00m 03.384s,    007h 30m 14.579s
7979,    3407,    27017986,    000h 00m 03.407s,    007h 30m 17.986s
7980,    3371,    27021357,    000h 00m 03.371s,    007h 30m 21.357s
7981,    3382,    27024739,    000h 00m 03.382s,    007h 30m 24.739s
7982,    3384,    27028123,    000h 00m 03.384s,    007h 30m 28.123s
7983,    3379,    27031502,    000h 00m 03.379s,    007h 30m 31.502s
7984,    3384,    27034886,    000h 00m 03.384s,    007h 30m 34.886s
7985,    3384,    27038270,    000h 00m 03.384s,    007h 30m 38.270s
7986,    3374,    27041644,    000h 00m 03.374s,    007h 30m 41.644s
7987,    3388,    27045032,    000h 00m 03.388s,    007h 30m 45.032s
7988,    3373,    27048405,    000h 00m 03.373s,    007h 30m 48.405s
7989,    3386,    27051791,    000h 00m 03.386s,    007h 30m 51.791s
7990,    3390,    27055181,    000h 00m 03.390s,    007h 30m 55.181s
7991,    3374,    27058555,    000h 00m 03.374s,    007h 30m 58.555s
7992,    3384,    27061939,    000h 00m 03.384s,    007h 31m 01.939s
7993,    3364,    27065303,    000h 00m 03.364s,    007h 31m 05.303s
7994,    3383,    27068686,    000h 00m 03.383s,    007h 31m 08.686s
7995,    3384,    27072070,    000h 00m 03.384s,    007h 31m 12.070s
7996,    3384,    27075454,    000h 00m 03.384s,    007h 31m 15.454s
7997,    3391,    27078845,    000h 00m 03.391s,    007h 31m 18.845s
7998,    3390,    27082235,    000h 00m 03.390s,    007h 31m 22.235s
7999,    3375,    27085610,    000h 00m 03.375s,    007h 31m 25.610s
8000,    3378,    27088988,    000h 00m 03.378s,    007h 31m 28.988s
8001,    3389,    27092377,    000h 00m 03.389s,    007h 31m 32.377s
8002,    3386,    27095763,    000h 00m 03.386s,    007h 31m 35.763s
8003,    3384,    27099147,    000h 00m 03.384s,    007h 31m 39.147s
8004,    3386,    27102533,    000h 00m 03.386s,    007h 31m 42.533s
8005,    3376,    27105909,    000h 00m 03.376s,    007h 31m 45.909s
8006,    3390,    27109299,    000h 00m 03.390s,    007h 31m 49.299s
8007,    3386,    27112685,    000h 00m 03.386s,    007h 31m 52.685s
8008,    3385,    27116070,    000h 00m 03.385s,    007h 31m 56.070s
8009,    3387,    27119457,    000h 00m 03.387s,    007h 31m 59.457s
8010,    3381,    27122838,    000h 00m 03.381s,    007h 32m 02.838s
8011,    3393,    27126231,    000h 00m 03.393s,    007h 32m 06.231s
8012,    3386,    27129617,    000h 00m 03.386s,    007h 32m 09.617s
8013,    3400,    27133017,    000h 00m 03.400s,    007h 32m 13.017s
8014,    3382,    27136399,    000h 00m 03.382s,    007h 32m 16.399s
8015,    3389,    27139788,    000h 00m 03.389s,    007h 32m 19.788s
8016,    3387,    27143175,    000h 00m 03.387s,    007h 32m 23.175s
8017,    3378,    27146553,    000h 00m 03.378s,    007h 32m 26.553s
8018,    3381,    27149934,    000h 00m 03.381s,    007h 32m 29.934s
8019,    3383,    27153317,    000h 00m 03.383s,    007h 32m 33.317s
8020,    3376,    27156693,    000h 00m 03.376s,    007h 32m 36.693s
8021,    3398,    27160091,    000h 00m 03.398s,    007h 32m 40.091s
8022,    3386,    27163477,    000h 00m 03.386s,    007h 32m 43.477s
8023,    3377,    27166854,    000h 00m 03.377s,    007h 32m 46.854s
8024,    3389,    27170243,    000h 00m 03.389s,    007h 32m 50.243s
8025,    3388,    27173631,    000h 00m 03.388s,    007h 32m 53.631s
8026,    3374,    27177005,    000h 00m 03.374s,    007h 32m 57.005s
8027,    3391,    27180396,    000h 00m 03.391s,    007h 33m 00.396s
8028,    3380,    27183776,    000h 00m 03.380s,    007h 33m 03.776s
8029,    3373,    27187149,    000h 00m 03.373s,    007h 33m 07.149s
8030,    3391,    27190540,    000h 00m 03.391s,    007h 33m 10.540s
8031,    3383,    27193923,    000h 00m 03.383s,    007h 33m 13.923s
8032,    3391,    27197314,    000h 00m 03.391s,    007h 33m 17.314s
8033,    3382,    27200696,    000h 00m 03.382s,    007h 33m 20.696s
8034,    3378,    27204074,    000h 00m 03.378s,    007h 33m 24.074s
8035,    3381,    27207455,    000h 00m 03.381s,    007h 33m 27.455s
8036,    3387,    27210842,    000h 00m 03.387s,    007h 33m 30.842s
8037,    3387,    27214229,    000h 00m 03.387s,    007h 33m 34.229s
8038,    3379,    27217608,    000h 00m 03.379s,    007h 33m 37.608s
8039,    3379,    27220987,    000h 00m 03.379s,    007h 33m 40.987s
8040,    3382,    27224369,    000h 00m 03.382s,    007h 33m 44.369s
8041,    3374,    27227743,    000h 00m 03.374s,    007h 33m 47.743s
8042,    3387,    27231130,    000h 00m 03.387s,    007h 33m 51.130s
8043,    3405,    27234535,    000h 00m 03.405s,    007h 33m 54.535s
8044,    3383,    27237918,    000h 00m 03.383s,    007h 33m 57.918s
8045,    3383,    27241301,    000h 00m 03.383s,    007h 34m 01.301s
8046,    3376,    27244677,    000h 00m 03.376s,    007h 34m 04.677s
8047,    3369,    27248046,    000h 00m 03.369s,    007h 34m 08.046s
8048,    3385,    27251431,    000h 00m 03.385s,    007h 34m 11.431s
8049,    3380,    27254811,    000h 00m 03.380s,    007h 34m 14.811s
8050,    3388,    27258199,    000h 00m 03.388s,    007h 34m 18.199s
8051,    3395,    27261594,    000h 00m 03.395s,    007h 34m 21.594s
8052,    3388,    27264982,    000h 00m 03.388s,    007h 34m 24.982s
8053,    3384,    27268366,    000h 00m 03.384s,    007h 34m 28.366s
8054,    3388,    27271754,    000h 00m 03.388s,    007h 34m 31.754s
8055,    3379,    27275133,    000h 00m 03.379s,    007h 34m 35.133s
8056,    3381,    27278514,    000h 00m 03.381s,    007h 34m 38.514s
8057,    3389,    27281903,    000h 00m 03.389s,    007h 34m 41.903s
8058,    3377,    27285280,    000h 00m 03.377s,    007h 34m 45.280s
8059,    3375,    27288655,    000h 00m 03.375s,    007h 34m 48.655s
8060,    3381,    27292036,    000h 00m 03.381s,    007h 34m 52.036s
8061,    3388,    27295424,    000h 00m 03.388s,    007h 34m 55.424s
8062,    3374,    27298798,    000h 00m 03.374s,    007h 34m 58.798s
8063,    3383,    27302181,    000h 00m 03.383s,    007h 35m 02.181s
8064,    3381,    27305562,    000h 00m 03.381s,    007h 35m 05.562s
8065,    3384,    27308946,    000h 00m 03.384s,    007h 35m 08.946s
8066,    3387,    27312333,    000h 00m 03.387s,    007h 35m 12.333s
8067,    3376,    27315709,    000h 00m 03.376s,    007h 35m 15.709s
8068,    3385,    27319094,    000h 00m 03.385s,    007h 35m 19.094s
8069,    3389,    27322483,    000h 00m 03.389s,    007h 35m 22.483s
8070,    3381,    27325864,    000h 00m 03.381s,    007h 35m 25.864s
8071,    3384,    27329248,    000h 00m 03.384s,    007h 35m 29.248s
8072,    3384,    27332632,    000h 00m 03.384s,    007h 35m 32.632s
8073,    3374,    27336006,    000h 00m 03.374s,    007h 35m 36.006s
8074,    3386,    27339392,    000h 00m 03.386s,    007h 35m 39.392s
8075,    3383,    27342775,    000h 00m 03.383s,    007h 35m 42.775s
8076,    3382,    27346157,    000h 00m 03.382s,    007h 35m 46.157s
8077,    3371,    27349528,    000h 00m 03.371s,    007h 35m 49.528s
8078,    3380,    27352908,    000h 00m 03.380s,    007h 35m 52.908s
8079,    3374,    27356282,    000h 00m 03.374s,    007h 35m 56.282s
8080,    3380,    27359662,    000h 00m 03.380s,    007h 35m 59.662s
8081,    3391,    27363053,    000h 00m 03.391s,    007h 36m 03.053s
8082,    3381,    27366434,    000h 00m 03.381s,    007h 36m 06.434s
8083,    3391,    27369825,    000h 00m 03.391s,    007h 36m 09.825s
8084,    3380,    27373205,    000h 00m 03.380s,    007h 36m 13.205s
8085,    3388,    27376593,    000h 00m 03.388s,    007h 36m 16.593s
8086,    3408,    27380001,    000h 00m 03.408s,    007h 36m 20.001s
8087,    3383,    27383384,    000h 00m 03.383s,    007h 36m 23.384s
8088,    3388,    27386772,    000h 00m 03.388s,    007h 36m 26.772s
8089,    3380,    27390152,    000h 00m 03.380s,    007h 36m 30.152s
8090,    3381,    27393533,    000h 00m 03.381s,    007h 36m 33.533s
8091,    3384,    27396917,    000h 00m 03.384s,    007h 36m 36.917s
8092,    3388,    27400305,    000h 00m 03.388s,    007h 36m 40.305s
8093,    3379,    27403684,    000h 00m 03.379s,    007h 36m 43.684s
8094,    3384,    27407068,    000h 00m 03.384s,    007h 36m 47.068s
8095,    3382,    27410450,    000h 00m 03.382s,    007h 36m 50.450s
8096,    3377,    27413827,    000h 00m 03.377s,    007h 36m 53.827s
8097,    3372,    27417199,    000h 00m 03.372s,    007h 36m 57.199s
8098,    3388,    27420587,    000h 00m 03.388s,    007h 37m 00.587s
8099,    3386,    27423973,    000h 00m 03.386s,    007h 37m 03.973s
8100,    3378,    27427351,    000h 00m 03.378s,    007h 37m 07.351s
8101,    3384,    27430735,    000h 00m 03.384s,    007h 37m 10.735s
8102,    3382,    27434117,    000h 00m 03.382s,    007h 37m 14.117s
8103,    3385,    27437502,    000h 00m 03.385s,    007h 37m 17.502s
8104,    3383,    27440885,    000h 00m 03.383s,    007h 37m 20.885s
8105,    3384,    27444269,    000h 00m 03.384s,    007h 37m 24.269s
8106,    3382,    27447651,    000h 00m 03.382s,    007h 37m 27.651s
8107,    3384,    27451035,    000h 00m 03.384s,    007h 37m 31.035s
8108,    3389,    27454424,    000h 00m 03.389s,    007h 37m 34.424s
8109,    3369,    27457793,    000h 00m 03.369s,    007h 37m 37.793s
8110,    3389,    27461182,    000h 00m 03.389s,    007h 37m 41.182s
8111,    3375,    27464557,    000h 00m 03.375s,    007h 37m 44.557s
8112,    3385,    27467942,    000h 00m 03.385s,    007h 37m 47.942s
8113,    3375,    27471317,    000h 00m 03.375s,    007h 37m 51.317s
8114,    3398,    27474715,    000h 00m 03.398s,    007h 37m 54.715s
8115,    3444,    27478159,    000h 00m 03.444s,    007h 37m 58.159s
8116,    3387,    27481546,    000h 00m 03.387s,    007h 38m 01.546s
8117,    3393,    27484939,    000h 00m 03.393s,    007h 38m 04.939s
8118,    3380,    27488319,    000h 00m 03.380s,    007h 38m 08.319s
8119,    3381,    27491700,    000h 00m 03.381s,    007h 38m 11.700s
8120,    3400,    27495100,    000h 00m 03.400s,    007h 38m 15.100s
8121,    3388,    27498488,    000h 00m 03.388s,    007h 38m 18.488s
8122,    3400,    27501888,    000h 00m 03.400s,    007h 38m 21.888s
8123,    3378,    27505266,    000h 00m 03.378s,    007h 38m 25.266s
8124,    3388,    27508654,    000h 00m 03.388s,    007h 38m 28.654s
8125,    3386,    27512040,    000h 00m 03.386s,    007h 38m 32.040s
8126,    3386,    27515426,    000h 00m 03.386s,    007h 38m 35.426s
8127,    3381,    27518807,    000h 00m 03.381s,    007h 38m 38.807s
8128,    3388,    27522195,    000h 00m 03.388s,    007h 38m 42.195s
8129,    3377,    27525572,    000h 00m 03.377s,    007h 38m 45.572s
8130,    3379,    27528951,    000h 00m 03.379s,    007h 38m 48.951s
8131,    3375,    27532326,    000h 00m 03.375s,    007h 38m 52.326s
8132,    3386,    27535712,    000h 00m 03.386s,    007h 38m 55.712s
8133,    3378,    27539090,    000h 00m 03.378s,    007h 38m 59.090s
8134,    3388,    27542478,    000h 00m 03.388s,    007h 39m 02.478s
8135,    3385,    27545863,    000h 00m 03.385s,    007h 39m 05.863s
8136,    3381,    27549244,    000h 00m 03.381s,    007h 39m 09.244s
8137,    3406,    27552650,    000h 00m 03.406s,    007h 39m 12.650s
8138,    3382,    27556032,    000h 00m 03.382s,    007h 39m 16.032s
8139,    3404,    27559436,    000h 00m 03.404s,    007h 39m 19.436s
8140,    3375,    27562811,    000h 00m 03.375s,    007h 39m 22.811s
8141,    3403,    27566214,    000h 00m 03.403s,    007h 39m 26.214s
8142,    3370,    27569584,    000h 00m 03.370s,    007h 39m 29.584s
8143,    3373,    27572957,    000h 00m 03.373s,    007h 39m 32.957s
8144,    3392,    27576349,    000h 00m 03.392s,    007h 39m 36.349s
8145,    3387,    27579736,    000h 00m 03.387s,    007h 39m 39.736s
8146,    3378,    27583114,    000h 00m 03.378s,    007h 39m 43.114s
8147,    3389,    27586503,    000h 00m 03.389s,    007h 39m 46.503s
8148,    3375,    27589878,    000h 00m 03.375s,    007h 39m 49.878s
8149,    3378,    27593256,    000h 00m 03.378s,    007h 39m 53.256s
8150,    3378,    27596634,    000h 00m 03.378s,    007h 39m 56.634s
8151,    3384,    27600018,    000h 00m 03.384s,    007h 40m 00.018s
8152,    3389,    27603407,    000h 00m 03.389s,    007h 40m 03.407s
8153,    3387,    27606794,    000h 00m 03.387s,    007h 40m 06.794s
8154,    3383,    27610177,    000h 00m 03.383s,    007h 40m 10.177s
8155,    3381,    27613558,    000h 00m 03.381s,    007h 40m 13.558s
8156,    3382,    27616940,    000h 00m 03.382s,    007h 40m 16.940s
8157,    3392,    27620332,    000h 00m 03.392s,    007h 40m 20.332s
8158,    3397,    27623729,    000h 00m 03.397s,    007h 40m 23.729s
8159,    3384,    27627113,    000h 00m 03.384s,    007h 40m 27.113s
8160,    3377,    27630490,    000h 00m 03.377s,    007h 40m 30.490s
8161,    3378,    27633868,    000h 00m 03.378s,    007h 40m 33.868s
8162,    3378,    27637246,    000h 00m 03.378s,    007h 40m 37.246s
8163,    3381,    27640627,    000h 00m 03.381s,    007h 40m 40.627s
8164,    3396,    27644023,    000h 00m 03.396s,    007h 40m 44.023s
8165,    3372,    27647395,    000h 00m 03.372s,    007h 40m 47.395s
8166,    3385,    27650780,    000h 00m 03.385s,    007h 40m 50.780s
8167,    3383,    27654163,    000h 00m 03.383s,    007h 40m 54.163s
8168,    3381,    27657544,    000h 00m 03.381s,    007h 40m 57.544s
8169,    3384,    27660928,    000h 00m 03.384s,    007h 41m 00.928s
8170,    3375,    27664303,    000h 00m 03.375s,    007h 41m 04.303s
8171,    3384,    27667687,    000h 00m 03.384s,    007h 41m 07.687s
8172,    3388,    27671075,    000h 00m 03.388s,    007h 41m 11.075s
8173,    3386,    27674461,    000h 00m 03.386s,    007h 41m 14.461s
8174,    3374,    27677835,    000h 00m 03.374s,    007h 41m 17.835s
8175,    3391,    27681226,    000h 00m 03.391s,    007h 41m 21.226s
8176,    3384,    27684610,    000h 00m 03.384s,    007h 41m 24.610s
8177,    3387,    27687997,    000h 00m 03.387s,    007h 41m 27.997s
8178,    3379,    27691376,    000h 00m 03.379s,    007h 41m 31.376s
8179,    3381,    27694757,    000h 00m 03.381s,    007h 41m 34.757s
8180,    3380,    27698137,    000h 00m 03.380s,    007h 41m 38.137s
8181,    3393,    27701530,    000h 00m 03.393s,    007h 41m 41.530s
8182,    3389,    27704919,    000h 00m 03.389s,    007h 41m 44.919s
8183,    3377,    27708296,    000h 00m 03.377s,    007h 41m 48.296s
8184,    3375,    27711671,    000h 00m 03.375s,    007h 41m 51.671s
8185,    3383,    27715054,    000h 00m 03.383s,    007h 41m 55.054s
8186,    3378,    27718432,    000h 00m 03.378s,    007h 41m 58.432s
8187,    3375,    27721807,    000h 00m 03.375s,    007h 42m 01.807s
8188,    3381,    27725188,    000h 00m 03.381s,    007h 42m 05.188s
8189,    3379,    27728567,    000h 00m 03.379s,    007h 42m 08.567s
8190,    3381,    27731948,    000h 00m 03.381s,    007h 42m 11.948s
8191,    3386,    27735334,    000h 00m 03.386s,    007h 42m 15.334s
8192,    3391,    27738725,    000h 00m 03.391s,    007h 42m 18.725s
8193,    3388,    27742113,    000h 00m 03.388s,    007h 42m 22.113s
