pass,    time (ms),    total time (ms),    time,     total_time
1,    1694,    1694,    000h 00m 01.694s,    000h 00m 01.694s
2,    1626,    3320,    000h 00m 01.626s,    000h 00m 03.320s
3,    1703,    5023,    000h 00m 01.703s,    000h 00m 05.023s
4,    1730,    6753,    000h 00m 01.730s,    000h 00m 06.753s
5,    1742,    8495,    000h 00m 01.742s,    000h 00m 08.495s
6,    1750,    10245,    000h 00m 01.750s,    000h 00m 10.245s
7,    1593,    11838,    000h 00m 01.593s,    000h 00m 11.838s
8,    1618,    13456,    000h 00m 01.618s,    000h 00m 13.456s
9,    1761,    15217,    000h 00m 01.761s,    000h 00m 15.217s
10,    1579,    16796,    000h 00m 01.579s,    000h 00m 16.796s
11,    1699,    18495,    000h 00m 01.699s,    000h 00m 18.495s
12,    1710,    20205,    000h 00m 01.710s,    000h 00m 20.205s
13,    1729,    21934,    000h 00m 01.729s,    000h 00m 21.934s
14,    1707,    23641,    000h 00m 01.707s,    000h 00m 23.641s
15,    1719,    25360,    000h 00m 01.719s,    000h 00m 25.360s
16,    1586,    26946,    000h 00m 01.586s,    000h 00m 26.946s
17,    1702,    28648,    000h 00m 01.702s,    000h 00m 28.648s
18,    1658,    30306,    000h 00m 01.658s,    000h 00m 30.306s
19,    1654,    31960,    000h 00m 01.654s,    000h 00m 31.960s
20,    1669,    33629,    000h 00m 01.669s,    000h 00m 33.629s
21,    1724,    35353,    000h 00m 01.724s,    000h 00m 35.353s
22,    1568,    36921,    000h 00m 01.568s,    000h 00m 36.921s
23,    1730,    38651,    000h 00m 01.730s,    000h 00m 38.651s
24,    1728,    40379,    000h 00m 01.728s,    000h 00m 40.379s
25,    1651,    42030,    000h 00m 01.651s,    000h 00m 42.030s
26,    1596,    43626,    000h 00m 01.596s,    000h 00m 43.626s
27,    1685,    45311,    000h 00m 01.685s,    000h 00m 45.311s
28,    1623,    46934,    000h 00m 01.623s,    000h 00m 46.934s
29,    1742,    48676,    000h 00m 01.742s,    000h 00m 48.676s
30,    1548,    50224,    000h 00m 01.548s,    000h 00m 50.224s
31,    1713,    51937,    000h 00m 01.713s,    000h 00m 51.937s
32,    1725,    53662,    000h 00m 01.725s,    000h 00m 53.662s
33,    1658,    55320,    000h 00m 01.658s,    000h 00m 55.320s
34,    1696,    57016,    000h 00m 01.696s,    000h 00m 57.016s
35,    1591,    58607,    000h 00m 01.591s,    000h 00m 58.607s
36,    1705,    60312,    000h 00m 01.705s,    000h 01m 00.312s
37,    1579,    61891,    000h 00m 01.579s,    000h 01m 01.891s
38,    1713,    63604,    000h 00m 01.713s,    000h 01m 03.604s
39,    1597,    65201,    000h 00m 01.597s,    000h 01m 05.201s
40,    1728,    66929,    000h 00m 01.728s,    000h 01m 06.929s
41,    1720,    68649,    000h 00m 01.720s,    000h 01m 08.649s
42,    1743,    70392,    000h 00m 01.743s,    000h 01m 10.392s
43,    1563,    71955,    000h 00m 01.563s,    000h 01m 11.955s
44,    1714,    73669,    000h 00m 01.714s,    000h 01m 13.669s
45,    1693,    75362,    000h 00m 01.693s,    000h 01m 15.362s
46,    1747,    77109,    000h 00m 01.747s,    000h 01m 17.109s
47,    1606,    78715,    000h 00m 01.606s,    000h 01m 18.715s
48,    1653,    80368,    000h 00m 01.653s,    000h 01m 20.368s
49,    1660,    82028,    000h 00m 01.660s,    000h 01m 22.028s
50,    1703,    83731,    000h 00m 01.703s,    000h 01m 23.731s
51,    1651,    85382,    000h 00m 01.651s,    000h 01m 25.382s
52,    1704,    87086,    000h 00m 01.704s,    000h 01m 27.086s
53,    1773,    88859,    000h 00m 01.773s,    000h 01m 28.859s
54,    1719,    90578,    000h 00m 01.719s,    000h 01m 30.578s
55,    1704,    92282,    000h 00m 01.704s,    000h 01m 32.282s
56,    1734,    94016,    000h 00m 01.734s,    000h 01m 34.016s
57,    1718,    95734,    000h 00m 01.718s,    000h 01m 35.734s
58,    1699,    97433,    000h 00m 01.699s,    000h 01m 37.433s
59,    1594,    99027,    000h 00m 01.594s,    000h 01m 39.027s
60,    1766,    100793,    000h 00m 01.766s,    000h 01m 40.793s
61,    1651,    102444,    000h 00m 01.651s,    000h 01m 42.444s
62,    1708,    104152,    000h 00m 01.708s,    000h 01m 44.152s
63,    1718,    105870,    000h 00m 01.718s,    000h 01m 45.870s
64,    1716,    107586,    000h 00m 01.716s,    000h 01m 47.586s
65,    1686,    109272,    000h 00m 01.686s,    000h 01m 49.272s
66,    1746,    111018,    000h 00m 01.746s,    000h 01m 51.018s
67,    1633,    112651,    000h 00m 01.633s,    000h 01m 52.651s
68,    1732,    114383,    000h 00m 01.732s,    000h 01m 54.383s
69,    1689,    116072,    000h 00m 01.689s,    000h 01m 56.072s
70,    1677,    117749,    000h 00m 01.677s,    000h 01m 57.749s
71,    1583,    119332,    000h 00m 01.583s,    000h 01m 59.332s
72,    1708,    121040,    000h 00m 01.708s,    000h 02m 01.040s
73,    1747,    122787,    000h 00m 01.747s,    000h 02m 02.787s
74,    1671,    124458,    000h 00m 01.671s,    000h 02m 04.458s
75,    1677,    126135,    000h 00m 01.677s,    000h 02m 06.135s
76,    1723,    127858,    000h 00m 01.723s,    000h 02m 07.858s
77,    1730,    129588,    000h 00m 01.730s,    000h 02m 09.588s
78,    1655,    131243,    000h 00m 01.655s,    000h 02m 11.243s
79,    1715,    132958,    000h 00m 01.715s,    000h 02m 12.958s
80,    1745,    134703,    000h 00m 01.745s,    000h 02m 14.703s
81,    1714,    136417,    000h 00m 01.714s,    000h 02m 16.417s
82,    1686,    138103,    000h 00m 01.686s,    000h 02m 18.103s
83,    1743,    139846,    000h 00m 01.743s,    000h 02m 19.846s
84,    1625,    141471,    000h 00m 01.625s,    000h 02m 21.471s
85,    1682,    143153,    000h 00m 01.682s,    000h 02m 23.153s
86,    1744,    144897,    000h 00m 01.744s,    000h 02m 24.897s
87,    1705,    146602,    000h 00m 01.705s,    000h 02m 26.602s
88,    1701,    148303,    000h 00m 01.701s,    000h 02m 28.303s
89,    1642,    149945,    000h 00m 01.642s,    000h 02m 29.945s
90,    1748,    151693,    000h 00m 01.748s,    000h 02m 31.693s
91,    1733,    153426,    000h 00m 01.733s,    000h 02m 33.426s
92,    1567,    154993,    000h 00m 01.567s,    000h 02m 34.993s
93,    1707,    156700,    000h 00m 01.707s,    000h 02m 36.700s
94,    1689,    158389,    000h 00m 01.689s,    000h 02m 38.389s
95,    1725,    160114,    000h 00m 01.725s,    000h 02m 40.114s
96,    1713,    161827,    000h 00m 01.713s,    000h 02m 41.827s
97,    1729,    163556,    000h 00m 01.729s,    000h 02m 43.556s
98,    1680,    165236,    000h 00m 01.680s,    000h 02m 45.236s
99,    1734,    166970,    000h 00m 01.734s,    000h 02m 46.970s
100,    1717,    168687,    000h 00m 01.717s,    000h 02m 48.687s
101,    1680,    170367,    000h 00m 01.680s,    000h 02m 50.367s
102,    1727,    172094,    000h 00m 01.727s,    000h 02m 52.094s
103,    1695,    173789,    000h 00m 01.695s,    000h 02m 53.789s
104,    1734,    175523,    000h 00m 01.734s,    000h 02m 55.523s
105,    1653,    177176,    000h 00m 01.653s,    000h 02m 57.176s
106,    1561,    178737,    000h 00m 01.561s,    000h 02m 58.737s
107,    1590,    180327,    000h 00m 01.590s,    000h 03m 00.327s
108,    1697,    182024,    000h 00m 01.697s,    000h 03m 02.024s
109,    1676,    183700,    000h 00m 01.676s,    000h 03m 03.700s
110,    1726,    185426,    000h 00m 01.726s,    000h 03m 05.426s
111,    1675,    187101,    000h 00m 01.675s,    000h 03m 07.101s
112,    1595,    188696,    000h 00m 01.595s,    000h 03m 08.696s
113,    1709,    190405,    000h 00m 01.709s,    000h 03m 10.405s
114,    1560,    191965,    000h 00m 01.560s,    000h 03m 11.965s
115,    1695,    193660,    000h 00m 01.695s,    000h 03m 13.660s
116,    1632,    195292,    000h 00m 01.632s,    000h 03m 15.292s
117,    1731,    197023,    000h 00m 01.731s,    000h 03m 17.023s
118,    1727,    198750,    000h 00m 01.727s,    000h 03m 18.750s
119,    1638,    200388,    000h 00m 01.638s,    000h 03m 20.388s
120,    1730,    202118,    000h 00m 01.730s,    000h 03m 22.118s
121,    1675,    203793,    000h 00m 01.675s,    000h 03m 23.793s
122,    1721,    205514,    000h 00m 01.721s,    000h 03m 25.514s
123,    1709,    207223,    000h 00m 01.709s,    000h 03m 27.223s
124,    1669,    208892,    000h 00m 01.669s,    000h 03m 28.892s
125,    1737,    210629,    000h 00m 01.737s,    000h 03m 30.629s
126,    1727,    212356,    000h 00m 01.727s,    000h 03m 32.356s
127,    1574,    213930,    000h 00m 01.574s,    000h 03m 33.930s
128,    1606,    215536,    000h 00m 01.606s,    000h 03m 35.536s
129,    1656,    217192,    000h 00m 01.656s,    000h 03m 37.192s
130,    1556,    218748,    000h 00m 01.556s,    000h 03m 38.748s
131,    1750,    220498,    000h 00m 01.750s,    000h 03m 40.498s
132,    1689,    222187,    000h 00m 01.689s,    000h 03m 42.187s
133,    1649,    223836,    000h 00m 01.649s,    000h 03m 43.836s
134,    1729,    225565,    000h 00m 01.729s,    000h 03m 45.565s
135,    1643,    227208,    000h 00m 01.643s,    000h 03m 47.208s
136,    1708,    228916,    000h 00m 01.708s,    000h 03m 48.916s
137,    1721,    230637,    000h 00m 01.721s,    000h 03m 50.637s
138,    1750,    232387,    000h 00m 01.750s,    000h 03m 52.387s
139,    1575,    233962,    000h 00m 01.575s,    000h 03m 53.962s
140,    1755,    235717,    000h 00m 01.755s,    000h 03m 55.717s
141,    1695,    237412,    000h 00m 01.695s,    000h 03m 57.412s
142,    1737,    239149,    000h 00m 01.737s,    000h 03m 59.149s
143,    1658,    240807,    000h 00m 01.658s,    000h 04m 00.807s
144,    1732,    242539,    000h 00m 01.732s,    000h 04m 02.539s
145,    1740,    244279,    000h 00m 01.740s,    000h 04m 04.279s
146,    1719,    245998,    000h 00m 01.719s,    000h 04m 05.998s
147,    1578,    247576,    000h 00m 01.578s,    000h 04m 07.576s
148,    1705,    249281,    000h 00m 01.705s,    000h 04m 09.281s
149,    1679,    250960,    000h 00m 01.679s,    000h 04m 10.960s
150,    1702,    252662,    000h 00m 01.702s,    000h 04m 12.662s
151,    1602,    254264,    000h 00m 01.602s,    000h 04m 14.264s
152,    1743,    256007,    000h 00m 01.743s,    000h 04m 16.007s
153,    1720,    257727,    000h 00m 01.720s,    000h 04m 17.727s
154,    1638,    259365,    000h 00m 01.638s,    000h 04m 19.365s
155,    1733,    261098,    000h 00m 01.733s,    000h 04m 21.098s
156,    1692,    262790,    000h 00m 01.692s,    000h 04m 22.790s
157,    1597,    264387,    000h 00m 01.597s,    000h 04m 24.387s
158,    1723,    266110,    000h 00m 01.723s,    000h 04m 26.110s
159,    1756,    267866,    000h 00m 01.756s,    000h 04m 27.866s
160,    1591,    269457,    000h 00m 01.591s,    000h 04m 29.457s
161,    1604,    271061,    000h 00m 01.604s,    000h 04m 31.061s
162,    1679,    272740,    000h 00m 01.679s,    000h 04m 32.740s
163,    1729,    274469,    000h 00m 01.729s,    000h 04m 34.469s
164,    1605,    276074,    000h 00m 01.605s,    000h 04m 36.074s
165,    1697,    277771,    000h 00m 01.697s,    000h 04m 37.771s
166,    1539,    279310,    000h 00m 01.539s,    000h 04m 39.310s
167,    1723,    281033,    000h 00m 01.723s,    000h 04m 41.033s
168,    1676,    282709,    000h 00m 01.676s,    000h 04m 42.709s
169,    1642,    284351,    000h 00m 01.642s,    000h 04m 44.351s
170,    1754,    286105,    000h 00m 01.754s,    000h 04m 46.105s
171,    1716,    287821,    000h 00m 01.716s,    000h 04m 47.821s
172,    1624,    289445,    000h 00m 01.624s,    000h 04m 49.445s
173,    1603,    291048,    000h 00m 01.603s,    000h 04m 51.048s
174,    1707,    292755,    000h 00m 01.707s,    000h 04m 52.755s
175,    1687,    294442,    000h 00m 01.687s,    000h 04m 54.442s
176,    1719,    296161,    000h 00m 01.719s,    000h 04m 56.161s
177,    1744,    297905,    000h 00m 01.744s,    000h 04m 57.905s
178,    1631,    299536,    000h 00m 01.631s,    000h 04m 59.536s
179,    1732,    301268,    000h 00m 01.732s,    000h 05m 01.268s
180,    1727,    302995,    000h 00m 01.727s,    000h 05m 02.995s
181,    1715,    304710,    000h 00m 01.715s,    000h 05m 04.710s
182,    1710,    306420,    000h 00m 01.710s,    000h 05m 06.420s
183,    1565,    307985,    000h 00m 01.565s,    000h 05m 07.985s
184,    1672,    309657,    000h 00m 01.672s,    000h 05m 09.657s
185,    1658,    311315,    000h 00m 01.658s,    000h 05m 11.315s
186,    1737,    313052,    000h 00m 01.737s,    000h 05m 13.052s
187,    1715,    314767,    000h 00m 01.715s,    000h 05m 14.767s
188,    1555,    316322,    000h 00m 01.555s,    000h 05m 16.322s
189,    1738,    318060,    000h 00m 01.738s,    000h 05m 18.060s
190,    1704,    319764,    000h 00m 01.704s,    000h 05m 19.764s
191,    1632,    321396,    000h 00m 01.632s,    000h 05m 21.396s
192,    1682,    323078,    000h 00m 01.682s,    000h 05m 23.078s
193,    1745,    324823,    000h 00m 01.745s,    000h 05m 24.823s
194,    1627,    326450,    000h 00m 01.627s,    000h 05m 26.450s
195,    1685,    328135,    000h 00m 01.685s,    000h 05m 28.135s
196,    1747,    329882,    000h 00m 01.747s,    000h 05m 29.882s
197,    1597,    331479,    000h 00m 01.597s,    000h 05m 31.479s
198,    1676,    333155,    000h 00m 01.676s,    000h 05m 33.155s
199,    1696,    334851,    000h 00m 01.696s,    000h 05m 34.851s
200,    1613,    336464,    000h 00m 01.613s,    000h 05m 36.464s
201,    1725,    338189,    000h 00m 01.725s,    000h 05m 38.189s
202,    1722,    339911,    000h 00m 01.722s,    000h 05m 39.911s
203,    1711,    341622,    000h 00m 01.711s,    000h 05m 41.622s
204,    1740,    343362,    000h 00m 01.740s,    000h 05m 43.362s
205,    1722,    345084,    000h 00m 01.722s,    000h 05m 45.084s
206,    1749,    346833,    000h 00m 01.749s,    000h 05m 46.833s
207,    1702,    348535,    000h 00m 01.702s,    000h 05m 48.535s
208,    1675,    350210,    000h 00m 01.675s,    000h 05m 50.210s
209,    1754,    351964,    000h 00m 01.754s,    000h 05m 51.964s
210,    1700,    353664,    000h 00m 01.700s,    000h 05m 53.664s
211,    1752,    355416,    000h 00m 01.752s,    000h 05m 55.416s
212,    1708,    357124,    000h 00m 01.708s,    000h 05m 57.124s
213,    1653,    358777,    000h 00m 01.653s,    000h 05m 58.777s
214,    1683,    360460,    000h 00m 01.683s,    000h 06m 00.460s
215,    1625,    362085,    000h 00m 01.625s,    000h 06m 02.085s
216,    1722,    363807,    000h 00m 01.722s,    000h 06m 03.807s
217,    1633,    365440,    000h 00m 01.633s,    000h 06m 05.440s
218,    1736,    367176,    000h 00m 01.736s,    000h 06m 07.176s
219,    1701,    368877,    000h 00m 01.701s,    000h 06m 08.877s
220,    1725,    370602,    000h 00m 01.725s,    000h 06m 10.602s
221,    1653,    372255,    000h 00m 01.653s,    000h 06m 12.255s
222,    1650,    373905,    000h 00m 01.650s,    000h 06m 13.905s
223,    1619,    375524,    000h 00m 01.619s,    000h 06m 15.524s
224,    1605,    377129,    000h 00m 01.605s,    000h 06m 17.129s
225,    1580,    378709,    000h 00m 01.580s,    000h 06m 18.709s
226,    1735,    380444,    000h 00m 01.735s,    000h 06m 20.444s
227,    1743,    382187,    000h 00m 01.743s,    000h 06m 22.187s
228,    1750,    383937,    000h 00m 01.750s,    000h 06m 23.937s
229,    1734,    385671,    000h 00m 01.734s,    000h 06m 25.671s
230,    1650,    387321,    000h 00m 01.650s,    000h 06m 27.321s
231,    1729,    389050,    000h 00m 01.729s,    000h 06m 29.050s
232,    1676,    390726,    000h 00m 01.676s,    000h 06m 30.726s
233,    1633,    392359,    000h 00m 01.633s,    000h 06m 32.359s
234,    1747,    394106,    000h 00m 01.747s,    000h 06m 34.106s
235,    1688,    395794,    000h 00m 01.688s,    000h 06m 35.794s
236,    1740,    397534,    000h 00m 01.740s,    000h 06m 37.534s
237,    1632,    399166,    000h 00m 01.632s,    000h 06m 39.166s
238,    1681,    400847,    000h 00m 01.681s,    000h 06m 40.847s
239,    1733,    402580,    000h 00m 01.733s,    000h 06m 42.580s
240,    1706,    404286,    000h 00m 01.706s,    000h 06m 44.286s
241,    1686,    405972,    000h 00m 01.686s,    000h 06m 45.972s
242,    1645,    407617,    000h 00m 01.645s,    000h 06m 47.617s
243,    1722,    409339,    000h 00m 01.722s,    000h 06m 49.339s
244,    1653,    410992,    000h 00m 01.653s,    000h 06m 50.992s
245,    1566,    412558,    000h 00m 01.566s,    000h 06m 52.558s
246,    1651,    414209,    000h 00m 01.651s,    000h 06m 54.209s
247,    1565,    415774,    000h 00m 01.565s,    000h 06m 55.774s
248,    1587,    417361,    000h 00m 01.587s,    000h 06m 57.361s
249,    1714,    419075,    000h 00m 01.714s,    000h 06m 59.075s
250,    1738,    420813,    000h 00m 01.738s,    000h 07m 00.813s
251,    1713,    422526,    000h 00m 01.713s,    000h 07m 02.526s
252,    1752,    424278,    000h 00m 01.752s,    000h 07m 04.278s
253,    1713,    425991,    000h 00m 01.713s,    000h 07m 05.991s
254,    1703,    427694,    000h 00m 01.703s,    000h 07m 07.694s
255,    1656,    429350,    000h 00m 01.656s,    000h 07m 09.350s
256,    1695,    431045,    000h 00m 01.695s,    000h 07m 11.045s
257,    1723,    432768,    000h 00m 01.723s,    000h 07m 12.768s
258,    1687,    434455,    000h 00m 01.687s,    000h 07m 14.455s
259,    1707,    436162,    000h 00m 01.707s,    000h 07m 16.162s
260,    1723,    437885,    000h 00m 01.723s,    000h 07m 17.885s
261,    1712,    439597,    000h 00m 01.712s,    000h 07m 19.597s
262,    1629,    441226,    000h 00m 01.629s,    000h 07m 21.226s
263,    1645,    442871,    000h 00m 01.645s,    000h 07m 22.871s
264,    1683,    444554,    000h 00m 01.683s,    000h 07m 24.554s
265,    1705,    446259,    000h 00m 01.705s,    000h 07m 26.259s
266,    1669,    447928,    000h 00m 01.669s,    000h 07m 27.928s
267,    1733,    449661,    000h 00m 01.733s,    000h 07m 29.661s
268,    1619,    451280,    000h 00m 01.619s,    000h 07m 31.280s
269,    1699,    452979,    000h 00m 01.699s,    000h 07m 32.979s
270,    1728,    454707,    000h 00m 01.728s,    000h 07m 34.707s
271,    1694,    456401,    000h 00m 01.694s,    000h 07m 36.401s
272,    1633,    458034,    000h 00m 01.633s,    000h 07m 38.034s
273,    1559,    459593,    000h 00m 01.559s,    000h 07m 39.593s
274,    1755,    461348,    000h 00m 01.755s,    000h 07m 41.348s
275,    1669,    463017,    000h 00m 01.669s,    000h 07m 43.017s
276,    1750,    464767,    000h 00m 01.750s,    000h 07m 44.767s
277,    1677,    466444,    000h 00m 01.677s,    000h 07m 46.444s
278,    1590,    468034,    000h 00m 01.590s,    000h 07m 48.034s
279,    1719,    469753,    000h 00m 01.719s,    000h 07m 49.753s
280,    1666,    471419,    000h 00m 01.666s,    000h 07m 51.419s
281,    1735,    473154,    000h 00m 01.735s,    000h 07m 53.154s
282,    1577,    474731,    000h 00m 01.577s,    000h 07m 54.731s
283,    1602,    476333,    000h 00m 01.602s,    000h 07m 56.333s
284,    1731,    478064,    000h 00m 01.731s,    000h 07m 58.064s
285,    1682,    479746,    000h 00m 01.682s,    000h 07m 59.746s
286,    1743,    481489,    000h 00m 01.743s,    000h 08m 01.489s
287,    1687,    483176,    000h 00m 01.687s,    000h 08m 03.176s
288,    1696,    484872,    000h 00m 01.696s,    000h 08m 04.872s
289,    1712,    486584,    000h 00m 01.712s,    000h 08m 06.584s
290,    1748,    488332,    000h 00m 01.748s,    000h 08m 08.332s
291,    1635,    489967,    000h 00m 01.635s,    000h 08m 09.967s
292,    1575,    491542,    000h 00m 01.575s,    000h 08m 11.542s
293,    1713,    493255,    000h 00m 01.713s,    000h 08m 13.255s
294,    1713,    494968,    000h 00m 01.713s,    000h 08m 14.968s
295,    1725,    496693,    000h 00m 01.725s,    000h 08m 16.693s
296,    1712,    498405,    000h 00m 01.712s,    000h 08m 18.405s
297,    1559,    499964,    000h 00m 01.559s,    000h 08m 19.964s
298,    1633,    501597,    000h 00m 01.633s,    000h 08m 21.597s
299,    1658,    503255,    000h 00m 01.658s,    000h 08m 23.255s
300,    1608,    504863,    000h 00m 01.608s,    000h 08m 24.863s
301,    1648,    506511,    000h 00m 01.648s,    000h 08m 26.511s
302,    1666,    508177,    000h 00m 01.666s,    000h 08m 28.177s
303,    1739,    509916,    000h 00m 01.739s,    000h 08m 29.916s
304,    1608,    511524,    000h 00m 01.608s,    000h 08m 31.524s
305,    1748,    513272,    000h 00m 01.748s,    000h 08m 33.272s
306,    1620,    514892,    000h 00m 01.620s,    000h 08m 34.892s
307,    1697,    516589,    000h 00m 01.697s,    000h 08m 36.589s
308,    1697,    518286,    000h 00m 01.697s,    000h 08m 38.286s
309,    1719,    520005,    000h 00m 01.719s,    000h 08m 40.005s
310,    1577,    521582,    000h 00m 01.577s,    000h 08m 41.582s
311,    1721,    523303,    000h 00m 01.721s,    000h 08m 43.303s
312,    1727,    525030,    000h 00m 01.727s,    000h 08m 45.030s
313,    1579,    526609,    000h 00m 01.579s,    000h 08m 46.609s
314,    1664,    528273,    000h 00m 01.664s,    000h 08m 48.273s
315,    1703,    529976,    000h 00m 01.703s,    000h 08m 49.976s
316,    1708,    531684,    000h 00m 01.708s,    000h 08m 51.684s
317,    1739,    533423,    000h 00m 01.739s,    000h 08m 53.423s
318,    1739,    535162,    000h 00m 01.739s,    000h 08m 55.162s
319,    1665,    536827,    000h 00m 01.665s,    000h 08m 56.827s
320,    1703,    538530,    000h 00m 01.703s,    000h 08m 58.530s
321,    1680,    540210,    000h 00m 01.680s,    000h 09m 00.210s
322,    1663,    541873,    000h 00m 01.663s,    000h 09m 01.873s
323,    1731,    543604,    000h 00m 01.731s,    000h 09m 03.604s
324,    1755,    545359,    000h 00m 01.755s,    000h 09m 05.359s
325,    1713,    547072,    000h 00m 01.713s,    000h 09m 07.072s
326,    1712,    548784,    000h 00m 01.712s,    000h 09m 08.784s
327,    1720,    550504,    000h 00m 01.720s,    000h 09m 10.504s
328,    1725,    552229,    000h 00m 01.725s,    000h 09m 12.229s
329,    1687,    553916,    000h 00m 01.687s,    000h 09m 13.916s
330,    1734,    555650,    000h 00m 01.734s,    000h 09m 15.650s
331,    1607,    557257,    000h 00m 01.607s,    000h 09m 17.257s
332,    1656,    558913,    000h 00m 01.656s,    000h 09m 18.913s
333,    1601,    560514,    000h 00m 01.601s,    000h 09m 20.514s
334,    1750,    562264,    000h 00m 01.750s,    000h 09m 22.264s
335,    1775,    564039,    000h 00m 01.775s,    000h 09m 24.039s
336,    1658,    565697,    000h 00m 01.658s,    000h 09m 25.697s
337,    1748,    567445,    000h 00m 01.748s,    000h 09m 27.445s
338,    1670,    569115,    000h 00m 01.670s,    000h 09m 29.115s
339,    1750,    570865,    000h 00m 01.750s,    000h 09m 30.865s
340,    1577,    572442,    000h 00m 01.577s,    000h 09m 32.442s
341,    1686,    574128,    000h 00m 01.686s,    000h 09m 34.128s
342,    1743,    575871,    000h 00m 01.743s,    000h 09m 35.871s
343,    1704,    577575,    000h 00m 01.704s,    000h 09m 37.575s
344,    1632,    579207,    000h 00m 01.632s,    000h 09m 39.207s
345,    1672,    580879,    000h 00m 01.672s,    000h 09m 40.879s
346,    1682,    582561,    000h 00m 01.682s,    000h 09m 42.561s
347,    1619,    584180,    000h 00m 01.619s,    000h 09m 44.180s
348,    1761,    585941,    000h 00m 01.761s,    000h 09m 45.941s
349,    1714,    587655,    000h 00m 01.714s,    000h 09m 47.655s
350,    1716,    589371,    000h 00m 01.716s,    000h 09m 49.371s
351,    1744,    591115,    000h 00m 01.744s,    000h 09m 51.115s
352,    1715,    592830,    000h 00m 01.715s,    000h 09m 52.830s
353,    1614,    594444,    000h 00m 01.614s,    000h 09m 54.444s
354,    1581,    596025,    000h 00m 01.581s,    000h 09m 56.025s
355,    1655,    597680,    000h 00m 01.655s,    000h 09m 57.680s
356,    1742,    599422,    000h 00m 01.742s,    000h 09m 59.422s
357,    1740,    601162,    000h 00m 01.740s,    000h 10m 01.162s
358,    1627,    602789,    000h 00m 01.627s,    000h 10m 02.789s
359,    1733,    604522,    000h 00m 01.733s,    000h 10m 04.522s
360,    1661,    606183,    000h 00m 01.661s,    000h 10m 06.183s
361,    1745,    607928,    000h 00m 01.745s,    000h 10m 07.928s
362,    1730,    609658,    000h 00m 01.730s,    000h 10m 09.658s
363,    1734,    611392,    000h 00m 01.734s,    000h 10m 11.392s
364,    1728,    613120,    000h 00m 01.728s,    000h 10m 13.120s
365,    1609,    614729,    000h 00m 01.609s,    000h 10m 14.729s
366,    1687,    616416,    000h 00m 01.687s,    000h 10m 16.416s
367,    1740,    618156,    000h 00m 01.740s,    000h 10m 18.156s
368,    1732,    619888,    000h 00m 01.732s,    000h 10m 19.888s
369,    1637,    621525,    000h 00m 01.637s,    000h 10m 21.525s
370,    1707,    623232,    000h 00m 01.707s,    000h 10m 23.232s
371,    1721,    624953,    000h 00m 01.721s,    000h 10m 24.953s
372,    1710,    626663,    000h 00m 01.710s,    000h 10m 26.663s
373,    1679,    628342,    000h 00m 01.679s,    000h 10m 28.342s
374,    1731,    630073,    000h 00m 01.731s,    000h 10m 30.073s
375,    1654,    631727,    000h 00m 01.654s,    000h 10m 31.727s
376,    1570,    633297,    000h 00m 01.570s,    000h 10m 33.297s
377,    1679,    634976,    000h 00m 01.679s,    000h 10m 34.976s
378,    1708,    636684,    000h 00m 01.708s,    000h 10m 36.684s
379,    1729,    638413,    000h 00m 01.729s,    000h 10m 38.413s
380,    1750,    640163,    000h 00m 01.750s,    000h 10m 40.163s
381,    1696,    641859,    000h 00m 01.696s,    000h 10m 41.859s
382,    1699,    643558,    000h 00m 01.699s,    000h 10m 43.558s
383,    1588,    645146,    000h 00m 01.588s,    000h 10m 45.146s
384,    1756,    646902,    000h 00m 01.756s,    000h 10m 46.902s
385,    1748,    648650,    000h 00m 01.748s,    000h 10m 48.650s
386,    1740,    650390,    000h 00m 01.740s,    000h 10m 50.390s
387,    1669,    652059,    000h 00m 01.669s,    000h 10m 52.059s
388,    1723,    653782,    000h 00m 01.723s,    000h 10m 53.782s
389,    1661,    655443,    000h 00m 01.661s,    000h 10m 55.443s
390,    1623,    657066,    000h 00m 01.623s,    000h 10m 57.066s
391,    1731,    658797,    000h 00m 01.731s,    000h 10m 58.797s
392,    1670,    660467,    000h 00m 01.670s,    000h 11m 00.467s
393,    1708,    662175,    000h 00m 01.708s,    000h 11m 02.175s
394,    1642,    663817,    000h 00m 01.642s,    000h 11m 03.817s
395,    1595,    665412,    000h 00m 01.595s,    000h 11m 05.412s
396,    1568,    666980,    000h 00m 01.568s,    000h 11m 06.980s
397,    1744,    668724,    000h 00m 01.744s,    000h 11m 08.724s
398,    1737,    670461,    000h 00m 01.737s,    000h 11m 10.461s
399,    1626,    672087,    000h 00m 01.626s,    000h 11m 12.087s
400,    1563,    673650,    000h 00m 01.563s,    000h 11m 13.650s
401,    1676,    675326,    000h 00m 01.676s,    000h 11m 15.326s
402,    1586,    676912,    000h 00m 01.586s,    000h 11m 16.912s
403,    1732,    678644,    000h 00m 01.732s,    000h 11m 18.644s
404,    1732,    680376,    000h 00m 01.732s,    000h 11m 20.376s
405,    1646,    682022,    000h 00m 01.646s,    000h 11m 22.022s
406,    1622,    683644,    000h 00m 01.622s,    000h 11m 23.644s
407,    1614,    685258,    000h 00m 01.614s,    000h 11m 25.258s
408,    1575,    686833,    000h 00m 01.575s,    000h 11m 26.833s
409,    1586,    688419,    000h 00m 01.586s,    000h 11m 28.419s
410,    1738,    690157,    000h 00m 01.738s,    000h 11m 30.157s
411,    1670,    691827,    000h 00m 01.670s,    000h 11m 31.827s
412,    1725,    693552,    000h 00m 01.725s,    000h 11m 33.552s
413,    1718,    695270,    000h 00m 01.718s,    000h 11m 35.270s
414,    1760,    697030,    000h 00m 01.760s,    000h 11m 37.030s
415,    1689,    698719,    000h 00m 01.689s,    000h 11m 38.719s
416,    1730,    700449,    000h 00m 01.730s,    000h 11m 40.449s
417,    1732,    702181,    000h 00m 01.732s,    000h 11m 42.181s
418,    1685,    703866,    000h 00m 01.685s,    000h 11m 43.866s
419,    1702,    705568,    000h 00m 01.702s,    000h 11m 45.568s
420,    1715,    707283,    000h 00m 01.715s,    000h 11m 47.283s
421,    1628,    708911,    000h 00m 01.628s,    000h 11m 48.911s
422,    1743,    710654,    000h 00m 01.743s,    000h 11m 50.654s
423,    1555,    712209,    000h 00m 01.555s,    000h 11m 52.209s
424,    1753,    713962,    000h 00m 01.753s,    000h 11m 53.962s
425,    1703,    715665,    000h 00m 01.703s,    000h 11m 55.665s
426,    1563,    717228,    000h 00m 01.563s,    000h 11m 57.228s
427,    1674,    718902,    000h 00m 01.674s,    000h 11m 58.902s
428,    1728,    720630,    000h 00m 01.728s,    000h 12m 00.630s
429,    1669,    722299,    000h 00m 01.669s,    000h 12m 02.299s
430,    1667,    723966,    000h 00m 01.667s,    000h 12m 03.966s
431,    1616,    725582,    000h 00m 01.616s,    000h 12m 05.582s
432,    1660,    727242,    000h 00m 01.660s,    000h 12m 07.242s
433,    1578,    728820,    000h 00m 01.578s,    000h 12m 08.820s
434,    1759,    730579,    000h 00m 01.759s,    000h 12m 10.579s
435,    1586,    732165,    000h 00m 01.586s,    000h 12m 12.165s
436,    1644,    733809,    000h 00m 01.644s,    000h 12m 13.809s
437,    1682,    735491,    000h 00m 01.682s,    000h 12m 15.491s
438,    1761,    737252,    000h 00m 01.761s,    000h 12m 17.252s
439,    1579,    738831,    000h 00m 01.579s,    000h 12m 18.831s
440,    1638,    740469,    000h 00m 01.638s,    000h 12m 20.469s
441,    1697,    742166,    000h 00m 01.697s,    000h 12m 22.166s
442,    1692,    743858,    000h 00m 01.692s,    000h 12m 23.858s
443,    1663,    745521,    000h 00m 01.663s,    000h 12m 25.521s
444,    1725,    747246,    000h 00m 01.725s,    000h 12m 27.246s
445,    1722,    748968,    000h 00m 01.722s,    000h 12m 28.968s
446,    1719,    750687,    000h 00m 01.719s,    000h 12m 30.687s
447,    1542,    752229,    000h 00m 01.542s,    000h 12m 32.229s
448,    1750,    753979,    000h 00m 01.750s,    000h 12m 33.979s
449,    1566,    755545,    000h 00m 01.566s,    000h 12m 35.545s
450,    1621,    757166,    000h 00m 01.621s,    000h 12m 37.166s
451,    1708,    758874,    000h 00m 01.708s,    000h 12m 38.874s
452,    1655,    760529,    000h 00m 01.655s,    000h 12m 40.529s
453,    1726,    762255,    000h 00m 01.726s,    000h 12m 42.255s
454,    1705,    763960,    000h 00m 01.705s,    000h 12m 43.960s
455,    1688,    765648,    000h 00m 01.688s,    000h 12m 45.648s
456,    1709,    767357,    000h 00m 01.709s,    000h 12m 47.357s
457,    1725,    769082,    000h 00m 01.725s,    000h 12m 49.082s
458,    1734,    770816,    000h 00m 01.734s,    000h 12m 50.816s
459,    1670,    772486,    000h 00m 01.670s,    000h 12m 52.486s
460,    1758,    774244,    000h 00m 01.758s,    000h 12m 54.244s
461,    1699,    775943,    000h 00m 01.699s,    000h 12m 55.943s
462,    1632,    777575,    000h 00m 01.632s,    000h 12m 57.575s
463,    1691,    779266,    000h 00m 01.691s,    000h 12m 59.266s
464,    1731,    780997,    000h 00m 01.731s,    000h 13m 00.997s
465,    1711,    782708,    000h 00m 01.711s,    000h 13m 02.708s
466,    1716,    784424,    000h 00m 01.716s,    000h 13m 04.424s
467,    1700,    786124,    000h 00m 01.700s,    000h 13m 06.124s
468,    1693,    787817,    000h 00m 01.693s,    000h 13m 07.817s
469,    1736,    789553,    000h 00m 01.736s,    000h 13m 09.553s
470,    1649,    791202,    000h 00m 01.649s,    000h 13m 11.202s
471,    1733,    792935,    000h 00m 01.733s,    000h 13m 12.935s
472,    1567,    794502,    000h 00m 01.567s,    000h 13m 14.502s
473,    1729,    796231,    000h 00m 01.729s,    000h 13m 16.231s
474,    1697,    797928,    000h 00m 01.697s,    000h 13m 17.928s
475,    1642,    799570,    000h 00m 01.642s,    000h 13m 19.570s
476,    1743,    801313,    000h 00m 01.743s,    000h 13m 21.313s
477,    1647,    802960,    000h 00m 01.647s,    000h 13m 22.960s
478,    1756,    804716,    000h 00m 01.756s,    000h 13m 24.716s
479,    1714,    806430,    000h 00m 01.714s,    000h 13m 26.430s
480,    1701,    808131,    000h 00m 01.701s,    000h 13m 28.131s
481,    1733,    809864,    000h 00m 01.733s,    000h 13m 29.864s
482,    1659,    811523,    000h 00m 01.659s,    000h 13m 31.523s
483,    1737,    813260,    000h 00m 01.737s,    000h 13m 33.260s
484,    1751,    815011,    000h 00m 01.751s,    000h 13m 35.011s
485,    1702,    816713,    000h 00m 01.702s,    000h 13m 36.713s
486,    1565,    818278,    000h 00m 01.565s,    000h 13m 38.278s
487,    1565,    819843,    000h 00m 01.565s,    000h 13m 39.843s
488,    1721,    821564,    000h 00m 01.721s,    000h 13m 41.564s
489,    1705,    823269,    000h 00m 01.705s,    000h 13m 43.269s
490,    1666,    824935,    000h 00m 01.666s,    000h 13m 44.935s
491,    1678,    826613,    000h 00m 01.678s,    000h 13m 46.613s
492,    1724,    828337,    000h 00m 01.724s,    000h 13m 48.337s
493,    1721,    830058,    000h 00m 01.721s,    000h 13m 50.058s
494,    1717,    831775,    000h 00m 01.717s,    000h 13m 51.775s
495,    1609,    833384,    000h 00m 01.609s,    000h 13m 53.384s
496,    1667,    835051,    000h 00m 01.667s,    000h 13m 55.051s
497,    1680,    836731,    000h 00m 01.680s,    000h 13m 56.731s
498,    1713,    838444,    000h 00m 01.713s,    000h 13m 58.444s
499,    1662,    840106,    000h 00m 01.662s,    000h 14m 00.106s
500,    1673,    841779,    000h 00m 01.673s,    000h 14m 01.779s
501,    1669,    843448,    000h 00m 01.669s,    000h 14m 03.448s
502,    1740,    845188,    000h 00m 01.740s,    000h 14m 05.188s
503,    1723,    846911,    000h 00m 01.723s,    000h 14m 06.911s
504,    1730,    848641,    000h 00m 01.730s,    000h 14m 08.641s
505,    1665,    850306,    000h 00m 01.665s,    000h 14m 10.306s
506,    1623,    851929,    000h 00m 01.623s,    000h 14m 11.929s
507,    1727,    853656,    000h 00m 01.727s,    000h 14m 13.656s
508,    1706,    855362,    000h 00m 01.706s,    000h 14m 15.362s
509,    1710,    857072,    000h 00m 01.710s,    000h 14m 17.072s
510,    1711,    858783,    000h 00m 01.711s,    000h 14m 18.783s
511,    1661,    860444,    000h 00m 01.661s,    000h 14m 20.444s
512,    1651,    862095,    000h 00m 01.651s,    000h 14m 22.095s
513,    1687,    863782,    000h 00m 01.687s,    000h 14m 23.782s
514,    1631,    865413,    000h 00m 01.631s,    000h 14m 25.413s
515,    1664,    867077,    000h 00m 01.664s,    000h 14m 27.077s
516,    1733,    868810,    000h 00m 01.733s,    000h 14m 28.810s
517,    1598,    870408,    000h 00m 01.598s,    000h 14m 30.408s
518,    1568,    871976,    000h 00m 01.568s,    000h 14m 31.976s
519,    1710,    873686,    000h 00m 01.710s,    000h 14m 33.686s
520,    1662,    875348,    000h 00m 01.662s,    000h 14m 35.348s
521,    1566,    876914,    000h 00m 01.566s,    000h 14m 36.914s
522,    1688,    878602,    000h 00m 01.688s,    000h 14m 38.602s
523,    1585,    880187,    000h 00m 01.585s,    000h 14m 40.187s
524,    1624,    881811,    000h 00m 01.624s,    000h 14m 41.811s
525,    1722,    883533,    000h 00m 01.722s,    000h 14m 43.533s
526,    1749,    885282,    000h 00m 01.749s,    000h 14m 45.282s
527,    1732,    887014,    000h 00m 01.732s,    000h 14m 47.014s
528,    1666,    888680,    000h 00m 01.666s,    000h 14m 48.680s
529,    1651,    890331,    000h 00m 01.651s,    000h 14m 50.331s
530,    1703,    892034,    000h 00m 01.703s,    000h 14m 52.034s
531,    1656,    893690,    000h 00m 01.656s,    000h 14m 53.690s
532,    1679,    895369,    000h 00m 01.679s,    000h 14m 55.369s
533,    1740,    897109,    000h 00m 01.740s,    000h 14m 57.109s
534,    1750,    898859,    000h 00m 01.750s,    000h 14m 58.859s
535,    1658,    900517,    000h 00m 01.658s,    000h 15m 00.517s
536,    1699,    902216,    000h 00m 01.699s,    000h 15m 02.216s
537,    1742,    903958,    000h 00m 01.742s,    000h 15m 03.958s
538,    1702,    905660,    000h 00m 01.702s,    000h 15m 05.660s
539,    1640,    907300,    000h 00m 01.640s,    000h 15m 07.300s
540,    1708,    909008,    000h 00m 01.708s,    000h 15m 09.008s
541,    1623,    910631,    000h 00m 01.623s,    000h 15m 10.631s
542,    1690,    912321,    000h 00m 01.690s,    000h 15m 12.321s
543,    1705,    914026,    000h 00m 01.705s,    000h 15m 14.026s
544,    1551,    915577,    000h 00m 01.551s,    000h 15m 15.577s
545,    1592,    917169,    000h 00m 01.592s,    000h 15m 17.169s
546,    1568,    918737,    000h 00m 01.568s,    000h 15m 18.737s
547,    1758,    920495,    000h 00m 01.758s,    000h 15m 20.495s
548,    1681,    922176,    000h 00m 01.681s,    000h 15m 22.176s
549,    1693,    923869,    000h 00m 01.693s,    000h 15m 23.869s
550,    1639,    925508,    000h 00m 01.639s,    000h 15m 25.508s
551,    1705,    927213,    000h 00m 01.705s,    000h 15m 27.213s
552,    1727,    928940,    000h 00m 01.727s,    000h 15m 28.940s
553,    1693,    930633,    000h 00m 01.693s,    000h 15m 30.633s
554,    1739,    932372,    000h 00m 01.739s,    000h 15m 32.372s
555,    1729,    934101,    000h 00m 01.729s,    000h 15m 34.101s
556,    1720,    935821,    000h 00m 01.720s,    000h 15m 35.821s
557,    1728,    937549,    000h 00m 01.728s,    000h 15m 37.549s
558,    1704,    939253,    000h 00m 01.704s,    000h 15m 39.253s
559,    1673,    940926,    000h 00m 01.673s,    000h 15m 40.926s
560,    1733,    942659,    000h 00m 01.733s,    000h 15m 42.659s
561,    1723,    944382,    000h 00m 01.723s,    000h 15m 44.382s
562,    1680,    946062,    000h 00m 01.680s,    000h 15m 46.062s
563,    1719,    947781,    000h 00m 01.719s,    000h 15m 47.781s
564,    1694,    949475,    000h 00m 01.694s,    000h 15m 49.475s
565,    1749,    951224,    000h 00m 01.749s,    000h 15m 51.224s
566,    1627,    952851,    000h 00m 01.627s,    000h 15m 52.851s
567,    1702,    954553,    000h 00m 01.702s,    000h 15m 54.553s
568,    1663,    956216,    000h 00m 01.663s,    000h 15m 56.216s
569,    1708,    957924,    000h 00m 01.708s,    000h 15m 57.924s
570,    1712,    959636,    000h 00m 01.712s,    000h 15m 59.636s
571,    1743,    961379,    000h 00m 01.743s,    000h 16m 01.379s
572,    1745,    963124,    000h 00m 01.745s,    000h 16m 03.124s
573,    1647,    964771,    000h 00m 01.647s,    000h 16m 04.771s
574,    1626,    966397,    000h 00m 01.626s,    000h 16m 06.397s
575,    1655,    968052,    000h 00m 01.655s,    000h 16m 08.052s
576,    1562,    969614,    000h 00m 01.562s,    000h 16m 09.614s
577,    1646,    971260,    000h 00m 01.646s,    000h 16m 11.260s
578,    1678,    972938,    000h 00m 01.678s,    000h 16m 12.938s
579,    1698,    974636,    000h 00m 01.698s,    000h 16m 14.636s
580,    1626,    976262,    000h 00m 01.626s,    000h 16m 16.262s
581,    1740,    978002,    000h 00m 01.740s,    000h 16m 18.002s
582,    1650,    979652,    000h 00m 01.650s,    000h 16m 19.652s
583,    1688,    981340,    000h 00m 01.688s,    000h 16m 21.340s
584,    1715,    983055,    000h 00m 01.715s,    000h 16m 23.055s
585,    1682,    984737,    000h 00m 01.682s,    000h 16m 24.737s
586,    1643,    986380,    000h 00m 01.643s,    000h 16m 26.380s
587,    1733,    988113,    000h 00m 01.733s,    000h 16m 28.113s
588,    1561,    989674,    000h 00m 01.561s,    000h 16m 29.674s
589,    1719,    991393,    000h 00m 01.719s,    000h 16m 31.393s
590,    1748,    993141,    000h 00m 01.748s,    000h 16m 33.141s
591,    1739,    994880,    000h 00m 01.739s,    000h 16m 34.880s
592,    1777,    996657,    000h 00m 01.777s,    000h 16m 36.657s
593,    1721,    998378,    000h 00m 01.721s,    000h 16m 38.378s
594,    1663,    1000041,    000h 00m 01.663s,    000h 16m 40.041s
595,    1702,    1001743,    000h 00m 01.702s,    000h 16m 41.743s
596,    1701,    1003444,    000h 00m 01.701s,    000h 16m 43.444s
597,    1725,    1005169,    000h 00m 01.725s,    000h 16m 45.169s
598,    1709,    1006878,    000h 00m 01.709s,    000h 16m 46.878s
599,    1735,    1008613,    000h 00m 01.735s,    000h 16m 48.613s
600,    1586,    1010199,    000h 00m 01.586s,    000h 16m 50.199s
601,    1730,    1011929,    000h 00m 01.730s,    000h 16m 51.929s
602,    1692,    1013621,    000h 00m 01.692s,    000h 16m 53.621s
603,    1743,    1015364,    000h 00m 01.743s,    000h 16m 55.364s
604,    1755,    1017119,    000h 00m 01.755s,    000h 16m 57.119s
605,    1676,    1018795,    000h 00m 01.676s,    000h 16m 58.795s
606,    1729,    1020524,    000h 00m 01.729s,    000h 17m 00.524s
607,    1686,    1022210,    000h 00m 01.686s,    000h 17m 02.210s
608,    1711,    1023921,    000h 00m 01.711s,    000h 17m 03.921s
609,    1661,    1025582,    000h 00m 01.661s,    000h 17m 05.582s
610,    1573,    1027155,    000h 00m 01.573s,    000h 17m 07.155s
611,    1718,    1028873,    000h 00m 01.718s,    000h 17m 08.873s
612,    1747,    1030620,    000h 00m 01.747s,    000h 17m 10.620s
613,    1642,    1032262,    000h 00m 01.642s,    000h 17m 12.262s
614,    1586,    1033848,    000h 00m 01.586s,    000h 17m 13.848s
615,    1668,    1035516,    000h 00m 01.668s,    000h 17m 15.516s
616,    1691,    1037207,    000h 00m 01.691s,    000h 17m 17.207s
617,    1717,    1038924,    000h 00m 01.717s,    000h 17m 18.924s
618,    1691,    1040615,    000h 00m 01.691s,    000h 17m 20.615s
619,    1739,    1042354,    000h 00m 01.739s,    000h 17m 22.354s
620,    1744,    1044098,    000h 00m 01.744s,    000h 17m 24.098s
621,    1613,    1045711,    000h 00m 01.613s,    000h 17m 25.711s
622,    1659,    1047370,    000h 00m 01.659s,    000h 17m 27.370s
623,    1746,    1049116,    000h 00m 01.746s,    000h 17m 29.116s
624,    1756,    1050872,    000h 00m 01.756s,    000h 17m 30.872s
625,    1628,    1052500,    000h 00m 01.628s,    000h 17m 32.500s
626,    1740,    1054240,    000h 00m 01.740s,    000h 17m 34.240s
627,    1699,    1055939,    000h 00m 01.699s,    000h 17m 35.939s
628,    1574,    1057513,    000h 00m 01.574s,    000h 17m 37.513s
629,    1537,    1059050,    000h 00m 01.537s,    000h 17m 39.050s
630,    1689,    1060739,    000h 00m 01.689s,    000h 17m 40.739s
631,    1663,    1062402,    000h 00m 01.663s,    000h 17m 42.402s
632,    1733,    1064135,    000h 00m 01.733s,    000h 17m 44.135s
633,    1596,    1065731,    000h 00m 01.596s,    000h 17m 45.731s
634,    1609,    1067340,    000h 00m 01.609s,    000h 17m 47.340s
635,    1718,    1069058,    000h 00m 01.718s,    000h 17m 49.058s
636,    1732,    1070790,    000h 00m 01.732s,    000h 17m 50.790s
637,    1593,    1072383,    000h 00m 01.593s,    000h 17m 52.383s
638,    1748,    1074131,    000h 00m 01.748s,    000h 17m 54.131s
639,    1643,    1075774,    000h 00m 01.643s,    000h 17m 55.774s
640,    1624,    1077398,    000h 00m 01.624s,    000h 17m 57.398s
641,    1556,    1078954,    000h 00m 01.556s,    000h 17m 58.954s
642,    1687,    1080641,    000h 00m 01.687s,    000h 18m 00.641s
643,    1667,    1082308,    000h 00m 01.667s,    000h 18m 02.308s
644,    1607,    1083915,    000h 00m 01.607s,    000h 18m 03.915s
645,    1669,    1085584,    000h 00m 01.669s,    000h 18m 05.584s
646,    1622,    1087206,    000h 00m 01.622s,    000h 18m 07.206s
647,    1653,    1088859,    000h 00m 01.653s,    000h 18m 08.859s
648,    1719,    1090578,    000h 00m 01.719s,    000h 18m 10.578s
649,    1733,    1092311,    000h 00m 01.733s,    000h 18m 12.311s
650,    1699,    1094010,    000h 00m 01.699s,    000h 18m 14.010s
651,    1749,    1095759,    000h 00m 01.749s,    000h 18m 15.759s
652,    1564,    1097323,    000h 00m 01.564s,    000h 18m 17.323s
653,    1725,    1099048,    000h 00m 01.725s,    000h 18m 19.048s
654,    1627,    1100675,    000h 00m 01.627s,    000h 18m 20.675s
655,    1700,    1102375,    000h 00m 01.700s,    000h 18m 22.375s
656,    1638,    1104013,    000h 00m 01.638s,    000h 18m 24.013s
657,    1755,    1105768,    000h 00m 01.755s,    000h 18m 25.768s
658,    1588,    1107356,    000h 00m 01.588s,    000h 18m 27.356s
659,    1734,    1109090,    000h 00m 01.734s,    000h 18m 29.090s
660,    1647,    1110737,    000h 00m 01.647s,    000h 18m 30.737s
661,    1715,    1112452,    000h 00m 01.715s,    000h 18m 32.452s
662,    1601,    1114053,    000h 00m 01.601s,    000h 18m 34.053s
663,    1696,    1115749,    000h 00m 01.696s,    000h 18m 35.749s
664,    1725,    1117474,    000h 00m 01.725s,    000h 18m 37.474s
665,    1571,    1119045,    000h 00m 01.571s,    000h 18m 39.045s
666,    1550,    1120595,    000h 00m 01.550s,    000h 18m 40.595s
667,    1738,    1122333,    000h 00m 01.738s,    000h 18m 42.333s
668,    1675,    1124008,    000h 00m 01.675s,    000h 18m 44.008s
669,    1730,    1125738,    000h 00m 01.730s,    000h 18m 45.738s
670,    1693,    1127431,    000h 00m 01.693s,    000h 18m 47.431s
671,    1728,    1129159,    000h 00m 01.728s,    000h 18m 49.159s
672,    1573,    1130732,    000h 00m 01.573s,    000h 18m 50.732s
673,    1639,    1132371,    000h 00m 01.639s,    000h 18m 52.371s
674,    1719,    1134090,    000h 00m 01.719s,    000h 18m 54.090s
675,    1669,    1135759,    000h 00m 01.669s,    000h 18m 55.759s
676,    1709,    1137468,    000h 00m 01.709s,    000h 18m 57.468s
677,    1702,    1139170,    000h 00m 01.702s,    000h 18m 59.170s
678,    1750,    1140920,    000h 00m 01.750s,    000h 19m 00.920s
679,    1747,    1142667,    000h 00m 01.747s,    000h 19m 02.667s
680,    1749,    1144416,    000h 00m 01.749s,    000h 19m 04.416s
681,    1671,    1146087,    000h 00m 01.671s,    000h 19m 06.087s
682,    1745,    1147832,    000h 00m 01.745s,    000h 19m 07.832s
683,    1738,    1149570,    000h 00m 01.738s,    000h 19m 09.570s
684,    1717,    1151287,    000h 00m 01.717s,    000h 19m 11.287s
685,    1678,    1152965,    000h 00m 01.678s,    000h 19m 12.965s
686,    1641,    1154606,    000h 00m 01.641s,    000h 19m 14.606s
687,    1748,    1156354,    000h 00m 01.748s,    000h 19m 16.354s
688,    1704,    1158058,    000h 00m 01.704s,    000h 19m 18.058s
689,    1721,    1159779,    000h 00m 01.721s,    000h 19m 19.779s
690,    1621,    1161400,    000h 00m 01.621s,    000h 19m 21.400s
691,    1712,    1163112,    000h 00m 01.712s,    000h 19m 23.112s
692,    1727,    1164839,    000h 00m 01.727s,    000h 19m 24.839s
693,    1725,    1166564,    000h 00m 01.725s,    000h 19m 26.564s
694,    1666,    1168230,    000h 00m 01.666s,    000h 19m 28.230s
695,    1746,    1169976,    000h 00m 01.746s,    000h 19m 29.976s
696,    1705,    1171681,    000h 00m 01.705s,    000h 19m 31.681s
697,    1647,    1173328,    000h 00m 01.647s,    000h 19m 33.328s
698,    1751,    1175079,    000h 00m 01.751s,    000h 19m 35.079s
699,    1685,    1176764,    000h 00m 01.685s,    000h 19m 36.764s
700,    1579,    1178343,    000h 00m 01.579s,    000h 19m 38.343s
701,    1688,    1180031,    000h 00m 01.688s,    000h 19m 40.031s
702,    1732,    1181763,    000h 00m 01.732s,    000h 19m 41.763s
703,    1635,    1183398,    000h 00m 01.635s,    000h 19m 43.398s
704,    1702,    1185100,    000h 00m 01.702s,    000h 19m 45.100s
705,    1742,    1186842,    000h 00m 01.742s,    000h 19m 46.842s
706,    1727,    1188569,    000h 00m 01.727s,    000h 19m 48.569s
707,    1733,    1190302,    000h 00m 01.733s,    000h 19m 50.302s
708,    1731,    1192033,    000h 00m 01.731s,    000h 19m 52.033s
709,    1747,    1193780,    000h 00m 01.747s,    000h 19m 53.780s
710,    1736,    1195516,    000h 00m 01.736s,    000h 19m 55.516s
711,    1701,    1197217,    000h 00m 01.701s,    000h 19m 57.217s
712,    1720,    1198937,    000h 00m 01.720s,    000h 19m 58.937s
713,    1567,    1200504,    000h 00m 01.567s,    000h 20m 00.504s
714,    1730,    1202234,    000h 00m 01.730s,    000h 20m 02.234s
715,    1650,    1203884,    000h 00m 01.650s,    000h 20m 03.884s
716,    1706,    1205590,    000h 00m 01.706s,    000h 20m 05.590s
717,    1604,    1207194,    000h 00m 01.604s,    000h 20m 07.194s
718,    1738,    1208932,    000h 00m 01.738s,    000h 20m 08.932s
719,    1661,    1210593,    000h 00m 01.661s,    000h 20m 10.593s
720,    1706,    1212299,    000h 00m 01.706s,    000h 20m 12.299s
721,    1699,    1213998,    000h 00m 01.699s,    000h 20m 13.998s
722,    1741,    1215739,    000h 00m 01.741s,    000h 20m 15.739s
723,    1724,    1217463,    000h 00m 01.724s,    000h 20m 17.463s
724,    1565,    1219028,    000h 00m 01.565s,    000h 20m 19.028s
725,    1749,    1220777,    000h 00m 01.749s,    000h 20m 20.777s
726,    1713,    1222490,    000h 00m 01.713s,    000h 20m 22.490s
727,    1607,    1224097,    000h 00m 01.607s,    000h 20m 24.097s
728,    1752,    1225849,    000h 00m 01.752s,    000h 20m 25.849s
729,    1679,    1227528,    000h 00m 01.679s,    000h 20m 27.528s
730,    1753,    1229281,    000h 00m 01.753s,    000h 20m 29.281s
731,    1683,    1230964,    000h 00m 01.683s,    000h 20m 30.964s
732,    1699,    1232663,    000h 00m 01.699s,    000h 20m 32.663s
733,    1733,    1234396,    000h 00m 01.733s,    000h 20m 34.396s
734,    1727,    1236123,    000h 00m 01.727s,    000h 20m 36.123s
735,    1638,    1237761,    000h 00m 01.638s,    000h 20m 37.761s
736,    1749,    1239510,    000h 00m 01.749s,    000h 20m 39.510s
737,    1552,    1241062,    000h 00m 01.552s,    000h 20m 41.062s
738,    1732,    1242794,    000h 00m 01.732s,    000h 20m 42.794s
739,    1758,    1244552,    000h 00m 01.758s,    000h 20m 44.552s
740,    1683,    1246235,    000h 00m 01.683s,    000h 20m 46.235s
741,    1727,    1247962,    000h 00m 01.727s,    000h 20m 47.962s
742,    1697,    1249659,    000h 00m 01.697s,    000h 20m 49.659s
743,    1723,    1251382,    000h 00m 01.723s,    000h 20m 51.382s
744,    1742,    1253124,    000h 00m 01.742s,    000h 20m 53.124s
745,    1764,    1254888,    000h 00m 01.764s,    000h 20m 54.888s
746,    1715,    1256603,    000h 00m 01.715s,    000h 20m 56.603s
747,    1719,    1258322,    000h 00m 01.719s,    000h 20m 58.322s
748,    1723,    1260045,    000h 00m 01.723s,    000h 21m 00.045s
749,    1736,    1261781,    000h 00m 01.736s,    000h 21m 01.781s
750,    1712,    1263493,    000h 00m 01.712s,    000h 21m 03.493s
751,    1596,    1265089,    000h 00m 01.596s,    000h 21m 05.089s
752,    1734,    1266823,    000h 00m 01.734s,    000h 21m 06.823s
753,    1678,    1268501,    000h 00m 01.678s,    000h 21m 08.501s
754,    1683,    1270184,    000h 00m 01.683s,    000h 21m 10.184s
755,    1674,    1271858,    000h 00m 01.674s,    000h 21m 11.858s
756,    1701,    1273559,    000h 00m 01.701s,    000h 21m 13.559s
757,    1635,    1275194,    000h 00m 01.635s,    000h 21m 15.194s
758,    1712,    1276906,    000h 00m 01.712s,    000h 21m 16.906s
759,    1738,    1278644,    000h 00m 01.738s,    000h 21m 18.644s
760,    1687,    1280331,    000h 00m 01.687s,    000h 21m 20.331s
761,    1656,    1281987,    000h 00m 01.656s,    000h 21m 21.987s
762,    1567,    1283554,    000h 00m 01.567s,    000h 21m 23.554s
763,    1749,    1285303,    000h 00m 01.749s,    000h 21m 25.303s
764,    1605,    1286908,    000h 00m 01.605s,    000h 21m 26.908s
765,    1754,    1288662,    000h 00m 01.754s,    000h 21m 28.662s
766,    1673,    1290335,    000h 00m 01.673s,    000h 21m 30.335s
767,    1691,    1292026,    000h 00m 01.691s,    000h 21m 32.026s
768,    1720,    1293746,    000h 00m 01.720s,    000h 21m 33.746s
769,    1565,    1295311,    000h 00m 01.565s,    000h 21m 35.311s
770,    1714,    1297025,    000h 00m 01.714s,    000h 21m 37.025s
771,    1714,    1298739,    000h 00m 01.714s,    000h 21m 38.739s
772,    1654,    1300393,    000h 00m 01.654s,    000h 21m 40.393s
773,    1661,    1302054,    000h 00m 01.661s,    000h 21m 42.054s
774,    1741,    1303795,    000h 00m 01.741s,    000h 21m 43.795s
775,    1649,    1305444,    000h 00m 01.649s,    000h 21m 45.444s
776,    1695,    1307139,    000h 00m 01.695s,    000h 21m 47.139s
777,    1624,    1308763,    000h 00m 01.624s,    000h 21m 48.763s
778,    1687,    1310450,    000h 00m 01.687s,    000h 21m 50.450s
779,    1717,    1312167,    000h 00m 01.717s,    000h 21m 52.167s
780,    1696,    1313863,    000h 00m 01.696s,    000h 21m 53.863s
781,    1609,    1315472,    000h 00m 01.609s,    000h 21m 55.472s
782,    1631,    1317103,    000h 00m 01.631s,    000h 21m 57.103s
783,    1707,    1318810,    000h 00m 01.707s,    000h 21m 58.810s
784,    1563,    1320373,    000h 00m 01.563s,    000h 22m 00.373s
785,    1703,    1322076,    000h 00m 01.703s,    000h 22m 02.076s
786,    1610,    1323686,    000h 00m 01.610s,    000h 22m 03.686s
787,    1676,    1325362,    000h 00m 01.676s,    000h 22m 05.362s
788,    1744,    1327106,    000h 00m 01.744s,    000h 22m 07.106s
789,    1734,    1328840,    000h 00m 01.734s,    000h 22m 08.840s
790,    1677,    1330517,    000h 00m 01.677s,    000h 22m 10.517s
791,    1704,    1332221,    000h 00m 01.704s,    000h 22m 12.221s
792,    1674,    1333895,    000h 00m 01.674s,    000h 22m 13.895s
793,    1709,    1335604,    000h 00m 01.709s,    000h 22m 15.604s
794,    1746,    1337350,    000h 00m 01.746s,    000h 22m 17.350s
795,    1626,    1338976,    000h 00m 01.626s,    000h 22m 18.976s
796,    1743,    1340719,    000h 00m 01.743s,    000h 22m 20.719s
797,    1692,    1342411,    000h 00m 01.692s,    000h 22m 22.411s
798,    1548,    1343959,    000h 00m 01.548s,    000h 22m 23.959s
799,    1752,    1345711,    000h 00m 01.752s,    000h 22m 25.711s
800,    1566,    1347277,    000h 00m 01.566s,    000h 22m 27.277s
801,    1703,    1348980,    000h 00m 01.703s,    000h 22m 28.980s
802,    1735,    1350715,    000h 00m 01.735s,    000h 22m 30.715s
803,    1671,    1352386,    000h 00m 01.671s,    000h 22m 32.386s
804,    1545,    1353931,    000h 00m 01.545s,    000h 22m 33.931s
805,    1580,    1355511,    000h 00m 01.580s,    000h 22m 35.511s
806,    1737,    1357248,    000h 00m 01.737s,    000h 22m 37.248s
807,    1719,    1358967,    000h 00m 01.719s,    000h 22m 38.967s
808,    1686,    1360653,    000h 00m 01.686s,    000h 22m 40.653s
809,    1701,    1362354,    000h 00m 01.701s,    000h 22m 42.354s
810,    1573,    1363927,    000h 00m 01.573s,    000h 22m 43.927s
811,    1599,    1365526,    000h 00m 01.599s,    000h 22m 45.526s
812,    1727,    1367253,    000h 00m 01.727s,    000h 22m 47.253s
813,    1639,    1368892,    000h 00m 01.639s,    000h 22m 48.892s
814,    1721,    1370613,    000h 00m 01.721s,    000h 22m 50.613s
815,    1704,    1372317,    000h 00m 01.704s,    000h 22m 52.317s
816,    1721,    1374038,    000h 00m 01.721s,    000h 22m 54.038s
817,    1679,    1375717,    000h 00m 01.679s,    000h 22m 55.717s
818,    1695,    1377412,    000h 00m 01.695s,    000h 22m 57.412s
819,    1746,    1379158,    000h 00m 01.746s,    000h 22m 59.158s
820,    1732,    1380890,    000h 00m 01.732s,    000h 23m 00.890s
821,    1716,    1382606,    000h 00m 01.716s,    000h 23m 02.606s
822,    1735,    1384341,    000h 00m 01.735s,    000h 23m 04.341s
823,    1595,    1385936,    000h 00m 01.595s,    000h 23m 05.936s
824,    1579,    1387515,    000h 00m 01.579s,    000h 23m 07.515s
825,    1712,    1389227,    000h 00m 01.712s,    000h 23m 09.227s
826,    1695,    1390922,    000h 00m 01.695s,    000h 23m 10.922s
827,    1736,    1392658,    000h 00m 01.736s,    000h 23m 12.658s
828,    1536,    1394194,    000h 00m 01.536s,    000h 23m 14.194s
829,    1704,    1395898,    000h 00m 01.704s,    000h 23m 15.898s
830,    1732,    1397630,    000h 00m 01.732s,    000h 23m 17.630s
831,    1688,    1399318,    000h 00m 01.688s,    000h 23m 19.318s
832,    1628,    1400946,    000h 00m 01.628s,    000h 23m 20.946s
833,    1707,    1402653,    000h 00m 01.707s,    000h 23m 22.653s
834,    1668,    1404321,    000h 00m 01.668s,    000h 23m 24.321s
835,    1673,    1405994,    000h 00m 01.673s,    000h 23m 25.994s
836,    1734,    1407728,    000h 00m 01.734s,    000h 23m 27.728s
837,    1599,    1409327,    000h 00m 01.599s,    000h 23m 29.327s
838,    1705,    1411032,    000h 00m 01.705s,    000h 23m 31.032s
839,    1689,    1412721,    000h 00m 01.689s,    000h 23m 32.721s
840,    1712,    1414433,    000h 00m 01.712s,    000h 23m 34.433s
841,    1672,    1416105,    000h 00m 01.672s,    000h 23m 36.105s
842,    1640,    1417745,    000h 00m 01.640s,    000h 23m 37.745s
843,    1730,    1419475,    000h 00m 01.730s,    000h 23m 39.475s
844,    1714,    1421189,    000h 00m 01.714s,    000h 23m 41.189s
845,    1578,    1422767,    000h 00m 01.578s,    000h 23m 42.767s
846,    1701,    1424468,    000h 00m 01.701s,    000h 23m 44.468s
847,    1634,    1426102,    000h 00m 01.634s,    000h 23m 46.102s
848,    1685,    1427787,    000h 00m 01.685s,    000h 23m 47.787s
849,    1735,    1429522,    000h 00m 01.735s,    000h 23m 49.522s
850,    1708,    1431230,    000h 00m 01.708s,    000h 23m 51.230s
851,    1554,    1432784,    000h 00m 01.554s,    000h 23m 52.784s
852,    1721,    1434505,    000h 00m 01.721s,    000h 23m 54.505s
853,    1640,    1436145,    000h 00m 01.640s,    000h 23m 56.145s
854,    1600,    1437745,    000h 00m 01.600s,    000h 23m 57.745s
855,    1679,    1439424,    000h 00m 01.679s,    000h 23m 59.424s
856,    1710,    1441134,    000h 00m 01.710s,    000h 24m 01.134s
857,    1680,    1442814,    000h 00m 01.680s,    000h 24m 02.814s
858,    1662,    1444476,    000h 00m 01.662s,    000h 24m 04.476s
859,    1699,    1446175,    000h 00m 01.699s,    000h 24m 06.175s
860,    1626,    1447801,    000h 00m 01.626s,    000h 24m 07.801s
861,    1631,    1449432,    000h 00m 01.631s,    000h 24m 09.432s
862,    1665,    1451097,    000h 00m 01.665s,    000h 24m 11.097s
863,    1648,    1452745,    000h 00m 01.648s,    000h 24m 12.745s
864,    1735,    1454480,    000h 00m 01.735s,    000h 24m 14.480s
865,    1734,    1456214,    000h 00m 01.734s,    000h 24m 16.214s
866,    1639,    1457853,    000h 00m 01.639s,    000h 24m 17.853s
867,    1620,    1459473,    000h 00m 01.620s,    000h 24m 19.473s
868,    1725,    1461198,    000h 00m 01.725s,    000h 24m 21.198s
869,    1561,    1462759,    000h 00m 01.561s,    000h 24m 22.759s
870,    1666,    1464425,    000h 00m 01.666s,    000h 24m 24.425s
871,    1741,    1466166,    000h 00m 01.741s,    000h 24m 26.166s
872,    1729,    1467895,    000h 00m 01.729s,    000h 24m 27.895s
873,    1613,    1469508,    000h 00m 01.613s,    000h 24m 29.508s
874,    1722,    1471230,    000h 00m 01.722s,    000h 24m 31.230s
875,    1715,    1472945,    000h 00m 01.715s,    000h 24m 32.945s
876,    1733,    1474678,    000h 00m 01.733s,    000h 24m 34.678s
877,    1683,    1476361,    000h 00m 01.683s,    000h 24m 36.361s
878,    1649,    1478010,    000h 00m 01.649s,    000h 24m 38.010s
879,    1565,    1479575,    000h 00m 01.565s,    000h 24m 39.575s
880,    1573,    1481148,    000h 00m 01.573s,    000h 24m 41.148s
881,    1689,    1482837,    000h 00m 01.689s,    000h 24m 42.837s
882,    1747,    1484584,    000h 00m 01.747s,    000h 24m 44.584s
883,    1732,    1486316,    000h 00m 01.732s,    000h 24m 46.316s
884,    1688,    1488004,    000h 00m 01.688s,    000h 24m 48.004s
885,    1624,    1489628,    000h 00m 01.624s,    000h 24m 49.628s
886,    1726,    1491354,    000h 00m 01.726s,    000h 24m 51.354s
887,    1669,    1493023,    000h 00m 01.669s,    000h 24m 53.023s
888,    1699,    1494722,    000h 00m 01.699s,    000h 24m 54.722s
889,    1763,    1496485,    000h 00m 01.763s,    000h 24m 56.485s
890,    1750,    1498235,    000h 00m 01.750s,    000h 24m 58.235s
891,    1573,    1499808,    000h 00m 01.573s,    000h 24m 59.808s
892,    1753,    1501561,    000h 00m 01.753s,    000h 25m 01.561s
893,    1706,    1503267,    000h 00m 01.706s,    000h 25m 03.267s
894,    1688,    1504955,    000h 00m 01.688s,    000h 25m 04.955s
895,    1583,    1506538,    000h 00m 01.583s,    000h 25m 06.538s
896,    1726,    1508264,    000h 00m 01.726s,    000h 25m 08.264s
897,    1696,    1509960,    000h 00m 01.696s,    000h 25m 09.960s
898,    1755,    1511715,    000h 00m 01.755s,    000h 25m 11.715s
899,    1623,    1513338,    000h 00m 01.623s,    000h 25m 13.338s
900,    1707,    1515045,    000h 00m 01.707s,    000h 25m 15.045s
901,    1648,    1516693,    000h 00m 01.648s,    000h 25m 16.693s
902,    1564,    1518257,    000h 00m 01.564s,    000h 25m 18.257s
903,    1699,    1519956,    000h 00m 01.699s,    000h 25m 19.956s
904,    1720,    1521676,    000h 00m 01.720s,    000h 25m 21.676s
905,    1621,    1523297,    000h 00m 01.621s,    000h 25m 23.297s
906,    1751,    1525048,    000h 00m 01.751s,    000h 25m 25.048s
907,    1680,    1526728,    000h 00m 01.680s,    000h 25m 26.728s
908,    1688,    1528416,    000h 00m 01.688s,    000h 25m 28.416s
909,    1694,    1530110,    000h 00m 01.694s,    000h 25m 30.110s
910,    1683,    1531793,    000h 00m 01.683s,    000h 25m 31.793s
911,    1731,    1533524,    000h 00m 01.731s,    000h 25m 33.524s
912,    1711,    1535235,    000h 00m 01.711s,    000h 25m 35.235s
913,    1585,    1536820,    000h 00m 01.585s,    000h 25m 36.820s
914,    1609,    1538429,    000h 00m 01.609s,    000h 25m 38.429s
915,    1691,    1540120,    000h 00m 01.691s,    000h 25m 40.120s
916,    1754,    1541874,    000h 00m 01.754s,    000h 25m 41.874s
917,    1611,    1543485,    000h 00m 01.611s,    000h 25m 43.485s
918,    1707,    1545192,    000h 00m 01.707s,    000h 25m 45.192s
919,    1728,    1546920,    000h 00m 01.728s,    000h 25m 46.920s
920,    1674,    1548594,    000h 00m 01.674s,    000h 25m 48.594s
921,    1739,    1550333,    000h 00m 01.739s,    000h 25m 50.333s
922,    1714,    1552047,    000h 00m 01.714s,    000h 25m 52.047s
923,    1717,    1553764,    000h 00m 01.717s,    000h 25m 53.764s
924,    1747,    1555511,    000h 00m 01.747s,    000h 25m 55.511s
925,    1727,    1557238,    000h 00m 01.727s,    000h 25m 57.238s
926,    1616,    1558854,    000h 00m 01.616s,    000h 25m 58.854s
927,    1733,    1560587,    000h 00m 01.733s,    000h 26m 00.587s
928,    1700,    1562287,    000h 00m 01.700s,    000h 26m 02.287s
929,    1727,    1564014,    000h 00m 01.727s,    000h 26m 04.014s
930,    1704,    1565718,    000h 00m 01.704s,    000h 26m 05.718s
931,    1717,    1567435,    000h 00m 01.717s,    000h 26m 07.435s
932,    1553,    1568988,    000h 00m 01.553s,    000h 26m 08.988s
933,    1643,    1570631,    000h 00m 01.643s,    000h 26m 10.631s
934,    1750,    1572381,    000h 00m 01.750s,    000h 26m 12.381s
935,    1697,    1574078,    000h 00m 01.697s,    000h 26m 14.078s
936,    1699,    1575777,    000h 00m 01.699s,    000h 26m 15.777s
937,    1758,    1577535,    000h 00m 01.758s,    000h 26m 17.535s
938,    1589,    1579124,    000h 00m 01.589s,    000h 26m 19.124s
939,    1619,    1580743,    000h 00m 01.619s,    000h 26m 20.743s
940,    1760,    1582503,    000h 00m 01.760s,    000h 26m 22.503s
941,    1733,    1584236,    000h 00m 01.733s,    000h 26m 24.236s
942,    1691,    1585927,    000h 00m 01.691s,    000h 26m 25.927s
943,    1717,    1587644,    000h 00m 01.717s,    000h 26m 27.644s
944,    1718,    1589362,    000h 00m 01.718s,    000h 26m 29.362s
945,    1704,    1591066,    000h 00m 01.704s,    000h 26m 31.066s
946,    1758,    1592824,    000h 00m 01.758s,    000h 26m 32.824s
947,    1673,    1594497,    000h 00m 01.673s,    000h 26m 34.497s
948,    1722,    1596219,    000h 00m 01.722s,    000h 26m 36.219s
949,    1711,    1597930,    000h 00m 01.711s,    000h 26m 37.930s
950,    1722,    1599652,    000h 00m 01.722s,    000h 26m 39.652s
951,    1745,    1601397,    000h 00m 01.745s,    000h 26m 41.397s
952,    1737,    1603134,    000h 00m 01.737s,    000h 26m 43.134s
953,    1748,    1604882,    000h 00m 01.748s,    000h 26m 44.882s
954,    1699,    1606581,    000h 00m 01.699s,    000h 26m 46.581s
955,    1735,    1608316,    000h 00m 01.735s,    000h 26m 48.316s
956,    1644,    1609960,    000h 00m 01.644s,    000h 26m 49.960s
957,    1734,    1611694,    000h 00m 01.734s,    000h 26m 51.694s
958,    1708,    1613402,    000h 00m 01.708s,    000h 26m 53.402s
959,    1740,    1615142,    000h 00m 01.740s,    000h 26m 55.142s
960,    1755,    1616897,    000h 00m 01.755s,    000h 26m 56.897s
961,    1708,    1618605,    000h 00m 01.708s,    000h 26m 58.605s
962,    1578,    1620183,    000h 00m 01.578s,    000h 27m 00.183s
963,    1680,    1621863,    000h 00m 01.680s,    000h 27m 01.863s
964,    1734,    1623597,    000h 00m 01.734s,    000h 27m 03.597s
965,    1735,    1625332,    000h 00m 01.735s,    000h 27m 05.332s
966,    1587,    1626919,    000h 00m 01.587s,    000h 27m 06.919s
967,    1626,    1628545,    000h 00m 01.626s,    000h 27m 08.545s
968,    1743,    1630288,    000h 00m 01.743s,    000h 27m 10.288s
969,    1625,    1631913,    000h 00m 01.625s,    000h 27m 11.913s
970,    1748,    1633661,    000h 00m 01.748s,    000h 27m 13.661s
971,    1595,    1635256,    000h 00m 01.595s,    000h 27m 15.256s
972,    1756,    1637012,    000h 00m 01.756s,    000h 27m 17.012s
973,    1691,    1638703,    000h 00m 01.691s,    000h 27m 18.703s
974,    1741,    1640444,    000h 00m 01.741s,    000h 27m 20.444s
975,    1553,    1641997,    000h 00m 01.553s,    000h 27m 21.997s
976,    1734,    1643731,    000h 00m 01.734s,    000h 27m 23.731s
977,    1719,    1645450,    000h 00m 01.719s,    000h 27m 25.450s
978,    1724,    1647174,    000h 00m 01.724s,    000h 27m 27.174s
979,    1723,    1648897,    000h 00m 01.723s,    000h 27m 28.897s
980,    1705,    1650602,    000h 00m 01.705s,    000h 27m 30.602s
981,    1717,    1652319,    000h 00m 01.717s,    000h 27m 32.319s
982,    1716,    1654035,    000h 00m 01.716s,    000h 27m 34.035s
983,    1738,    1655773,    000h 00m 01.738s,    000h 27m 35.773s
984,    1633,    1657406,    000h 00m 01.633s,    000h 27m 37.406s
985,    1697,    1659103,    000h 00m 01.697s,    000h 27m 39.103s
986,    1679,    1660782,    000h 00m 01.679s,    000h 27m 40.782s
987,    1719,    1662501,    000h 00m 01.719s,    000h 27m 42.501s
988,    1567,    1664068,    000h 00m 01.567s,    000h 27m 44.068s
989,    1657,    1665725,    000h 00m 01.657s,    000h 27m 45.725s
990,    1718,    1667443,    000h 00m 01.718s,    000h 27m 47.443s
991,    1780,    1669223,    000h 00m 01.780s,    000h 27m 49.223s
992,    1738,    1670961,    000h 00m 01.738s,    000h 27m 50.961s
993,    1655,    1672616,    000h 00m 01.655s,    000h 27m 52.616s
994,    1752,    1674368,    000h 00m 01.752s,    000h 27m 54.368s
995,    1682,    1676050,    000h 00m 01.682s,    000h 27m 56.050s
996,    1721,    1677771,    000h 00m 01.721s,    000h 27m 57.771s
997,    1746,    1679517,    000h 00m 01.746s,    000h 27m 59.517s
998,    1736,    1681253,    000h 00m 01.736s,    000h 28m 01.253s
999,    1710,    1682963,    000h 00m 01.710s,    000h 28m 02.963s
1000,    1728,    1684691,    000h 00m 01.728s,    000h 28m 04.691s
1001,    1635,    1686326,    000h 00m 01.635s,    000h 28m 06.326s
1002,    1696,    1688022,    000h 00m 01.696s,    000h 28m 08.022s
1003,    1667,    1689689,    000h 00m 01.667s,    000h 28m 09.689s
1004,    1570,    1691259,    000h 00m 01.570s,    000h 28m 11.259s
1005,    1617,    1692876,    000h 00m 01.617s,    000h 28m 12.876s
1006,    1708,    1694584,    000h 00m 01.708s,    000h 28m 14.584s
1007,    1712,    1696296,    000h 00m 01.712s,    000h 28m 16.296s
1008,    1575,    1697871,    000h 00m 01.575s,    000h 28m 17.871s
1009,    1730,    1699601,    000h 00m 01.730s,    000h 28m 19.601s
1010,    1732,    1701333,    000h 00m 01.732s,    000h 28m 21.333s
1011,    1705,    1703038,    000h 00m 01.705s,    000h 28m 23.038s
1012,    1725,    1704763,    000h 00m 01.725s,    000h 28m 24.763s
1013,    1737,    1706500,    000h 00m 01.737s,    000h 28m 26.500s
1014,    1713,    1708213,    000h 00m 01.713s,    000h 28m 28.213s
1015,    1671,    1709884,    000h 00m 01.671s,    000h 28m 29.884s
1016,    1725,    1711609,    000h 00m 01.725s,    000h 28m 31.609s
1017,    1698,    1713307,    000h 00m 01.698s,    000h 28m 33.307s
1018,    1720,    1715027,    000h 00m 01.720s,    000h 28m 35.027s
1019,    1727,    1716754,    000h 00m 01.727s,    000h 28m 36.754s
1020,    1721,    1718475,    000h 00m 01.721s,    000h 28m 38.475s
1021,    1713,    1720188,    000h 00m 01.713s,    000h 28m 40.188s
1022,    1709,    1721897,    000h 00m 01.709s,    000h 28m 41.897s
1023,    1637,    1723534,    000h 00m 01.637s,    000h 28m 43.534s
1024,    1716,    1725250,    000h 00m 01.716s,    000h 28m 45.250s
1025,    1732,    1726982,    000h 00m 01.732s,    000h 28m 46.982s
