pass,    time (ms),    total time (ms),    time,     total_time
1,    1724,    1724,    000h 00m 01.724s,    000h 00m 01.724s
2,    1743,    3467,    000h 00m 01.743s,    000h 00m 03.467s
3,    1765,    5232,    000h 00m 01.765s,    000h 00m 05.232s
4,    1751,    6983,    000h 00m 01.751s,    000h 00m 06.983s
5,    1634,    8617,    000h 00m 01.634s,    000h 00m 08.617s
6,    1750,    10367,    000h 00m 01.750s,    000h 00m 10.367s
7,    1752,    12119,    000h 00m 01.752s,    000h 00m 12.119s
8,    1660,    13779,    000h 00m 01.660s,    000h 00m 13.779s
9,    1514,    15293,    000h 00m 01.514s,    000h 00m 15.293s
10,    1583,    16876,    000h 00m 01.583s,    000h 00m 16.876s
11,    1550,    18426,    000h 00m 01.550s,    000h 00m 18.426s
12,    1569,    19995,    000h 00m 01.569s,    000h 00m 19.995s
13,    1786,    21781,    000h 00m 01.786s,    000h 00m 21.781s
14,    1731,    23512,    000h 00m 01.731s,    000h 00m 23.512s
15,    1292,    24804,    000h 00m 01.292s,    000h 00m 24.804s
16,    1677,    26481,    000h 00m 01.677s,    000h 00m 26.481s
17,    1757,    28238,    000h 00m 01.757s,    000h 00m 28.238s
18,    1332,    29570,    000h 00m 01.332s,    000h 00m 29.570s
19,    1642,    31212,    000h 00m 01.642s,    000h 00m 31.212s
20,    1574,    32786,    000h 00m 01.574s,    000h 00m 32.786s
21,    1336,    34122,    000h 00m 01.336s,    000h 00m 34.122s
22,    1601,    35723,    000h 00m 01.601s,    000h 00m 35.723s
23,    1710,    37433,    000h 00m 01.710s,    000h 00m 37.433s
24,    1759,    39192,    000h 00m 01.759s,    000h 00m 39.192s
25,    1523,    40715,    000h 00m 01.523s,    000h 00m 40.715s
26,    1594,    42309,    000h 00m 01.594s,    000h 00m 42.309s
27,    1713,    44022,    000h 00m 01.713s,    000h 00m 44.022s
28,    1679,    45701,    000h 00m 01.679s,    000h 00m 45.701s
29,    1592,    47293,    000h 00m 01.592s,    000h 00m 47.293s
30,    1555,    48848,    000h 00m 01.555s,    000h 00m 48.848s
31,    1738,    50586,    000h 00m 01.738s,    000h 00m 50.586s
32,    1585,    52171,    000h 00m 01.585s,    000h 00m 52.171s
33,    1745,    53916,    000h 00m 01.745s,    000h 00m 53.916s
34,    1685,    55601,    000h 00m 01.685s,    000h 00m 55.601s
35,    1663,    57264,    000h 00m 01.663s,    000h 00m 57.264s
36,    1707,    58971,    000h 00m 01.707s,    000h 00m 58.971s
37,    1615,    60586,    000h 00m 01.615s,    000h 01m 00.586s
38,    1603,    62189,    000h 00m 01.603s,    000h 01m 02.189s
39,    1760,    63949,    000h 00m 01.760s,    000h 01m 03.949s
40,    1738,    65687,    000h 00m 01.738s,    000h 01m 05.687s
41,    1726,    67413,    000h 00m 01.726s,    000h 01m 07.413s
42,    1654,    69067,    000h 00m 01.654s,    000h 01m 09.067s
43,    1593,    70660,    000h 00m 01.593s,    000h 01m 10.660s
44,    1685,    72345,    000h 00m 01.685s,    000h 01m 12.345s
45,    1679,    74024,    000h 00m 01.679s,    000h 01m 14.024s
46,    1752,    75776,    000h 00m 01.752s,    000h 01m 15.776s
47,    1671,    77447,    000h 00m 01.671s,    000h 01m 17.447s
48,    1717,    79164,    000h 00m 01.717s,    000h 01m 19.164s
49,    1680,    80844,    000h 00m 01.680s,    000h 01m 20.844s
50,    1658,    82502,    000h 00m 01.658s,    000h 01m 22.502s
51,    1747,    84249,    000h 00m 01.747s,    000h 01m 24.249s
52,    1683,    85932,    000h 00m 01.683s,    000h 01m 25.932s
53,    1722,    87654,    000h 00m 01.722s,    000h 01m 27.654s
54,    1757,    89411,    000h 00m 01.757s,    000h 01m 29.411s
55,    1749,    91160,    000h 00m 01.749s,    000h 01m 31.160s
56,    1739,    92899,    000h 00m 01.739s,    000h 01m 32.899s
57,    1719,    94618,    000h 00m 01.719s,    000h 01m 34.618s
58,    1552,    96170,    000h 00m 01.552s,    000h 01m 36.170s
59,    1742,    97912,    000h 00m 01.742s,    000h 01m 37.912s
60,    1666,    99578,    000h 00m 01.666s,    000h 01m 39.578s
61,    1636,    101214,    000h 00m 01.636s,    000h 01m 41.214s
62,    1727,    102941,    000h 00m 01.727s,    000h 01m 42.941s
63,    1695,    104636,    000h 00m 01.695s,    000h 01m 44.636s
64,    1687,    106323,    000h 00m 01.687s,    000h 01m 46.323s
65,    1744,    108067,    000h 00m 01.744s,    000h 01m 48.067s
66,    1777,    109844,    000h 00m 01.777s,    000h 01m 49.844s
67,    1709,    111553,    000h 00m 01.709s,    000h 01m 51.553s
68,    1774,    113327,    000h 00m 01.774s,    000h 01m 53.327s
69,    1565,    114892,    000h 00m 01.565s,    000h 01m 54.892s
70,    1521,    116413,    000h 00m 01.521s,    000h 01m 56.413s
71,    1679,    118092,    000h 00m 01.679s,    000h 01m 58.092s
72,    1758,    119850,    000h 00m 01.758s,    000h 01m 59.850s
73,    1569,    121419,    000h 00m 01.569s,    000h 02m 01.419s
74,    1704,    123123,    000h 00m 01.704s,    000h 02m 03.123s
75,    1700,    124823,    000h 00m 01.700s,    000h 02m 04.823s
76,    1719,    126542,    000h 00m 01.719s,    000h 02m 06.542s
77,    1724,    128266,    000h 00m 01.724s,    000h 02m 08.266s
78,    1590,    129856,    000h 00m 01.590s,    000h 02m 09.856s
79,    1347,    131203,    000h 00m 01.347s,    000h 02m 11.203s
80,    1723,    132926,    000h 00m 01.723s,    000h 02m 12.926s
81,    1680,    134606,    000h 00m 01.680s,    000h 02m 14.606s
82,    1781,    136387,    000h 00m 01.781s,    000h 02m 16.387s
83,    1543,    137930,    000h 00m 01.543s,    000h 02m 17.930s
84,    1603,    139533,    000h 00m 01.603s,    000h 02m 19.533s
85,    1590,    141123,    000h 00m 01.590s,    000h 02m 21.123s
86,    1737,    142860,    000h 00m 01.737s,    000h 02m 22.860s
87,    1709,    144569,    000h 00m 01.709s,    000h 02m 24.569s
88,    1584,    146153,    000h 00m 01.584s,    000h 02m 26.153s
89,    1695,    147848,    000h 00m 01.695s,    000h 02m 27.848s
90,    1724,    149572,    000h 00m 01.724s,    000h 02m 29.572s
91,    1634,    151206,    000h 00m 01.634s,    000h 02m 31.206s
92,    1595,    152801,    000h 00m 01.595s,    000h 02m 32.801s
93,    1544,    154345,    000h 00m 01.544s,    000h 02m 34.345s
94,    1558,    155903,    000h 00m 01.558s,    000h 02m 35.903s
95,    1670,    157573,    000h 00m 01.670s,    000h 02m 37.573s
96,    1713,    159286,    000h 00m 01.713s,    000h 02m 39.286s
97,    1656,    160942,    000h 00m 01.656s,    000h 02m 40.942s
98,    1702,    162644,    000h 00m 01.702s,    000h 02m 42.644s
99,    1739,    164383,    000h 00m 01.739s,    000h 02m 44.383s
100,    1604,    165987,    000h 00m 01.604s,    000h 02m 45.987s
101,    1588,    167575,    000h 00m 01.588s,    000h 02m 47.575s
102,    1615,    169190,    000h 00m 01.615s,    000h 02m 49.190s
103,    1661,    170851,    000h 00m 01.661s,    000h 02m 50.851s
104,    1548,    172399,    000h 00m 01.548s,    000h 02m 52.399s
105,    1347,    173746,    000h 00m 01.347s,    000h 02m 53.746s
106,    1634,    175380,    000h 00m 01.634s,    000h 02m 55.380s
107,    1607,    176987,    000h 00m 01.607s,    000h 02m 56.987s
108,    1594,    178581,    000h 00m 01.594s,    000h 02m 58.581s
109,    1790,    180371,    000h 00m 01.790s,    000h 03m 00.371s
110,    1726,    182097,    000h 00m 01.726s,    000h 03m 02.097s
111,    1717,    183814,    000h 00m 01.717s,    000h 03m 03.814s
112,    1742,    185556,    000h 00m 01.742s,    000h 03m 05.556s
113,    1717,    187273,    000h 00m 01.717s,    000h 03m 07.273s
114,    1709,    188982,    000h 00m 01.709s,    000h 03m 08.982s
115,    1714,    190696,    000h 00m 01.714s,    000h 03m 10.696s
116,    1675,    192371,    000h 00m 01.675s,    000h 03m 12.371s
117,    1727,    194098,    000h 00m 01.727s,    000h 03m 14.098s
118,    1356,    195454,    000h 00m 01.356s,    000h 03m 15.454s
119,    1595,    197049,    000h 00m 01.595s,    000h 03m 17.049s
120,    1693,    198742,    000h 00m 01.693s,    000h 03m 18.742s
121,    1665,    200407,    000h 00m 01.665s,    000h 03m 20.407s
122,    1841,    202248,    000h 00m 01.841s,    000h 03m 22.248s
123,    1783,    204031,    000h 00m 01.783s,    000h 03m 24.031s
124,    1585,    205616,    000h 00m 01.585s,    000h 03m 25.616s
125,    1770,    207386,    000h 00m 01.770s,    000h 03m 27.386s
126,    1390,    208776,    000h 00m 01.390s,    000h 03m 28.776s
127,    1537,    210313,    000h 00m 01.537s,    000h 03m 30.313s
128,    1733,    212046,    000h 00m 01.733s,    000h 03m 32.046s
129,    1618,    213664,    000h 00m 01.618s,    000h 03m 33.664s
130,    1692,    215356,    000h 00m 01.692s,    000h 03m 35.356s
131,    1733,    217089,    000h 00m 01.733s,    000h 03m 37.089s
132,    1626,    218715,    000h 00m 01.626s,    000h 03m 38.715s
133,    1640,    220355,    000h 00m 01.640s,    000h 03m 40.355s
134,    1756,    222111,    000h 00m 01.756s,    000h 03m 42.111s
135,    1733,    223844,    000h 00m 01.733s,    000h 03m 43.844s
136,    1694,    225538,    000h 00m 01.694s,    000h 03m 45.538s
137,    1748,    227286,    000h 00m 01.748s,    000h 03m 47.286s
138,    1737,    229023,    000h 00m 01.737s,    000h 03m 49.023s
139,    1695,    230718,    000h 00m 01.695s,    000h 03m 50.718s
140,    1621,    232339,    000h 00m 01.621s,    000h 03m 52.339s
141,    1747,    234086,    000h 00m 01.747s,    000h 03m 54.086s
142,    1607,    235693,    000h 00m 01.607s,    000h 03m 55.693s
143,    1744,    237437,    000h 00m 01.744s,    000h 03m 57.437s
144,    1745,    239182,    000h 00m 01.745s,    000h 03m 59.182s
145,    1633,    240815,    000h 00m 01.633s,    000h 04m 00.815s
146,    1657,    242472,    000h 00m 01.657s,    000h 04m 02.472s
147,    1714,    244186,    000h 00m 01.714s,    000h 04m 04.186s
148,    1715,    245901,    000h 00m 01.715s,    000h 04m 05.901s
149,    1729,    247630,    000h 00m 01.729s,    000h 04m 07.630s
150,    1587,    249217,    000h 00m 01.587s,    000h 04m 09.217s
151,    1726,    250943,    000h 00m 01.726s,    000h 04m 10.943s
152,    1631,    252574,    000h 00m 01.631s,    000h 04m 12.574s
153,    1732,    254306,    000h 00m 01.732s,    000h 04m 14.306s
154,    1736,    256042,    000h 00m 01.736s,    000h 04m 16.042s
155,    1694,    257736,    000h 00m 01.694s,    000h 04m 17.736s
156,    1669,    259405,    000h 00m 01.669s,    000h 04m 19.405s
157,    1646,    261051,    000h 00m 01.646s,    000h 04m 21.051s
158,    1558,    262609,    000h 00m 01.558s,    000h 04m 22.609s
159,    1635,    264244,    000h 00m 01.635s,    000h 04m 24.244s
160,    1648,    265892,    000h 00m 01.648s,    000h 04m 25.892s
161,    1732,    267624,    000h 00m 01.732s,    000h 04m 27.624s
162,    1339,    268963,    000h 00m 01.339s,    000h 04m 28.963s
163,    1742,    270705,    000h 00m 01.742s,    000h 04m 30.705s
164,    1620,    272325,    000h 00m 01.620s,    000h 04m 32.325s
165,    1733,    274058,    000h 00m 01.733s,    000h 04m 34.058s
166,    1370,    275428,    000h 00m 01.370s,    000h 04m 35.428s
167,    1597,    277025,    000h 00m 01.597s,    000h 04m 37.025s
168,    1744,    278769,    000h 00m 01.744s,    000h 04m 38.769s
169,    1648,    280417,    000h 00m 01.648s,    000h 04m 40.417s
170,    1614,    282031,    000h 00m 01.614s,    000h 04m 42.031s
171,    1674,    283705,    000h 00m 01.674s,    000h 04m 43.705s
172,    1585,    285290,    000h 00m 01.585s,    000h 04m 45.290s
173,    1574,    286864,    000h 00m 01.574s,    000h 04m 46.864s
174,    1699,    288563,    000h 00m 01.699s,    000h 04m 48.563s
175,    1753,    290316,    000h 00m 01.753s,    000h 04m 50.316s
176,    1700,    292016,    000h 00m 01.700s,    000h 04m 52.016s
177,    1386,    293402,    000h 00m 01.386s,    000h 04m 53.402s
178,    1436,    294838,    000h 00m 01.436s,    000h 04m 54.838s
179,    1570,    296408,    000h 00m 01.570s,    000h 04m 56.408s
180,    1719,    298127,    000h 00m 01.719s,    000h 04m 58.127s
181,    1580,    299707,    000h 00m 01.580s,    000h 04m 59.707s
182,    1600,    301307,    000h 00m 01.600s,    000h 05m 01.307s
183,    1338,    302645,    000h 00m 01.338s,    000h 05m 02.645s
184,    1582,    304227,    000h 00m 01.582s,    000h 05m 04.227s
185,    1539,    305766,    000h 00m 01.539s,    000h 05m 05.766s
186,    1713,    307479,    000h 00m 01.713s,    000h 05m 07.479s
187,    1655,    309134,    000h 00m 01.655s,    000h 05m 09.134s
188,    1533,    310667,    000h 00m 01.533s,    000h 05m 10.667s
189,    1759,    312426,    000h 00m 01.759s,    000h 05m 12.426s
190,    1691,    314117,    000h 00m 01.691s,    000h 05m 14.117s
191,    1709,    315826,    000h 00m 01.709s,    000h 05m 15.826s
192,    1745,    317571,    000h 00m 01.745s,    000h 05m 17.571s
193,    1580,    319151,    000h 00m 01.580s,    000h 05m 19.151s
194,    1581,    320732,    000h 00m 01.581s,    000h 05m 20.732s
195,    1431,    322163,    000h 00m 01.431s,    000h 05m 22.163s
196,    1589,    323752,    000h 00m 01.589s,    000h 05m 23.752s
197,    1549,    325301,    000h 00m 01.549s,    000h 05m 25.301s
198,    1611,    326912,    000h 00m 01.611s,    000h 05m 26.912s
199,    1549,    328461,    000h 00m 01.549s,    000h 05m 28.461s
200,    1647,    330108,    000h 00m 01.647s,    000h 05m 30.108s
201,    1559,    331667,    000h 00m 01.559s,    000h 05m 31.667s
202,    1672,    333339,    000h 00m 01.672s,    000h 05m 33.339s
203,    1730,    335069,    000h 00m 01.730s,    000h 05m 35.069s
204,    1469,    336538,    000h 00m 01.469s,    000h 05m 36.538s
205,    1637,    338175,    000h 00m 01.637s,    000h 05m 38.175s
206,    1751,    339926,    000h 00m 01.751s,    000h 05m 39.926s
207,    1712,    341638,    000h 00m 01.712s,    000h 05m 41.638s
208,    1682,    343320,    000h 00m 01.682s,    000h 05m 43.320s
209,    1603,    344923,    000h 00m 01.603s,    000h 05m 44.923s
210,    1702,    346625,    000h 00m 01.702s,    000h 05m 46.625s
211,    1683,    348308,    000h 00m 01.683s,    000h 05m 48.308s
212,    1673,    349981,    000h 00m 01.673s,    000h 05m 49.981s
213,    1569,    351550,    000h 00m 01.569s,    000h 05m 51.550s
214,    1697,    353247,    000h 00m 01.697s,    000h 05m 53.247s
215,    1611,    354858,    000h 00m 01.611s,    000h 05m 54.858s
216,    1731,    356589,    000h 00m 01.731s,    000h 05m 56.589s
217,    1675,    358264,    000h 00m 01.675s,    000h 05m 58.264s
218,    1752,    360016,    000h 00m 01.752s,    000h 06m 00.016s
219,    1537,    361553,    000h 00m 01.537s,    000h 06m 01.553s
220,    1676,    363229,    000h 00m 01.676s,    000h 06m 03.229s
221,    1761,    364990,    000h 00m 01.761s,    000h 06m 04.990s
222,    1696,    366686,    000h 00m 01.696s,    000h 06m 06.686s
223,    1748,    368434,    000h 00m 01.748s,    000h 06m 08.434s
224,    1646,    370080,    000h 00m 01.646s,    000h 06m 10.080s
225,    1665,    371745,    000h 00m 01.665s,    000h 06m 11.745s
226,    1314,    373059,    000h 00m 01.314s,    000h 06m 13.059s
227,    1577,    374636,    000h 00m 01.577s,    000h 06m 14.636s
228,    1720,    376356,    000h 00m 01.720s,    000h 06m 16.356s
229,    1743,    378099,    000h 00m 01.743s,    000h 06m 18.099s
230,    1567,    379666,    000h 00m 01.567s,    000h 06m 19.666s
231,    1683,    381349,    000h 00m 01.683s,    000h 06m 21.349s
232,    1656,    383005,    000h 00m 01.656s,    000h 06m 23.005s
233,    1616,    384621,    000h 00m 01.616s,    000h 06m 24.621s
234,    1576,    386197,    000h 00m 01.576s,    000h 06m 26.197s
235,    1422,    387619,    000h 00m 01.422s,    000h 06m 27.619s
236,    1756,    389375,    000h 00m 01.756s,    000h 06m 29.375s
237,    1783,    391158,    000h 00m 01.783s,    000h 06m 31.158s
238,    1749,    392907,    000h 00m 01.749s,    000h 06m 32.907s
239,    1741,    394648,    000h 00m 01.741s,    000h 06m 34.648s
240,    1618,    396266,    000h 00m 01.618s,    000h 06m 36.266s
241,    1607,    397873,    000h 00m 01.607s,    000h 06m 37.873s
242,    1763,    399636,    000h 00m 01.763s,    000h 06m 39.636s
243,    1693,    401329,    000h 00m 01.693s,    000h 06m 41.329s
244,    1687,    403016,    000h 00m 01.687s,    000h 06m 43.016s
245,    1618,    404634,    000h 00m 01.618s,    000h 06m 44.634s
246,    1539,    406173,    000h 00m 01.539s,    000h 06m 46.173s
247,    1549,    407722,    000h 00m 01.549s,    000h 06m 47.722s
248,    1744,    409466,    000h 00m 01.744s,    000h 06m 49.466s
249,    1596,    411062,    000h 00m 01.596s,    000h 06m 51.062s
250,    1368,    412430,    000h 00m 01.368s,    000h 06m 52.430s
251,    1721,    414151,    000h 00m 01.721s,    000h 06m 54.151s
252,    1654,    415805,    000h 00m 01.654s,    000h 06m 55.805s
253,    1715,    417520,    000h 00m 01.715s,    000h 06m 57.520s
254,    1605,    419125,    000h 00m 01.605s,    000h 06m 59.125s
255,    1536,    420661,    000h 00m 01.536s,    000h 07m 00.661s
256,    1558,    422219,    000h 00m 01.558s,    000h 07m 02.219s
257,    1642,    423861,    000h 00m 01.642s,    000h 07m 03.861s
258,    1747,    425608,    000h 00m 01.747s,    000h 07m 05.608s
259,    1700,    427308,    000h 00m 01.700s,    000h 07m 07.308s
260,    1318,    428626,    000h 00m 01.318s,    000h 07m 08.626s
261,    1717,    430343,    000h 00m 01.717s,    000h 07m 10.343s
262,    1716,    432059,    000h 00m 01.716s,    000h 07m 12.059s
263,    1565,    433624,    000h 00m 01.565s,    000h 07m 13.624s
264,    1728,    435352,    000h 00m 01.728s,    000h 07m 15.352s
265,    1324,    436676,    000h 00m 01.324s,    000h 07m 16.676s
266,    1656,    438332,    000h 00m 01.656s,    000h 07m 18.332s
267,    1568,    439900,    000h 00m 01.568s,    000h 07m 19.900s
268,    1486,    441386,    000h 00m 01.486s,    000h 07m 21.386s
269,    1706,    443092,    000h 00m 01.706s,    000h 07m 23.092s
270,    1541,    444633,    000h 00m 01.541s,    000h 07m 24.633s
271,    1705,    446338,    000h 00m 01.705s,    000h 07m 26.338s
272,    1539,    447877,    000h 00m 01.539s,    000h 07m 27.877s
273,    1629,    449506,    000h 00m 01.629s,    000h 07m 29.506s
274,    1551,    451057,    000h 00m 01.551s,    000h 07m 31.057s
275,    1722,    452779,    000h 00m 01.722s,    000h 07m 32.779s
276,    1706,    454485,    000h 00m 01.706s,    000h 07m 34.485s
277,    1640,    456125,    000h 00m 01.640s,    000h 07m 36.125s
278,    1794,    457919,    000h 00m 01.794s,    000h 07m 37.919s
279,    1623,    459542,    000h 00m 01.623s,    000h 07m 39.542s
280,    1741,    461283,    000h 00m 01.741s,    000h 07m 41.283s
281,    1625,    462908,    000h 00m 01.625s,    000h 07m 42.908s
282,    1603,    464511,    000h 00m 01.603s,    000h 07m 44.511s
283,    1617,    466128,    000h 00m 01.617s,    000h 07m 46.128s
284,    1721,    467849,    000h 00m 01.721s,    000h 07m 47.849s
285,    1739,    469588,    000h 00m 01.739s,    000h 07m 49.588s
286,    1622,    471210,    000h 00m 01.622s,    000h 07m 51.210s
287,    1559,    472769,    000h 00m 01.559s,    000h 07m 52.769s
288,    1527,    474296,    000h 00m 01.527s,    000h 07m 54.296s
289,    1761,    476057,    000h 00m 01.761s,    000h 07m 56.057s
290,    1701,    477758,    000h 00m 01.701s,    000h 07m 57.758s
291,    1691,    479449,    000h 00m 01.691s,    000h 07m 59.449s
292,    1730,    481179,    000h 00m 01.730s,    000h 08m 01.179s
293,    1527,    482706,    000h 00m 01.527s,    000h 08m 02.706s
294,    1699,    484405,    000h 00m 01.699s,    000h 08m 04.405s
295,    1716,    486121,    000h 00m 01.716s,    000h 08m 06.121s
296,    1750,    487871,    000h 00m 01.750s,    000h 08m 07.871s
297,    1662,    489533,    000h 00m 01.662s,    000h 08m 09.533s
298,    1707,    491240,    000h 00m 01.707s,    000h 08m 11.240s
299,    1640,    492880,    000h 00m 01.640s,    000h 08m 12.880s
300,    1564,    494444,    000h 00m 01.564s,    000h 08m 14.444s
301,    1742,    496186,    000h 00m 01.742s,    000h 08m 16.186s
302,    1554,    497740,    000h 00m 01.554s,    000h 08m 17.740s
303,    1756,    499496,    000h 00m 01.756s,    000h 08m 19.496s
304,    1721,    501217,    000h 00m 01.721s,    000h 08m 21.217s
305,    1664,    502881,    000h 00m 01.664s,    000h 08m 22.881s
306,    1720,    504601,    000h 00m 01.720s,    000h 08m 24.601s
307,    1560,    506161,    000h 00m 01.560s,    000h 08m 26.161s
308,    1773,    507934,    000h 00m 01.773s,    000h 08m 27.934s
309,    1757,    509691,    000h 00m 01.757s,    000h 08m 29.691s
310,    1517,    511208,    000h 00m 01.517s,    000h 08m 31.208s
311,    1567,    512775,    000h 00m 01.567s,    000h 08m 32.775s
312,    1530,    514305,    000h 00m 01.530s,    000h 08m 34.305s
313,    1703,    516008,    000h 00m 01.703s,    000h 08m 36.008s
314,    1717,    517725,    000h 00m 01.717s,    000h 08m 37.725s
315,    1573,    519298,    000h 00m 01.573s,    000h 08m 39.298s
316,    1734,    521032,    000h 00m 01.734s,    000h 08m 41.032s
317,    1703,    522735,    000h 00m 01.703s,    000h 08m 42.735s
318,    1750,    524485,    000h 00m 01.750s,    000h 08m 44.485s
319,    1538,    526023,    000h 00m 01.538s,    000h 08m 46.023s
320,    1612,    527635,    000h 00m 01.612s,    000h 08m 47.635s
321,    1548,    529183,    000h 00m 01.548s,    000h 08m 49.183s
322,    1579,    530762,    000h 00m 01.579s,    000h 08m 50.762s
323,    1719,    532481,    000h 00m 01.719s,    000h 08m 52.481s
324,    1482,    533963,    000h 00m 01.482s,    000h 08m 53.963s
325,    1619,    535582,    000h 00m 01.619s,    000h 08m 55.582s
326,    1624,    537206,    000h 00m 01.624s,    000h 08m 57.206s
327,    1694,    538900,    000h 00m 01.694s,    000h 08m 58.900s
328,    1591,    540491,    000h 00m 01.591s,    000h 09m 00.491s
329,    1648,    542139,    000h 00m 01.648s,    000h 09m 02.139s
330,    1723,    543862,    000h 00m 01.723s,    000h 09m 03.862s
331,    1554,    545416,    000h 00m 01.554s,    000h 09m 05.416s
332,    1740,    547156,    000h 00m 01.740s,    000h 09m 07.156s
333,    1607,    548763,    000h 00m 01.607s,    000h 09m 08.763s
334,    1688,    550451,    000h 00m 01.688s,    000h 09m 10.451s
335,    1752,    552203,    000h 00m 01.752s,    000h 09m 12.203s
336,    1559,    553762,    000h 00m 01.559s,    000h 09m 13.762s
337,    1694,    555456,    000h 00m 01.694s,    000h 09m 15.456s
338,    1726,    557182,    000h 00m 01.726s,    000h 09m 17.182s
339,    1607,    558789,    000h 00m 01.607s,    000h 09m 18.789s
340,    1590,    560379,    000h 00m 01.590s,    000h 09m 20.379s
341,    1607,    561986,    000h 00m 01.607s,    000h 09m 21.986s
342,    1379,    563365,    000h 00m 01.379s,    000h 09m 23.365s
343,    1597,    564962,    000h 00m 01.597s,    000h 09m 24.962s
344,    1652,    566614,    000h 00m 01.652s,    000h 09m 26.614s
345,    1706,    568320,    000h 00m 01.706s,    000h 09m 28.320s
346,    1381,    569701,    000h 00m 01.381s,    000h 09m 29.701s
347,    1591,    571292,    000h 00m 01.591s,    000h 09m 31.292s
348,    1733,    573025,    000h 00m 01.733s,    000h 09m 33.025s
349,    1732,    574757,    000h 00m 01.732s,    000h 09m 34.757s
350,    1533,    576290,    000h 00m 01.533s,    000h 09m 36.290s
351,    1779,    578069,    000h 00m 01.779s,    000h 09m 38.069s
352,    1677,    579746,    000h 00m 01.677s,    000h 09m 39.746s
353,    1704,    581450,    000h 00m 01.704s,    000h 09m 41.450s
354,    1682,    583132,    000h 00m 01.682s,    000h 09m 43.132s
355,    1654,    584786,    000h 00m 01.654s,    000h 09m 44.786s
356,    1614,    586400,    000h 00m 01.614s,    000h 09m 46.400s
357,    1744,    588144,    000h 00m 01.744s,    000h 09m 48.144s
358,    1693,    589837,    000h 00m 01.693s,    000h 09m 49.837s
359,    1687,    591524,    000h 00m 01.687s,    000h 09m 51.524s
360,    1763,    593287,    000h 00m 01.763s,    000h 09m 53.287s
361,    1689,    594976,    000h 00m 01.689s,    000h 09m 54.976s
362,    1726,    596702,    000h 00m 01.726s,    000h 09m 56.702s
363,    1622,    598324,    000h 00m 01.622s,    000h 09m 58.324s
364,    1573,    599897,    000h 00m 01.573s,    000h 09m 59.897s
365,    1554,    601451,    000h 00m 01.554s,    000h 10m 01.451s
366,    1349,    602800,    000h 00m 01.349s,    000h 10m 02.800s
367,    1635,    604435,    000h 00m 01.635s,    000h 10m 04.435s
368,    1739,    606174,    000h 00m 01.739s,    000h 10m 06.174s
369,    1755,    607929,    000h 00m 01.755s,    000h 10m 07.929s
370,    1699,    609628,    000h 00m 01.699s,    000h 10m 09.628s
371,    1718,    611346,    000h 00m 01.718s,    000h 10m 11.346s
372,    1721,    613067,    000h 00m 01.721s,    000h 10m 13.067s
373,    1441,    614508,    000h 00m 01.441s,    000h 10m 14.508s
374,    1546,    616054,    000h 00m 01.546s,    000h 10m 16.054s
375,    1649,    617703,    000h 00m 01.649s,    000h 10m 17.703s
376,    1727,    619430,    000h 00m 01.727s,    000h 10m 19.430s
377,    1717,    621147,    000h 00m 01.717s,    000h 10m 21.147s
378,    1604,    622751,    000h 00m 01.604s,    000h 10m 22.751s
379,    1572,    624323,    000h 00m 01.572s,    000h 10m 24.323s
380,    1587,    625910,    000h 00m 01.587s,    000h 10m 25.910s
381,    1549,    627459,    000h 00m 01.549s,    000h 10m 27.459s
382,    1771,    629230,    000h 00m 01.771s,    000h 10m 29.230s
383,    1674,    630904,    000h 00m 01.674s,    000h 10m 30.904s
384,    1743,    632647,    000h 00m 01.743s,    000h 10m 32.647s
385,    1612,    634259,    000h 00m 01.612s,    000h 10m 34.259s
386,    1668,    635927,    000h 00m 01.668s,    000h 10m 35.927s
387,    1770,    637697,    000h 00m 01.770s,    000h 10m 37.697s
388,    1702,    639399,    000h 00m 01.702s,    000h 10m 39.399s
389,    1649,    641048,    000h 00m 01.649s,    000h 10m 41.048s
390,    1667,    642715,    000h 00m 01.667s,    000h 10m 42.715s
391,    1728,    644443,    000h 00m 01.728s,    000h 10m 44.443s
392,    1592,    646035,    000h 00m 01.592s,    000h 10m 46.035s
393,    1577,    647612,    000h 00m 01.577s,    000h 10m 47.612s
394,    1652,    649264,    000h 00m 01.652s,    000h 10m 49.264s
395,    1651,    650915,    000h 00m 01.651s,    000h 10m 50.915s
396,    1583,    652498,    000h 00m 01.583s,    000h 10m 52.498s
397,    1723,    654221,    000h 00m 01.723s,    000h 10m 54.221s
398,    1744,    655965,    000h 00m 01.744s,    000h 10m 55.965s
399,    1668,    657633,    000h 00m 01.668s,    000h 10m 57.633s
400,    1720,    659353,    000h 00m 01.720s,    000h 10m 59.353s
401,    1604,    660957,    000h 00m 01.604s,    000h 11m 00.957s
402,    1553,    662510,    000h 00m 01.553s,    000h 11m 02.510s
403,    1374,    663884,    000h 00m 01.374s,    000h 11m 03.884s
404,    1695,    665579,    000h 00m 01.695s,    000h 11m 05.579s
405,    1764,    667343,    000h 00m 01.764s,    000h 11m 07.343s
406,    1548,    668891,    000h 00m 01.548s,    000h 11m 08.891s
407,    1580,    670471,    000h 00m 01.580s,    000h 11m 10.471s
408,    1725,    672196,    000h 00m 01.725s,    000h 11m 12.196s
409,    1736,    673932,    000h 00m 01.736s,    000h 11m 13.932s
410,    1634,    675566,    000h 00m 01.634s,    000h 11m 15.566s
411,    1547,    677113,    000h 00m 01.547s,    000h 11m 17.113s
412,    1539,    678652,    000h 00m 01.539s,    000h 11m 18.652s
413,    1576,    680228,    000h 00m 01.576s,    000h 11m 20.228s
414,    1565,    681793,    000h 00m 01.565s,    000h 11m 21.793s
415,    1674,    683467,    000h 00m 01.674s,    000h 11m 23.467s
416,    1711,    685178,    000h 00m 01.711s,    000h 11m 25.178s
417,    1553,    686731,    000h 00m 01.553s,    000h 11m 26.731s
418,    1677,    688408,    000h 00m 01.677s,    000h 11m 28.408s
419,    1644,    690052,    000h 00m 01.644s,    000h 11m 30.052s
420,    1630,    691682,    000h 00m 01.630s,    000h 11m 31.682s
421,    1727,    693409,    000h 00m 01.727s,    000h 11m 33.409s
422,    1687,    695096,    000h 00m 01.687s,    000h 11m 35.096s
423,    1766,    696862,    000h 00m 01.766s,    000h 11m 36.862s
424,    1744,    698606,    000h 00m 01.744s,    000h 11m 38.606s
425,    1713,    700319,    000h 00m 01.713s,    000h 11m 40.319s
426,    1729,    702048,    000h 00m 01.729s,    000h 11m 42.048s
427,    1753,    703801,    000h 00m 01.753s,    000h 11m 43.801s
428,    1664,    705465,    000h 00m 01.664s,    000h 11m 45.465s
429,    1336,    706801,    000h 00m 01.336s,    000h 11m 46.801s
430,    1724,    708525,    000h 00m 01.724s,    000h 11m 48.525s
431,    1748,    710273,    000h 00m 01.748s,    000h 11m 50.273s
432,    1573,    711846,    000h 00m 01.573s,    000h 11m 51.846s
433,    1734,    713580,    000h 00m 01.734s,    000h 11m 53.580s
434,    1747,    715327,    000h 00m 01.747s,    000h 11m 55.327s
435,    1575,    716902,    000h 00m 01.575s,    000h 11m 56.902s
436,    1755,    718657,    000h 00m 01.755s,    000h 11m 58.657s
437,    1519,    720176,    000h 00m 01.519s,    000h 12m 00.176s
438,    1746,    721922,    000h 00m 01.746s,    000h 12m 01.922s
439,    1744,    723666,    000h 00m 01.744s,    000h 12m 03.666s
440,    1699,    725365,    000h 00m 01.699s,    000h 12m 05.365s
441,    1570,    726935,    000h 00m 01.570s,    000h 12m 06.935s
442,    1637,    728572,    000h 00m 01.637s,    000h 12m 08.572s
443,    1751,    730323,    000h 00m 01.751s,    000h 12m 10.323s
444,    1736,    732059,    000h 00m 01.736s,    000h 12m 12.059s
445,    1575,    733634,    000h 00m 01.575s,    000h 12m 13.634s
446,    1758,    735392,    000h 00m 01.758s,    000h 12m 15.392s
447,    1600,    736992,    000h 00m 01.600s,    000h 12m 16.992s
448,    1749,    738741,    000h 00m 01.749s,    000h 12m 18.741s
449,    1757,    740498,    000h 00m 01.757s,    000h 12m 20.498s
450,    1688,    742186,    000h 00m 01.688s,    000h 12m 22.186s
451,    1665,    743851,    000h 00m 01.665s,    000h 12m 23.851s
452,    1776,    745627,    000h 00m 01.776s,    000h 12m 25.627s
453,    1595,    747222,    000h 00m 01.595s,    000h 12m 27.222s
454,    1754,    748976,    000h 00m 01.754s,    000h 12m 28.976s
455,    1570,    750546,    000h 00m 01.570s,    000h 12m 30.546s
456,    1760,    752306,    000h 00m 01.760s,    000h 12m 32.306s
457,    1556,    753862,    000h 00m 01.556s,    000h 12m 33.862s
458,    1571,    755433,    000h 00m 01.571s,    000h 12m 35.433s
459,    1775,    757208,    000h 00m 01.775s,    000h 12m 37.208s
460,    1692,    758900,    000h 00m 01.692s,    000h 12m 38.900s
461,    1580,    760480,    000h 00m 01.580s,    000h 12m 40.480s
462,    1682,    762162,    000h 00m 01.682s,    000h 12m 42.162s
463,    1735,    763897,    000h 00m 01.735s,    000h 12m 43.897s
464,    1686,    765583,    000h 00m 01.686s,    000h 12m 45.583s
465,    1769,    767352,    000h 00m 01.769s,    000h 12m 47.352s
466,    1730,    769082,    000h 00m 01.730s,    000h 12m 49.082s
467,    1670,    770752,    000h 00m 01.670s,    000h 12m 50.752s
468,    1670,    772422,    000h 00m 01.670s,    000h 12m 52.422s
469,    1752,    774174,    000h 00m 01.752s,    000h 12m 54.174s
470,    1602,    775776,    000h 00m 01.602s,    000h 12m 55.776s
471,    1690,    777466,    000h 00m 01.690s,    000h 12m 57.466s
472,    1652,    779118,    000h 00m 01.652s,    000h 12m 59.118s
473,    1581,    780699,    000h 00m 01.581s,    000h 13m 00.699s
474,    1609,    782308,    000h 00m 01.609s,    000h 13m 02.308s
475,    1553,    783861,    000h 00m 01.553s,    000h 13m 03.861s
476,    1613,    785474,    000h 00m 01.613s,    000h 13m 05.474s
477,    1774,    787248,    000h 00m 01.774s,    000h 13m 07.248s
478,    1610,    788858,    000h 00m 01.610s,    000h 13m 08.858s
479,    1740,    790598,    000h 00m 01.740s,    000h 13m 10.598s
480,    1691,    792289,    000h 00m 01.691s,    000h 13m 12.289s
481,    1620,    793909,    000h 00m 01.620s,    000h 13m 13.909s
482,    1595,    795504,    000h 00m 01.595s,    000h 13m 15.504s
483,    1626,    797130,    000h 00m 01.626s,    000h 13m 17.130s
484,    1650,    798780,    000h 00m 01.650s,    000h 13m 18.780s
485,    1694,    800474,    000h 00m 01.694s,    000h 13m 20.474s
486,    1675,    802149,    000h 00m 01.675s,    000h 13m 22.149s
487,    1583,    803732,    000h 00m 01.583s,    000h 13m 23.732s
488,    1635,    805367,    000h 00m 01.635s,    000h 13m 25.367s
489,    1607,    806974,    000h 00m 01.607s,    000h 13m 26.974s
490,    1665,    808639,    000h 00m 01.665s,    000h 13m 28.639s
491,    1578,    810217,    000h 00m 01.578s,    000h 13m 30.217s
492,    1561,    811778,    000h 00m 01.561s,    000h 13m 31.778s
493,    1575,    813353,    000h 00m 01.575s,    000h 13m 33.353s
494,    1537,    814890,    000h 00m 01.537s,    000h 13m 34.890s
495,    1673,    816563,    000h 00m 01.673s,    000h 13m 36.563s
496,    1679,    818242,    000h 00m 01.679s,    000h 13m 38.242s
497,    1625,    819867,    000h 00m 01.625s,    000h 13m 39.867s
498,    1607,    821474,    000h 00m 01.607s,    000h 13m 41.474s
499,    1767,    823241,    000h 00m 01.767s,    000h 13m 43.241s
500,    1668,    824909,    000h 00m 01.668s,    000h 13m 44.909s
501,    1630,    826539,    000h 00m 01.630s,    000h 13m 46.539s
502,    1615,    828154,    000h 00m 01.615s,    000h 13m 48.154s
503,    1745,    829899,    000h 00m 01.745s,    000h 13m 49.899s
504,    1629,    831528,    000h 00m 01.629s,    000h 13m 51.528s
505,    1695,    833223,    000h 00m 01.695s,    000h 13m 53.223s
506,    1721,    834944,    000h 00m 01.721s,    000h 13m 54.944s
507,    1714,    836658,    000h 00m 01.714s,    000h 13m 56.658s
508,    1679,    838337,    000h 00m 01.679s,    000h 13m 58.337s
509,    1324,    839661,    000h 00m 01.324s,    000h 13m 59.661s
510,    1718,    841379,    000h 00m 01.718s,    000h 14m 01.379s
511,    1615,    842994,    000h 00m 01.615s,    000h 14m 02.994s
512,    1721,    844715,    000h 00m 01.721s,    000h 14m 04.715s
513,    1678,    846393,    000h 00m 01.678s,    000h 14m 06.393s
514,    1710,    848103,    000h 00m 01.710s,    000h 14m 08.103s
515,    1566,    849669,    000h 00m 01.566s,    000h 14m 09.669s
516,    1703,    851372,    000h 00m 01.703s,    000h 14m 11.372s
517,    1722,    853094,    000h 00m 01.722s,    000h 14m 13.094s
518,    1557,    854651,    000h 00m 01.557s,    000h 14m 14.651s
519,    1597,    856248,    000h 00m 01.597s,    000h 14m 16.248s
520,    1546,    857794,    000h 00m 01.546s,    000h 14m 17.794s
521,    1739,    859533,    000h 00m 01.739s,    000h 14m 19.533s
522,    1361,    860894,    000h 00m 01.361s,    000h 14m 20.894s
523,    1719,    862613,    000h 00m 01.719s,    000h 14m 22.613s
524,    1624,    864237,    000h 00m 01.624s,    000h 14m 24.237s
525,    1627,    865864,    000h 00m 01.627s,    000h 14m 25.864s
526,    1698,    867562,    000h 00m 01.698s,    000h 14m 27.562s
527,    1587,    869149,    000h 00m 01.587s,    000h 14m 29.149s
528,    1586,    870735,    000h 00m 01.586s,    000h 14m 30.735s
529,    1661,    872396,    000h 00m 01.661s,    000h 14m 32.396s
530,    1776,    874172,    000h 00m 01.776s,    000h 14m 34.172s
531,    1591,    875763,    000h 00m 01.591s,    000h 14m 35.763s
532,    1733,    877496,    000h 00m 01.733s,    000h 14m 37.496s
533,    1554,    879050,    000h 00m 01.554s,    000h 14m 39.050s
534,    1698,    880748,    000h 00m 01.698s,    000h 14m 40.748s
535,    1737,    882485,    000h 00m 01.737s,    000h 14m 42.485s
536,    1746,    884231,    000h 00m 01.746s,    000h 14m 44.231s
537,    1653,    885884,    000h 00m 01.653s,    000h 14m 45.884s
538,    1713,    887597,    000h 00m 01.713s,    000h 14m 47.597s
539,    1732,    889329,    000h 00m 01.732s,    000h 14m 49.329s
540,    1721,    891050,    000h 00m 01.721s,    000h 14m 51.050s
541,    1710,    892760,    000h 00m 01.710s,    000h 14m 52.760s
542,    1752,    894512,    000h 00m 01.752s,    000h 14m 54.512s
543,    1689,    896201,    000h 00m 01.689s,    000h 14m 56.201s
544,    1740,    897941,    000h 00m 01.740s,    000h 14m 57.941s
545,    1635,    899576,    000h 00m 01.635s,    000h 14m 59.576s
546,    1731,    901307,    000h 00m 01.731s,    000h 15m 01.307s
547,    1345,    902652,    000h 00m 01.345s,    000h 15m 02.652s
548,    1738,    904390,    000h 00m 01.738s,    000h 15m 04.390s
549,    1803,    906193,    000h 00m 01.803s,    000h 15m 06.193s
550,    1659,    907852,    000h 00m 01.659s,    000h 15m 07.852s
551,    1700,    909552,    000h 00m 01.700s,    000h 15m 09.552s
552,    1720,    911272,    000h 00m 01.720s,    000h 15m 11.272s
553,    1647,    912919,    000h 00m 01.647s,    000h 15m 12.919s
554,    1755,    914674,    000h 00m 01.755s,    000h 15m 14.674s
555,    1569,    916243,    000h 00m 01.569s,    000h 15m 16.243s
556,    1606,    917849,    000h 00m 01.606s,    000h 15m 17.849s
557,    1721,    919570,    000h 00m 01.721s,    000h 15m 19.570s
558,    1788,    921358,    000h 00m 01.788s,    000h 15m 21.358s
559,    1725,    923083,    000h 00m 01.725s,    000h 15m 23.083s
560,    1556,    924639,    000h 00m 01.556s,    000h 15m 24.639s
561,    1720,    926359,    000h 00m 01.720s,    000h 15m 26.359s
562,    1366,    927725,    000h 00m 01.366s,    000h 15m 27.725s
563,    1746,    929471,    000h 00m 01.746s,    000h 15m 29.471s
564,    1626,    931097,    000h 00m 01.626s,    000h 15m 31.097s
565,    1718,    932815,    000h 00m 01.718s,    000h 15m 32.815s
566,    1642,    934457,    000h 00m 01.642s,    000h 15m 34.457s
567,    1773,    936230,    000h 00m 01.773s,    000h 15m 36.230s
568,    1726,    937956,    000h 00m 01.726s,    000h 15m 37.956s
569,    1665,    939621,    000h 00m 01.665s,    000h 15m 39.621s
570,    1607,    941228,    000h 00m 01.607s,    000h 15m 41.228s
571,    1598,    942826,    000h 00m 01.598s,    000h 15m 42.826s
572,    1694,    944520,    000h 00m 01.694s,    000h 15m 44.520s
573,    1652,    946172,    000h 00m 01.652s,    000h 15m 46.172s
574,    1717,    947889,    000h 00m 01.717s,    000h 15m 47.889s
575,    1514,    949403,    000h 00m 01.514s,    000h 15m 49.403s
576,    1743,    951146,    000h 00m 01.743s,    000h 15m 51.146s
577,    1757,    952903,    000h 00m 01.757s,    000h 15m 52.903s
578,    1762,    954665,    000h 00m 01.762s,    000h 15m 54.665s
579,    1784,    956449,    000h 00m 01.784s,    000h 15m 56.449s
580,    1647,    958096,    000h 00m 01.647s,    000h 15m 58.096s
581,    1542,    959638,    000h 00m 01.542s,    000h 15m 59.638s
582,    1749,    961387,    000h 00m 01.749s,    000h 16m 01.387s
583,    1695,    963082,    000h 00m 01.695s,    000h 16m 03.082s
584,    1740,    964822,    000h 00m 01.740s,    000h 16m 04.822s
585,    1719,    966541,    000h 00m 01.719s,    000h 16m 06.541s
586,    1731,    968272,    000h 00m 01.731s,    000h 16m 08.272s
587,    1533,    969805,    000h 00m 01.533s,    000h 16m 09.805s
588,    1720,    971525,    000h 00m 01.720s,    000h 16m 11.525s
589,    1714,    973239,    000h 00m 01.714s,    000h 16m 13.239s
590,    1390,    974629,    000h 00m 01.390s,    000h 16m 14.629s
591,    1541,    976170,    000h 00m 01.541s,    000h 16m 16.170s
592,    1603,    977773,    000h 00m 01.603s,    000h 16m 17.773s
593,    1694,    979467,    000h 00m 01.694s,    000h 16m 19.467s
594,    1704,    981171,    000h 00m 01.704s,    000h 16m 21.171s
595,    1302,    982473,    000h 00m 01.302s,    000h 16m 22.473s
596,    1704,    984177,    000h 00m 01.704s,    000h 16m 24.177s
597,    1777,    985954,    000h 00m 01.777s,    000h 16m 25.954s
598,    1620,    987574,    000h 00m 01.620s,    000h 16m 27.574s
599,    1668,    989242,    000h 00m 01.668s,    000h 16m 29.242s
600,    1741,    990983,    000h 00m 01.741s,    000h 16m 30.983s
601,    1736,    992719,    000h 00m 01.736s,    000h 16m 32.719s
602,    1348,    994067,    000h 00m 01.348s,    000h 16m 34.067s
603,    1753,    995820,    000h 00m 01.753s,    000h 16m 35.820s
604,    1590,    997410,    000h 00m 01.590s,    000h 16m 37.410s
605,    1788,    999198,    000h 00m 01.788s,    000h 16m 39.198s
606,    1571,    1000769,    000h 00m 01.571s,    000h 16m 40.769s
607,    1644,    1002413,    000h 00m 01.644s,    000h 16m 42.413s
608,    1325,    1003738,    000h 00m 01.325s,    000h 16m 43.738s
609,    1711,    1005449,    000h 00m 01.711s,    000h 16m 45.449s
610,    1718,    1007167,    000h 00m 01.718s,    000h 16m 47.167s
611,    1724,    1008891,    000h 00m 01.724s,    000h 16m 48.891s
612,    1784,    1010675,    000h 00m 01.784s,    000h 16m 50.675s
613,    1733,    1012408,    000h 00m 01.733s,    000h 16m 52.408s
614,    1743,    1014151,    000h 00m 01.743s,    000h 16m 54.151s
615,    1526,    1015677,    000h 00m 01.526s,    000h 16m 55.677s
616,    1589,    1017266,    000h 00m 01.589s,    000h 16m 57.266s
617,    1734,    1019000,    000h 00m 01.734s,    000h 16m 59.000s
618,    1739,    1020739,    000h 00m 01.739s,    000h 17m 00.739s
619,    1736,    1022475,    000h 00m 01.736s,    000h 17m 02.475s
620,    1623,    1024098,    000h 00m 01.623s,    000h 17m 04.098s
621,    1593,    1025691,    000h 00m 01.593s,    000h 17m 05.691s
622,    1706,    1027397,    000h 00m 01.706s,    000h 17m 07.397s
623,    1577,    1028974,    000h 00m 01.577s,    000h 17m 08.974s
624,    1726,    1030700,    000h 00m 01.726s,    000h 17m 10.700s
625,    1555,    1032255,    000h 00m 01.555s,    000h 17m 12.255s
626,    1732,    1033987,    000h 00m 01.732s,    000h 17m 13.987s
627,    1667,    1035654,    000h 00m 01.667s,    000h 17m 15.654s
628,    1623,    1037277,    000h 00m 01.623s,    000h 17m 17.277s
629,    1712,    1038989,    000h 00m 01.712s,    000h 17m 18.989s
630,    1761,    1040750,    000h 00m 01.761s,    000h 17m 20.750s
631,    1656,    1042406,    000h 00m 01.656s,    000h 17m 22.406s
632,    1571,    1043977,    000h 00m 01.571s,    000h 17m 23.977s
633,    1721,    1045698,    000h 00m 01.721s,    000h 17m 25.698s
634,    1598,    1047296,    000h 00m 01.598s,    000h 17m 27.296s
635,    1559,    1048855,    000h 00m 01.559s,    000h 17m 28.855s
636,    1703,    1050558,    000h 00m 01.703s,    000h 17m 30.558s
637,    1559,    1052117,    000h 00m 01.559s,    000h 17m 32.117s
638,    1739,    1053856,    000h 00m 01.739s,    000h 17m 33.856s
639,    1529,    1055385,    000h 00m 01.529s,    000h 17m 35.385s
640,    1569,    1056954,    000h 00m 01.569s,    000h 17m 36.954s
641,    1616,    1058570,    000h 00m 01.616s,    000h 17m 38.570s
642,    1735,    1060305,    000h 00m 01.735s,    000h 17m 40.305s
643,    1728,    1062033,    000h 00m 01.728s,    000h 17m 42.033s
644,    1741,    1063774,    000h 00m 01.741s,    000h 17m 43.774s
645,    1557,    1065331,    000h 00m 01.557s,    000h 17m 45.331s
646,    1564,    1066895,    000h 00m 01.564s,    000h 17m 46.895s
647,    1613,    1068508,    000h 00m 01.613s,    000h 17m 48.508s
648,    1750,    1070258,    000h 00m 01.750s,    000h 17m 50.258s
649,    1694,    1071952,    000h 00m 01.694s,    000h 17m 51.952s
650,    1738,    1073690,    000h 00m 01.738s,    000h 17m 53.690s
651,    1744,    1075434,    000h 00m 01.744s,    000h 17m 55.434s
652,    1635,    1077069,    000h 00m 01.635s,    000h 17m 57.069s
653,    1756,    1078825,    000h 00m 01.756s,    000h 17m 58.825s
654,    1716,    1080541,    000h 00m 01.716s,    000h 18m 00.541s
655,    1654,    1082195,    000h 00m 01.654s,    000h 18m 02.195s
656,    1525,    1083720,    000h 00m 01.525s,    000h 18m 03.720s
657,    1635,    1085355,    000h 00m 01.635s,    000h 18m 05.355s
658,    1616,    1086971,    000h 00m 01.616s,    000h 18m 06.971s
659,    1721,    1088692,    000h 00m 01.721s,    000h 18m 08.692s
660,    1602,    1090294,    000h 00m 01.602s,    000h 18m 10.294s
661,    1381,    1091675,    000h 00m 01.381s,    000h 18m 11.675s
662,    1638,    1093313,    000h 00m 01.638s,    000h 18m 13.313s
663,    1600,    1094913,    000h 00m 01.600s,    000h 18m 14.913s
664,    1780,    1096693,    000h 00m 01.780s,    000h 18m 16.693s
665,    1566,    1098259,    000h 00m 01.566s,    000h 18m 18.259s
666,    1704,    1099963,    000h 00m 01.704s,    000h 18m 19.963s
667,    1737,    1101700,    000h 00m 01.737s,    000h 18m 21.700s
668,    1597,    1103297,    000h 00m 01.597s,    000h 18m 23.297s
669,    1587,    1104884,    000h 00m 01.587s,    000h 18m 24.884s
670,    1497,    1106381,    000h 00m 01.497s,    000h 18m 26.381s
671,    1568,    1107949,    000h 00m 01.568s,    000h 18m 27.949s
672,    1642,    1109591,    000h 00m 01.642s,    000h 18m 29.591s
673,    1691,    1111282,    000h 00m 01.691s,    000h 18m 31.282s
674,    1670,    1112952,    000h 00m 01.670s,    000h 18m 32.952s
675,    1549,    1114501,    000h 00m 01.549s,    000h 18m 34.501s
676,    1604,    1116105,    000h 00m 01.604s,    000h 18m 36.105s
677,    1630,    1117735,    000h 00m 01.630s,    000h 18m 37.735s
678,    1723,    1119458,    000h 00m 01.723s,    000h 18m 39.458s
679,    1744,    1121202,    000h 00m 01.744s,    000h 18m 41.202s
680,    1627,    1122829,    000h 00m 01.627s,    000h 18m 42.829s
681,    1649,    1124478,    000h 00m 01.649s,    000h 18m 44.478s
682,    1610,    1126088,    000h 00m 01.610s,    000h 18m 46.088s
683,    1536,    1127624,    000h 00m 01.536s,    000h 18m 47.624s
684,    1731,    1129355,    000h 00m 01.731s,    000h 18m 49.355s
685,    1579,    1130934,    000h 00m 01.579s,    000h 18m 50.934s
686,    1696,    1132630,    000h 00m 01.696s,    000h 18m 52.630s
687,    1568,    1134198,    000h 00m 01.568s,    000h 18m 54.198s
688,    1731,    1135929,    000h 00m 01.731s,    000h 18m 55.929s
689,    1681,    1137610,    000h 00m 01.681s,    000h 18m 57.610s
690,    1759,    1139369,    000h 00m 01.759s,    000h 18m 59.369s
691,    1687,    1141056,    000h 00m 01.687s,    000h 19m 01.056s
692,    1559,    1142615,    000h 00m 01.559s,    000h 19m 02.615s
693,    1568,    1144183,    000h 00m 01.568s,    000h 19m 04.183s
694,    1725,    1145908,    000h 00m 01.725s,    000h 19m 05.908s
695,    1731,    1147639,    000h 00m 01.731s,    000h 19m 07.639s
696,    1490,    1149129,    000h 00m 01.490s,    000h 19m 09.129s
697,    1713,    1150842,    000h 00m 01.713s,    000h 19m 10.842s
698,    1591,    1152433,    000h 00m 01.591s,    000h 19m 12.433s
699,    1754,    1154187,    000h 00m 01.754s,    000h 19m 14.187s
700,    1680,    1155867,    000h 00m 01.680s,    000h 19m 15.867s
701,    1725,    1157592,    000h 00m 01.725s,    000h 19m 17.592s
702,    1599,    1159191,    000h 00m 01.599s,    000h 19m 19.191s
703,    1615,    1160806,    000h 00m 01.615s,    000h 19m 20.806s
704,    1560,    1162366,    000h 00m 01.560s,    000h 19m 22.366s
705,    1740,    1164106,    000h 00m 01.740s,    000h 19m 24.106s
706,    1580,    1165686,    000h 00m 01.580s,    000h 19m 25.686s
707,    1749,    1167435,    000h 00m 01.749s,    000h 19m 27.435s
708,    1750,    1169185,    000h 00m 01.750s,    000h 19m 29.185s
709,    1716,    1170901,    000h 00m 01.716s,    000h 19m 30.901s
710,    1731,    1172632,    000h 00m 01.731s,    000h 19m 32.632s
711,    1698,    1174330,    000h 00m 01.698s,    000h 19m 34.330s
712,    1604,    1175934,    000h 00m 01.604s,    000h 19m 35.934s
713,    1585,    1177519,    000h 00m 01.585s,    000h 19m 37.519s
714,    1379,    1178898,    000h 00m 01.379s,    000h 19m 38.898s
715,    1744,    1180642,    000h 00m 01.744s,    000h 19m 40.642s
716,    1728,    1182370,    000h 00m 01.728s,    000h 19m 42.370s
717,    1604,    1183974,    000h 00m 01.604s,    000h 19m 43.974s
718,    1723,    1185697,    000h 00m 01.723s,    000h 19m 45.697s
719,    1582,    1187279,    000h 00m 01.582s,    000h 19m 47.279s
720,    1545,    1188824,    000h 00m 01.545s,    000h 19m 48.824s
721,    1567,    1190391,    000h 00m 01.567s,    000h 19m 50.391s
722,    1654,    1192045,    000h 00m 01.654s,    000h 19m 52.045s
723,    1743,    1193788,    000h 00m 01.743s,    000h 19m 53.788s
724,    1628,    1195416,    000h 00m 01.628s,    000h 19m 55.416s
725,    1753,    1197169,    000h 00m 01.753s,    000h 19m 57.169s
726,    1751,    1198920,    000h 00m 01.751s,    000h 19m 58.920s
727,    1742,    1200662,    000h 00m 01.742s,    000h 20m 00.662s
728,    1588,    1202250,    000h 00m 01.588s,    000h 20m 02.250s
729,    1669,    1203919,    000h 00m 01.669s,    000h 20m 03.919s
730,    1594,    1205513,    000h 00m 01.594s,    000h 20m 05.513s
731,    1765,    1207278,    000h 00m 01.765s,    000h 20m 07.278s
732,    1755,    1209033,    000h 00m 01.755s,    000h 20m 09.033s
733,    1602,    1210635,    000h 00m 01.602s,    000h 20m 10.635s
734,    1723,    1212358,    000h 00m 01.723s,    000h 20m 12.358s
735,    1678,    1214036,    000h 00m 01.678s,    000h 20m 14.036s
736,    1748,    1215784,    000h 00m 01.748s,    000h 20m 15.784s
737,    1749,    1217533,    000h 00m 01.749s,    000h 20m 17.533s
738,    1657,    1219190,    000h 00m 01.657s,    000h 20m 19.190s
739,    1722,    1220912,    000h 00m 01.722s,    000h 20m 20.912s
740,    1602,    1222514,    000h 00m 01.602s,    000h 20m 22.514s
741,    1714,    1224228,    000h 00m 01.714s,    000h 20m 24.228s
742,    1730,    1225958,    000h 00m 01.730s,    000h 20m 25.958s
743,    1773,    1227731,    000h 00m 01.773s,    000h 20m 27.731s
744,    1684,    1229415,    000h 00m 01.684s,    000h 20m 29.415s
745,    1732,    1231147,    000h 00m 01.732s,    000h 20m 31.147s
746,    1635,    1232782,    000h 00m 01.635s,    000h 20m 32.782s
747,    1406,    1234188,    000h 00m 01.406s,    000h 20m 34.188s
748,    1652,    1235840,    000h 00m 01.652s,    000h 20m 35.840s
749,    1712,    1237552,    000h 00m 01.712s,    000h 20m 37.552s
750,    1756,    1239308,    000h 00m 01.756s,    000h 20m 39.308s
751,    1637,    1240945,    000h 00m 01.637s,    000h 20m 40.945s
752,    1743,    1242688,    000h 00m 01.743s,    000h 20m 42.688s
753,    1796,    1244484,    000h 00m 01.796s,    000h 20m 44.484s
754,    1576,    1246060,    000h 00m 01.576s,    000h 20m 46.060s
755,    1729,    1247789,    000h 00m 01.729s,    000h 20m 47.789s
756,    1698,    1249487,    000h 00m 01.698s,    000h 20m 49.487s
757,    1679,    1251166,    000h 00m 01.679s,    000h 20m 51.166s
758,    1547,    1252713,    000h 00m 01.547s,    000h 20m 52.713s
759,    1666,    1254379,    000h 00m 01.666s,    000h 20m 54.379s
760,    1741,    1256120,    000h 00m 01.741s,    000h 20m 56.120s
761,    1574,    1257694,    000h 00m 01.574s,    000h 20m 57.694s
762,    1729,    1259423,    000h 00m 01.729s,    000h 20m 59.423s
763,    1616,    1261039,    000h 00m 01.616s,    000h 21m 01.039s
764,    1658,    1262697,    000h 00m 01.658s,    000h 21m 02.697s
765,    1589,    1264286,    000h 00m 01.589s,    000h 21m 04.286s
766,    1767,    1266053,    000h 00m 01.767s,    000h 21m 06.053s
767,    1731,    1267784,    000h 00m 01.731s,    000h 21m 07.784s
768,    1602,    1269386,    000h 00m 01.602s,    000h 21m 09.386s
769,    1664,    1271050,    000h 00m 01.664s,    000h 21m 11.050s
770,    1601,    1272651,    000h 00m 01.601s,    000h 21m 12.651s
771,    1662,    1274313,    000h 00m 01.662s,    000h 21m 14.313s
772,    1592,    1275905,    000h 00m 01.592s,    000h 21m 15.905s
773,    1686,    1277591,    000h 00m 01.686s,    000h 21m 17.591s
774,    1707,    1279298,    000h 00m 01.707s,    000h 21m 19.298s
775,    1698,    1280996,    000h 00m 01.698s,    000h 21m 20.996s
776,    1631,    1282627,    000h 00m 01.631s,    000h 21m 22.627s
777,    1716,    1284343,    000h 00m 01.716s,    000h 21m 24.343s
778,    1646,    1285989,    000h 00m 01.646s,    000h 21m 25.989s
779,    1479,    1287468,    000h 00m 01.479s,    000h 21m 27.468s
780,    1622,    1289090,    000h 00m 01.622s,    000h 21m 29.090s
781,    1556,    1290646,    000h 00m 01.556s,    000h 21m 30.646s
782,    1736,    1292382,    000h 00m 01.736s,    000h 21m 32.382s
783,    1428,    1293810,    000h 00m 01.428s,    000h 21m 33.810s
784,    1782,    1295592,    000h 00m 01.782s,    000h 21m 35.592s
785,    1575,    1297167,    000h 00m 01.575s,    000h 21m 37.167s
786,    1647,    1298814,    000h 00m 01.647s,    000h 21m 38.814s
787,    1738,    1300552,    000h 00m 01.738s,    000h 21m 40.552s
788,    1380,    1301932,    000h 00m 01.380s,    000h 21m 41.932s
789,    1548,    1303480,    000h 00m 01.548s,    000h 21m 43.480s
790,    1738,    1305218,    000h 00m 01.738s,    000h 21m 45.218s
791,    1745,    1306963,    000h 00m 01.745s,    000h 21m 46.963s
792,    1736,    1308699,    000h 00m 01.736s,    000h 21m 48.699s
793,    1639,    1310338,    000h 00m 01.639s,    000h 21m 50.338s
794,    1623,    1311961,    000h 00m 01.623s,    000h 21m 51.961s
795,    1605,    1313566,    000h 00m 01.605s,    000h 21m 53.566s
796,    1732,    1315298,    000h 00m 01.732s,    000h 21m 55.298s
797,    1701,    1316999,    000h 00m 01.701s,    000h 21m 56.999s
798,    1563,    1318562,    000h 00m 01.563s,    000h 21m 58.562s
799,    1646,    1320208,    000h 00m 01.646s,    000h 22m 00.208s
800,    1645,    1321853,    000h 00m 01.645s,    000h 22m 01.853s
801,    1559,    1323412,    000h 00m 01.559s,    000h 22m 03.412s
802,    1737,    1325149,    000h 00m 01.737s,    000h 22m 05.149s
803,    1764,    1326913,    000h 00m 01.764s,    000h 22m 06.913s
804,    1729,    1328642,    000h 00m 01.729s,    000h 22m 08.642s
805,    1729,    1330371,    000h 00m 01.729s,    000h 22m 10.371s
806,    1782,    1332153,    000h 00m 01.782s,    000h 22m 12.153s
807,    1703,    1333856,    000h 00m 01.703s,    000h 22m 13.856s
808,    1705,    1335561,    000h 00m 01.705s,    000h 22m 15.561s
809,    1587,    1337148,    000h 00m 01.587s,    000h 22m 17.148s
810,    1546,    1338694,    000h 00m 01.546s,    000h 22m 18.694s
811,    1724,    1340418,    000h 00m 01.724s,    000h 22m 20.418s
812,    1584,    1342002,    000h 00m 01.584s,    000h 22m 22.002s
813,    1759,    1343761,    000h 00m 01.759s,    000h 22m 23.761s
814,    1762,    1345523,    000h 00m 01.762s,    000h 22m 25.523s
815,    1667,    1347190,    000h 00m 01.667s,    000h 22m 27.190s
816,    1590,    1348780,    000h 00m 01.590s,    000h 22m 28.780s
817,    1723,    1350503,    000h 00m 01.723s,    000h 22m 30.503s
818,    1678,    1352181,    000h 00m 01.678s,    000h 22m 32.181s
819,    1740,    1353921,    000h 00m 01.740s,    000h 22m 33.921s
820,    1534,    1355455,    000h 00m 01.534s,    000h 22m 35.455s
821,    1612,    1357067,    000h 00m 01.612s,    000h 22m 37.067s
822,    1751,    1358818,    000h 00m 01.751s,    000h 22m 38.818s
823,    1698,    1360516,    000h 00m 01.698s,    000h 22m 40.516s
824,    1690,    1362206,    000h 00m 01.690s,    000h 22m 42.206s
825,    1705,    1363911,    000h 00m 01.705s,    000h 22m 43.911s
826,    1700,    1365611,    000h 00m 01.700s,    000h 22m 45.611s
827,    1754,    1367365,    000h 00m 01.754s,    000h 22m 47.365s
828,    1579,    1368944,    000h 00m 01.579s,    000h 22m 48.944s
829,    1690,    1370634,    000h 00m 01.690s,    000h 22m 50.634s
830,    1293,    1371927,    000h 00m 01.293s,    000h 22m 51.927s
831,    1634,    1373561,    000h 00m 01.634s,    000h 22m 53.561s
832,    1788,    1375349,    000h 00m 01.788s,    000h 22m 55.349s
833,    1597,    1376946,    000h 00m 01.597s,    000h 22m 56.946s
834,    1741,    1378687,    000h 00m 01.741s,    000h 22m 58.687s
835,    1779,    1380466,    000h 00m 01.779s,    000h 23m 00.466s
836,    1600,    1382066,    000h 00m 01.600s,    000h 23m 02.066s
837,    1579,    1383645,    000h 00m 01.579s,    000h 23m 03.645s
838,    1371,    1385016,    000h 00m 01.371s,    000h 23m 05.016s
839,    1730,    1386746,    000h 00m 01.730s,    000h 23m 06.746s
840,    1544,    1388290,    000h 00m 01.544s,    000h 23m 08.290s
841,    1737,    1390027,    000h 00m 01.737s,    000h 23m 10.027s
842,    1786,    1391813,    000h 00m 01.786s,    000h 23m 11.813s
843,    1535,    1393348,    000h 00m 01.535s,    000h 23m 13.348s
844,    1633,    1394981,    000h 00m 01.633s,    000h 23m 14.981s
845,    1597,    1396578,    000h 00m 01.597s,    000h 23m 16.578s
846,    1700,    1398278,    000h 00m 01.700s,    000h 23m 18.278s
847,    1679,    1399957,    000h 00m 01.679s,    000h 23m 19.957s
848,    1588,    1401545,    000h 00m 01.588s,    000h 23m 21.545s
849,    1582,    1403127,    000h 00m 01.582s,    000h 23m 23.127s
850,    1773,    1404900,    000h 00m 01.773s,    000h 23m 24.900s
851,    1663,    1406563,    000h 00m 01.663s,    000h 23m 26.563s
852,    1541,    1408104,    000h 00m 01.541s,    000h 23m 28.104s
853,    1737,    1409841,    000h 00m 01.737s,    000h 23m 29.841s
854,    1721,    1411562,    000h 00m 01.721s,    000h 23m 31.562s
855,    1684,    1413246,    000h 00m 01.684s,    000h 23m 33.246s
856,    1588,    1414834,    000h 00m 01.588s,    000h 23m 34.834s
857,    1716,    1416550,    000h 00m 01.716s,    000h 23m 36.550s
858,    1595,    1418145,    000h 00m 01.595s,    000h 23m 38.145s
859,    1680,    1419825,    000h 00m 01.680s,    000h 23m 39.825s
860,    1736,    1421561,    000h 00m 01.736s,    000h 23m 41.561s
861,    1748,    1423309,    000h 00m 01.748s,    000h 23m 43.309s
862,    1687,    1424996,    000h 00m 01.687s,    000h 23m 44.996s
863,    1546,    1426542,    000h 00m 01.546s,    000h 23m 46.542s
864,    1686,    1428228,    000h 00m 01.686s,    000h 23m 48.228s
865,    1754,    1429982,    000h 00m 01.754s,    000h 23m 49.982s
866,    1546,    1431528,    000h 00m 01.546s,    000h 23m 51.528s
867,    1612,    1433140,    000h 00m 01.612s,    000h 23m 53.140s
868,    1769,    1434909,    000h 00m 01.769s,    000h 23m 54.909s
869,    1346,    1436255,    000h 00m 01.346s,    000h 23m 56.255s
870,    1673,    1437928,    000h 00m 01.673s,    000h 23m 57.928s
871,    1694,    1439622,    000h 00m 01.694s,    000h 23m 59.622s
872,    1668,    1441290,    000h 00m 01.668s,    000h 24m 01.290s
873,    1697,    1442987,    000h 00m 01.697s,    000h 24m 02.987s
874,    1548,    1444535,    000h 00m 01.548s,    000h 24m 04.535s
875,    1528,    1446063,    000h 00m 01.528s,    000h 24m 06.063s
876,    1704,    1447767,    000h 00m 01.704s,    000h 24m 07.767s
877,    1545,    1449312,    000h 00m 01.545s,    000h 24m 09.312s
878,    1547,    1450859,    000h 00m 01.547s,    000h 24m 10.859s
879,    1565,    1452424,    000h 00m 01.565s,    000h 24m 12.424s
880,    1580,    1454004,    000h 00m 01.580s,    000h 24m 14.004s
881,    1765,    1455769,    000h 00m 01.765s,    000h 24m 15.769s
882,    1589,    1457358,    000h 00m 01.589s,    000h 24m 17.358s
883,    1655,    1459013,    000h 00m 01.655s,    000h 24m 19.013s
884,    1612,    1460625,    000h 00m 01.612s,    000h 24m 20.625s
885,    1543,    1462168,    000h 00m 01.543s,    000h 24m 22.168s
886,    1511,    1463679,    000h 00m 01.511s,    000h 24m 23.679s
887,    1675,    1465354,    000h 00m 01.675s,    000h 24m 25.354s
888,    1695,    1467049,    000h 00m 01.695s,    000h 24m 27.049s
889,    1695,    1468744,    000h 00m 01.695s,    000h 24m 28.744s
890,    1751,    1470495,    000h 00m 01.751s,    000h 24m 30.495s
891,    1727,    1472222,    000h 00m 01.727s,    000h 24m 32.222s
892,    1722,    1473944,    000h 00m 01.722s,    000h 24m 33.944s
893,    1674,    1475618,    000h 00m 01.674s,    000h 24m 35.618s
894,    1604,    1477222,    000h 00m 01.604s,    000h 24m 37.222s
895,    1747,    1478969,    000h 00m 01.747s,    000h 24m 38.969s
896,    1747,    1480716,    000h 00m 01.747s,    000h 24m 40.716s
897,    1320,    1482036,    000h 00m 01.320s,    000h 24m 42.036s
898,    1737,    1483773,    000h 00m 01.737s,    000h 24m 43.773s
899,    1720,    1485493,    000h 00m 01.720s,    000h 24m 45.493s
900,    1574,    1487067,    000h 00m 01.574s,    000h 24m 47.067s
901,    1726,    1488793,    000h 00m 01.726s,    000h 24m 48.793s
902,    1729,    1490522,    000h 00m 01.729s,    000h 24m 50.522s
903,    1643,    1492165,    000h 00m 01.643s,    000h 24m 52.165s
904,    1668,    1493833,    000h 00m 01.668s,    000h 24m 53.833s
905,    1620,    1495453,    000h 00m 01.620s,    000h 24m 55.453s
906,    1606,    1497059,    000h 00m 01.606s,    000h 24m 57.059s
907,    1755,    1498814,    000h 00m 01.755s,    000h 24m 58.814s
908,    1768,    1500582,    000h 00m 01.768s,    000h 25m 00.582s
909,    1754,    1502336,    000h 00m 01.754s,    000h 25m 02.336s
910,    1528,    1503864,    000h 00m 01.528s,    000h 25m 03.864s
911,    1560,    1505424,    000h 00m 01.560s,    000h 25m 05.424s
912,    1748,    1507172,    000h 00m 01.748s,    000h 25m 07.172s
913,    1617,    1508789,    000h 00m 01.617s,    000h 25m 08.789s
914,    1699,    1510488,    000h 00m 01.699s,    000h 25m 10.488s
915,    1623,    1512111,    000h 00m 01.623s,    000h 25m 12.111s
916,    1658,    1513769,    000h 00m 01.658s,    000h 25m 13.769s
917,    1745,    1515514,    000h 00m 01.745s,    000h 25m 15.514s
918,    1707,    1517221,    000h 00m 01.707s,    000h 25m 17.221s
919,    1746,    1518967,    000h 00m 01.746s,    000h 25m 18.967s
920,    1715,    1520682,    000h 00m 01.715s,    000h 25m 20.682s
921,    1340,    1522022,    000h 00m 01.340s,    000h 25m 22.022s
922,    1648,    1523670,    000h 00m 01.648s,    000h 25m 23.670s
923,    1599,    1525269,    000h 00m 01.599s,    000h 25m 25.269s
924,    1643,    1526912,    000h 00m 01.643s,    000h 25m 26.912s
925,    1682,    1528594,    000h 00m 01.682s,    000h 25m 28.594s
926,    1678,    1530272,    000h 00m 01.678s,    000h 25m 30.272s
927,    1538,    1531810,    000h 00m 01.538s,    000h 25m 31.810s
928,    1576,    1533386,    000h 00m 01.576s,    000h 25m 33.386s
929,    1745,    1535131,    000h 00m 01.745s,    000h 25m 35.131s
930,    1742,    1536873,    000h 00m 01.742s,    000h 25m 36.873s
931,    1653,    1538526,    000h 00m 01.653s,    000h 25m 38.526s
932,    1668,    1540194,    000h 00m 01.668s,    000h 25m 40.194s
933,    1587,    1541781,    000h 00m 01.587s,    000h 25m 41.781s
934,    1731,    1543512,    000h 00m 01.731s,    000h 25m 43.512s
935,    1584,    1545096,    000h 00m 01.584s,    000h 25m 45.096s
936,    1729,    1546825,    000h 00m 01.729s,    000h 25m 46.825s
937,    1649,    1548474,    000h 00m 01.649s,    000h 25m 48.474s
938,    1638,    1550112,    000h 00m 01.638s,    000h 25m 50.112s
939,    1717,    1551829,    000h 00m 01.717s,    000h 25m 51.829s
940,    1760,    1553589,    000h 00m 01.760s,    000h 25m 53.589s
941,    1714,    1555303,    000h 00m 01.714s,    000h 25m 55.303s
942,    1726,    1557029,    000h 00m 01.726s,    000h 25m 57.029s
943,    1598,    1558627,    000h 00m 01.598s,    000h 25m 58.627s
944,    1745,    1560372,    000h 00m 01.745s,    000h 26m 00.372s
945,    1541,    1561913,    000h 00m 01.541s,    000h 26m 01.913s
946,    1725,    1563638,    000h 00m 01.725s,    000h 26m 03.638s
947,    1707,    1565345,    000h 00m 01.707s,    000h 26m 05.345s
948,    1709,    1567054,    000h 00m 01.709s,    000h 26m 07.054s
949,    1709,    1568763,    000h 00m 01.709s,    000h 26m 08.763s
950,    1758,    1570521,    000h 00m 01.758s,    000h 26m 10.521s
951,    1739,    1572260,    000h 00m 01.739s,    000h 26m 12.260s
952,    1691,    1573951,    000h 00m 01.691s,    000h 26m 13.951s
953,    1734,    1575685,    000h 00m 01.734s,    000h 26m 15.685s
954,    1538,    1577223,    000h 00m 01.538s,    000h 26m 17.223s
955,    1342,    1578565,    000h 00m 01.342s,    000h 26m 18.565s
956,    1526,    1580091,    000h 00m 01.526s,    000h 26m 20.091s
957,    1674,    1581765,    000h 00m 01.674s,    000h 26m 21.765s
958,    1767,    1583532,    000h 00m 01.767s,    000h 26m 23.532s
959,    1463,    1584995,    000h 00m 01.463s,    000h 26m 24.995s
960,    1646,    1586641,    000h 00m 01.646s,    000h 26m 26.641s
961,    1320,    1587961,    000h 00m 01.320s,    000h 26m 27.961s
962,    1777,    1589738,    000h 00m 01.777s,    000h 26m 29.738s
963,    1620,    1591358,    000h 00m 01.620s,    000h 26m 31.358s
964,    1735,    1593093,    000h 00m 01.735s,    000h 26m 33.093s
965,    1583,    1594676,    000h 00m 01.583s,    000h 26m 34.676s
966,    1581,    1596257,    000h 00m 01.581s,    000h 26m 36.257s
967,    1734,    1597991,    000h 00m 01.734s,    000h 26m 37.991s
968,    1662,    1599653,    000h 00m 01.662s,    000h 26m 39.653s
969,    1636,    1601289,    000h 00m 01.636s,    000h 26m 41.289s
970,    1739,    1603028,    000h 00m 01.739s,    000h 26m 43.028s
971,    1612,    1604640,    000h 00m 01.612s,    000h 26m 44.640s
972,    1609,    1606249,    000h 00m 01.609s,    000h 26m 46.249s
973,    1749,    1607998,    000h 00m 01.749s,    000h 26m 47.998s
974,    1640,    1609638,    000h 00m 01.640s,    000h 26m 49.638s
975,    1618,    1611256,    000h 00m 01.618s,    000h 26m 51.256s
976,    1668,    1612924,    000h 00m 01.668s,    000h 26m 52.924s
977,    1640,    1614564,    000h 00m 01.640s,    000h 26m 54.564s
978,    1637,    1616201,    000h 00m 01.637s,    000h 26m 56.201s
979,    1726,    1617927,    000h 00m 01.726s,    000h 26m 57.927s
980,    1748,    1619675,    000h 00m 01.748s,    000h 26m 59.675s
981,    1673,    1621348,    000h 00m 01.673s,    000h 27m 01.348s
982,    1714,    1623062,    000h 00m 01.714s,    000h 27m 03.062s
983,    1661,    1624723,    000h 00m 01.661s,    000h 27m 04.723s
984,    1612,    1626335,    000h 00m 01.612s,    000h 27m 06.335s
985,    1743,    1628078,    000h 00m 01.743s,    000h 27m 08.078s
986,    1704,    1629782,    000h 00m 01.704s,    000h 27m 09.782s
987,    1742,    1631524,    000h 00m 01.742s,    000h 27m 11.524s
988,    1362,    1632886,    000h 00m 01.362s,    000h 27m 12.886s
989,    1751,    1634637,    000h 00m 01.751s,    000h 27m 14.637s
990,    1562,    1636199,    000h 00m 01.562s,    000h 27m 16.199s
991,    1736,    1637935,    000h 00m 01.736s,    000h 27m 17.935s
992,    1680,    1639615,    000h 00m 01.680s,    000h 27m 19.615s
993,    1552,    1641167,    000h 00m 01.552s,    000h 27m 21.167s
994,    1721,    1642888,    000h 00m 01.721s,    000h 27m 22.888s
995,    1600,    1644488,    000h 00m 01.600s,    000h 27m 24.488s
996,    1731,    1646219,    000h 00m 01.731s,    000h 27m 26.219s
997,    1771,    1647990,    000h 00m 01.771s,    000h 27m 27.990s
998,    1540,    1649530,    000h 00m 01.540s,    000h 27m 29.530s
999,    1781,    1651311,    000h 00m 01.781s,    000h 27m 31.311s
1000,    1774,    1653085,    000h 00m 01.774s,    000h 27m 33.085s
1001,    1607,    1654692,    000h 00m 01.607s,    000h 27m 34.692s
1002,    1730,    1656422,    000h 00m 01.730s,    000h 27m 36.422s
1003,    1563,    1657985,    000h 00m 01.563s,    000h 27m 37.985s
1004,    1579,    1659564,    000h 00m 01.579s,    000h 27m 39.564s
1005,    1560,    1661124,    000h 00m 01.560s,    000h 27m 41.124s
1006,    1555,    1662679,    000h 00m 01.555s,    000h 27m 42.679s
1007,    1659,    1664338,    000h 00m 01.659s,    000h 27m 44.338s
1008,    1653,    1665991,    000h 00m 01.653s,    000h 27m 45.991s
1009,    1698,    1667689,    000h 00m 01.698s,    000h 27m 47.689s
1010,    1637,    1669326,    000h 00m 01.637s,    000h 27m 49.326s
1011,    1664,    1670990,    000h 00m 01.664s,    000h 27m 50.990s
1012,    1724,    1672714,    000h 00m 01.724s,    000h 27m 52.714s
1013,    1722,    1674436,    000h 00m 01.722s,    000h 27m 54.436s
1014,    1526,    1675962,    000h 00m 01.526s,    000h 27m 55.962s
1015,    1701,    1677663,    000h 00m 01.701s,    000h 27m 57.663s
1016,    1726,    1679389,    000h 00m 01.726s,    000h 27m 59.389s
1017,    1740,    1681129,    000h 00m 01.740s,    000h 28m 01.129s
1018,    1751,    1682880,    000h 00m 01.751s,    000h 28m 02.880s
1019,    1717,    1684597,    000h 00m 01.717s,    000h 28m 04.597s
1020,    1755,    1686352,    000h 00m 01.755s,    000h 28m 06.352s
1021,    1698,    1688050,    000h 00m 01.698s,    000h 28m 08.050s
1022,    1626,    1689676,    000h 00m 01.626s,    000h 28m 09.676s
1023,    1649,    1691325,    000h 00m 01.649s,    000h 28m 11.325s
1024,    1740,    1693065,    000h 00m 01.740s,    000h 28m 13.065s
1025,    1601,    1694666,    000h 00m 01.601s,    000h 28m 14.666s
