pass,    time (ms),    total time (ms),    time,     total_time
1,    1592,    1592,    000h 00m 01.592s,    000h 00m 01.592s
2,    1541,    3133,    000h 00m 01.541s,    000h 00m 03.133s
3,    1668,    4801,    000h 00m 01.668s,    000h 00m 04.801s
4,    1749,    6550,    000h 00m 01.749s,    000h 00m 06.550s
5,    1590,    8140,    000h 00m 01.590s,    000h 00m 08.140s
6,    1580,    9720,    000h 00m 01.580s,    000h 00m 09.720s
7,    1607,    11327,    000h 00m 01.607s,    000h 00m 11.327s
8,    1666,    12993,    000h 00m 01.666s,    000h 00m 12.993s
9,    1654,    14647,    000h 00m 01.654s,    000h 00m 14.647s
10,    1697,    16344,    000h 00m 01.697s,    000h 00m 16.344s
11,    1594,    17938,    000h 00m 01.594s,    000h 00m 17.938s
12,    1666,    19604,    000h 00m 01.666s,    000h 00m 19.604s
13,    1664,    21268,    000h 00m 01.664s,    000h 00m 21.268s
14,    1689,    22957,    000h 00m 01.689s,    000h 00m 22.957s
15,    1509,    24466,    000h 00m 01.509s,    000h 00m 24.466s
16,    1431,    25897,    000h 00m 01.431s,    000h 00m 25.897s
17,    1532,    27429,    000h 00m 01.532s,    000h 00m 27.429s
18,    1448,    28877,    000h 00m 01.448s,    000h 00m 28.877s
19,    1613,    30490,    000h 00m 01.613s,    000h 00m 30.490s
20,    1682,    32172,    000h 00m 01.682s,    000h 00m 32.172s
21,    1701,    33873,    000h 00m 01.701s,    000h 00m 33.873s
22,    1601,    35474,    000h 00m 01.601s,    000h 00m 35.474s
23,    1553,    37027,    000h 00m 01.553s,    000h 00m 37.027s
24,    1474,    38501,    000h 00m 01.474s,    000h 00m 38.501s
25,    1512,    40013,    000h 00m 01.512s,    000h 00m 40.013s
26,    1653,    41666,    000h 00m 01.653s,    000h 00m 41.666s
27,    1696,    43362,    000h 00m 01.696s,    000h 00m 43.362s
28,    1448,    44810,    000h 00m 01.448s,    000h 00m 44.810s
29,    1538,    46348,    000h 00m 01.538s,    000h 00m 46.348s
30,    1642,    47990,    000h 00m 01.642s,    000h 00m 47.990s
31,    1724,    49714,    000h 00m 01.724s,    000h 00m 49.714s
32,    1557,    51271,    000h 00m 01.557s,    000h 00m 51.271s
33,    1502,    52773,    000h 00m 01.502s,    000h 00m 52.773s
34,    1762,    54535,    000h 00m 01.762s,    000h 00m 54.535s
35,    1692,    56227,    000h 00m 01.692s,    000h 00m 56.227s
36,    1634,    57861,    000h 00m 01.634s,    000h 00m 57.861s
37,    1738,    59599,    000h 00m 01.738s,    000h 00m 59.599s
38,    1657,    61256,    000h 00m 01.657s,    000h 01m 01.256s
39,    1637,    62893,    000h 00m 01.637s,    000h 01m 02.893s
40,    1497,    64390,    000h 00m 01.497s,    000h 01m 04.390s
41,    1685,    66075,    000h 00m 01.685s,    000h 01m 06.075s
42,    1504,    67579,    000h 00m 01.504s,    000h 01m 07.579s
43,    1448,    69027,    000h 00m 01.448s,    000h 01m 09.027s
44,    1701,    70728,    000h 00m 01.701s,    000h 01m 10.728s
45,    1448,    72176,    000h 00m 01.448s,    000h 01m 12.176s
46,    1666,    73842,    000h 00m 01.666s,    000h 01m 13.842s
47,    1389,    75231,    000h 00m 01.389s,    000h 01m 15.231s
48,    1455,    76686,    000h 00m 01.455s,    000h 01m 16.686s
49,    1504,    78190,    000h 00m 01.504s,    000h 01m 18.190s
50,    1442,    79632,    000h 00m 01.442s,    000h 01m 19.632s
51,    1573,    81205,    000h 00m 01.573s,    000h 01m 21.205s
52,    1500,    82705,    000h 00m 01.500s,    000h 01m 22.705s
53,    1709,    84414,    000h 00m 01.709s,    000h 01m 24.414s
54,    1433,    85847,    000h 00m 01.433s,    000h 01m 25.847s
55,    1591,    87438,    000h 00m 01.591s,    000h 01m 27.438s
56,    1591,    89029,    000h 00m 01.591s,    000h 01m 29.029s
57,    1672,    90701,    000h 00m 01.672s,    000h 01m 30.701s
58,    1613,    92314,    000h 00m 01.613s,    000h 01m 32.314s
59,    1579,    93893,    000h 00m 01.579s,    000h 01m 33.893s
60,    1731,    95624,    000h 00m 01.731s,    000h 01m 35.624s
61,    1690,    97314,    000h 00m 01.690s,    000h 01m 37.314s
62,    1732,    99046,    000h 00m 01.732s,    000h 01m 39.046s
63,    1626,    100672,    000h 00m 01.626s,    000h 01m 40.672s
64,    1618,    102290,    000h 00m 01.618s,    000h 01m 42.290s
65,    1460,    103750,    000h 00m 01.460s,    000h 01m 43.750s
66,    1476,    105226,    000h 00m 01.476s,    000h 01m 45.226s
67,    1430,    106656,    000h 00m 01.430s,    000h 01m 46.656s
68,    1683,    108339,    000h 00m 01.683s,    000h 01m 48.339s
69,    1640,    109979,    000h 00m 01.640s,    000h 01m 49.979s
70,    1663,    111642,    000h 00m 01.663s,    000h 01m 51.642s
71,    1414,    113056,    000h 00m 01.414s,    000h 01m 53.056s
72,    1660,    114716,    000h 00m 01.660s,    000h 01m 54.716s
73,    1446,    116162,    000h 00m 01.446s,    000h 01m 56.162s
74,    1539,    117701,    000h 00m 01.539s,    000h 01m 57.701s
75,    1536,    119237,    000h 00m 01.536s,    000h 01m 59.237s
76,    1492,    120729,    000h 00m 01.492s,    000h 02m 00.729s
77,    1499,    122228,    000h 00m 01.499s,    000h 02m 02.228s
78,    1693,    123921,    000h 00m 01.693s,    000h 02m 03.921s
79,    1697,    125618,    000h 00m 01.697s,    000h 02m 05.618s
80,    1552,    127170,    000h 00m 01.552s,    000h 02m 07.170s
81,    1641,    128811,    000h 00m 01.641s,    000h 02m 08.811s
82,    1539,    130350,    000h 00m 01.539s,    000h 02m 10.350s
83,    1418,    131768,    000h 00m 01.418s,    000h 02m 11.768s
84,    1443,    133211,    000h 00m 01.443s,    000h 02m 13.211s
85,    1443,    134654,    000h 00m 01.443s,    000h 02m 14.654s
86,    1615,    136269,    000h 00m 01.615s,    000h 02m 16.269s
87,    1532,    137801,    000h 00m 01.532s,    000h 02m 17.801s
88,    1443,    139244,    000h 00m 01.443s,    000h 02m 19.244s
89,    1447,    140691,    000h 00m 01.447s,    000h 02m 20.691s
90,    1568,    142259,    000h 00m 01.568s,    000h 02m 22.259s
91,    1726,    143985,    000h 00m 01.726s,    000h 02m 23.985s
92,    1452,    145437,    000h 00m 01.452s,    000h 02m 25.437s
93,    1761,    147198,    000h 00m 01.761s,    000h 02m 27.198s
94,    1430,    148628,    000h 00m 01.430s,    000h 02m 28.628s
95,    1400,    150028,    000h 00m 01.400s,    000h 02m 30.028s
96,    1663,    151691,    000h 00m 01.663s,    000h 02m 31.691s
97,    1493,    153184,    000h 00m 01.493s,    000h 02m 33.184s
98,    1473,    154657,    000h 00m 01.473s,    000h 02m 34.657s
99,    1557,    156214,    000h 00m 01.557s,    000h 02m 36.214s
100,    1610,    157824,    000h 00m 01.610s,    000h 02m 37.824s
101,    1584,    159408,    000h 00m 01.584s,    000h 02m 39.408s
102,    1416,    160824,    000h 00m 01.416s,    000h 02m 40.824s
103,    1606,    162430,    000h 00m 01.606s,    000h 02m 42.430s
104,    1596,    164026,    000h 00m 01.596s,    000h 02m 44.026s
105,    1621,    165647,    000h 00m 01.621s,    000h 02m 45.647s
106,    1616,    167263,    000h 00m 01.616s,    000h 02m 47.263s
107,    1537,    168800,    000h 00m 01.537s,    000h 02m 48.800s
108,    1607,    170407,    000h 00m 01.607s,    000h 02m 50.407s
109,    1604,    172011,    000h 00m 01.604s,    000h 02m 52.011s
110,    1524,    173535,    000h 00m 01.524s,    000h 02m 53.535s
111,    1703,    175238,    000h 00m 01.703s,    000h 02m 55.238s
112,    1606,    176844,    000h 00m 01.606s,    000h 02m 56.844s
113,    1727,    178571,    000h 00m 01.727s,    000h 02m 58.571s
114,    1519,    180090,    000h 00m 01.519s,    000h 03m 00.090s
115,    1560,    181650,    000h 00m 01.560s,    000h 03m 01.650s
116,    1432,    183082,    000h 00m 01.432s,    000h 03m 03.082s
117,    1674,    184756,    000h 00m 01.674s,    000h 03m 04.756s
118,    1598,    186354,    000h 00m 01.598s,    000h 03m 06.354s
119,    1491,    187845,    000h 00m 01.491s,    000h 03m 07.845s
120,    1434,    189279,    000h 00m 01.434s,    000h 03m 09.279s
121,    1595,    190874,    000h 00m 01.595s,    000h 03m 10.874s
122,    1566,    192440,    000h 00m 01.566s,    000h 03m 12.440s
123,    1654,    194094,    000h 00m 01.654s,    000h 03m 14.094s
124,    1668,    195762,    000h 00m 01.668s,    000h 03m 15.762s
125,    1656,    197418,    000h 00m 01.656s,    000h 03m 17.418s
126,    1656,    199074,    000h 00m 01.656s,    000h 03m 19.074s
127,    1700,    200774,    000h 00m 01.700s,    000h 03m 20.774s
128,    1589,    202363,    000h 00m 01.589s,    000h 03m 22.363s
129,    1589,    203952,    000h 00m 01.589s,    000h 03m 23.952s
130,    1483,    205435,    000h 00m 01.483s,    000h 03m 25.435s
131,    1548,    206983,    000h 00m 01.548s,    000h 03m 26.983s
132,    1579,    208562,    000h 00m 01.579s,    000h 03m 28.562s
133,    1702,    210264,    000h 00m 01.702s,    000h 03m 30.264s
134,    1469,    211733,    000h 00m 01.469s,    000h 03m 31.733s
135,    1583,    213316,    000h 00m 01.583s,    000h 03m 33.316s
136,    1635,    214951,    000h 00m 01.635s,    000h 03m 34.951s
137,    1559,    216510,    000h 00m 01.559s,    000h 03m 36.510s
138,    1462,    217972,    000h 00m 01.462s,    000h 03m 37.972s
139,    1680,    219652,    000h 00m 01.680s,    000h 03m 39.652s
140,    1737,    221389,    000h 00m 01.737s,    000h 03m 41.389s
141,    1509,    222898,    000h 00m 01.509s,    000h 03m 42.898s
142,    1583,    224481,    000h 00m 01.583s,    000h 03m 44.481s
143,    1595,    226076,    000h 00m 01.595s,    000h 03m 46.076s
144,    1735,    227811,    000h 00m 01.735s,    000h 03m 47.811s
145,    1657,    229468,    000h 00m 01.657s,    000h 03m 49.468s
146,    1573,    231041,    000h 00m 01.573s,    000h 03m 51.041s
147,    1648,    232689,    000h 00m 01.648s,    000h 03m 52.689s
148,    1646,    234335,    000h 00m 01.646s,    000h 03m 54.335s
149,    1540,    235875,    000h 00m 01.540s,    000h 03m 55.875s
150,    1605,    237480,    000h 00m 01.605s,    000h 03m 57.480s
151,    1699,    239179,    000h 00m 01.699s,    000h 03m 59.179s
152,    1570,    240749,    000h 00m 01.570s,    000h 04m 00.749s
153,    1644,    242393,    000h 00m 01.644s,    000h 04m 02.393s
154,    1593,    243986,    000h 00m 01.593s,    000h 04m 03.986s
155,    1499,    245485,    000h 00m 01.499s,    000h 04m 05.485s
156,    1610,    247095,    000h 00m 01.610s,    000h 04m 07.095s
157,    1477,    248572,    000h 00m 01.477s,    000h 04m 08.572s
158,    1586,    250158,    000h 00m 01.586s,    000h 04m 10.158s
159,    1514,    251672,    000h 00m 01.514s,    000h 04m 11.672s
160,    1613,    253285,    000h 00m 01.613s,    000h 04m 13.285s
161,    1502,    254787,    000h 00m 01.502s,    000h 04m 14.787s
162,    1487,    256274,    000h 00m 01.487s,    000h 04m 16.274s
163,    1478,    257752,    000h 00m 01.478s,    000h 04m 17.752s
164,    1463,    259215,    000h 00m 01.463s,    000h 04m 19.215s
165,    1442,    260657,    000h 00m 01.442s,    000h 04m 20.657s
166,    1717,    262374,    000h 00m 01.717s,    000h 04m 22.374s
167,    1717,    264091,    000h 00m 01.717s,    000h 04m 24.091s
168,    1732,    265823,    000h 00m 01.732s,    000h 04m 25.823s
169,    1569,    267392,    000h 00m 01.569s,    000h 04m 27.392s
170,    1752,    269144,    000h 00m 01.752s,    000h 04m 29.144s
171,    1493,    270637,    000h 00m 01.493s,    000h 04m 30.637s
172,    1641,    272278,    000h 00m 01.641s,    000h 04m 32.278s
173,    1701,    273979,    000h 00m 01.701s,    000h 04m 33.979s
174,    1714,    275693,    000h 00m 01.714s,    000h 04m 35.693s
175,    1527,    277220,    000h 00m 01.527s,    000h 04m 37.220s
176,    1543,    278763,    000h 00m 01.543s,    000h 04m 38.763s
177,    1634,    280397,    000h 00m 01.634s,    000h 04m 40.397s
178,    1650,    282047,    000h 00m 01.650s,    000h 04m 42.047s
179,    1637,    283684,    000h 00m 01.637s,    000h 04m 43.684s
180,    1470,    285154,    000h 00m 01.470s,    000h 04m 45.154s
181,    1602,    286756,    000h 00m 01.602s,    000h 04m 46.756s
182,    1458,    288214,    000h 00m 01.458s,    000h 04m 48.214s
183,    1624,    289838,    000h 00m 01.624s,    000h 04m 49.838s
184,    1517,    291355,    000h 00m 01.517s,    000h 04m 51.355s
185,    1419,    292774,    000h 00m 01.419s,    000h 04m 52.774s
186,    1443,    294217,    000h 00m 01.443s,    000h 04m 54.217s
187,    1452,    295669,    000h 00m 01.452s,    000h 04m 55.669s
188,    1610,    297279,    000h 00m 01.610s,    000h 04m 57.279s
189,    1731,    299010,    000h 00m 01.731s,    000h 04m 59.010s
190,    1523,    300533,    000h 00m 01.523s,    000h 05m 00.533s
191,    1752,    302285,    000h 00m 01.752s,    000h 05m 02.285s
192,    1633,    303918,    000h 00m 01.633s,    000h 05m 03.918s
193,    1600,    305518,    000h 00m 01.600s,    000h 05m 05.518s
194,    1722,    307240,    000h 00m 01.722s,    000h 05m 07.240s
195,    1461,    308701,    000h 00m 01.461s,    000h 05m 08.701s
196,    1480,    310181,    000h 00m 01.480s,    000h 05m 10.181s
197,    1502,    311683,    000h 00m 01.502s,    000h 05m 11.683s
198,    1536,    313219,    000h 00m 01.536s,    000h 05m 13.219s
199,    1666,    314885,    000h 00m 01.666s,    000h 05m 14.885s
200,    1521,    316406,    000h 00m 01.521s,    000h 05m 16.406s
201,    1520,    317926,    000h 00m 01.520s,    000h 05m 17.926s
202,    1489,    319415,    000h 00m 01.489s,    000h 05m 19.415s
203,    1540,    320955,    000h 00m 01.540s,    000h 05m 20.955s
204,    1546,    322501,    000h 00m 01.546s,    000h 05m 22.501s
205,    1413,    323914,    000h 00m 01.413s,    000h 05m 23.914s
206,    1652,    325566,    000h 00m 01.652s,    000h 05m 25.566s
207,    1581,    327147,    000h 00m 01.581s,    000h 05m 27.147s
208,    1423,    328570,    000h 00m 01.423s,    000h 05m 28.570s
209,    1560,    330130,    000h 00m 01.560s,    000h 05m 30.130s
210,    1465,    331595,    000h 00m 01.465s,    000h 05m 31.595s
211,    1658,    333253,    000h 00m 01.658s,    000h 05m 33.253s
212,    1393,    334646,    000h 00m 01.393s,    000h 05m 34.646s
213,    1492,    336138,    000h 00m 01.492s,    000h 05m 36.138s
214,    1642,    337780,    000h 00m 01.642s,    000h 05m 37.780s
215,    1645,    339425,    000h 00m 01.645s,    000h 05m 39.425s
216,    1554,    340979,    000h 00m 01.554s,    000h 05m 40.979s
217,    1607,    342586,    000h 00m 01.607s,    000h 05m 42.586s
218,    1682,    344268,    000h 00m 01.682s,    000h 05m 44.268s
219,    1720,    345988,    000h 00m 01.720s,    000h 05m 45.988s
220,    1657,    347645,    000h 00m 01.657s,    000h 05m 47.645s
221,    1433,    349078,    000h 00m 01.433s,    000h 05m 49.078s
222,    1530,    350608,    000h 00m 01.530s,    000h 05m 50.608s
223,    1733,    352341,    000h 00m 01.733s,    000h 05m 52.341s
224,    1455,    353796,    000h 00m 01.455s,    000h 05m 53.796s
225,    1727,    355523,    000h 00m 01.727s,    000h 05m 55.523s
226,    1728,    357251,    000h 00m 01.728s,    000h 05m 57.251s
227,    1428,    358679,    000h 00m 01.428s,    000h 05m 58.679s
228,    1692,    360371,    000h 00m 01.692s,    000h 06m 00.371s
229,    1560,    361931,    000h 00m 01.560s,    000h 06m 01.931s
230,    1496,    363427,    000h 00m 01.496s,    000h 06m 03.427s
231,    1646,    365073,    000h 00m 01.646s,    000h 06m 05.073s
232,    1455,    366528,    000h 00m 01.455s,    000h 06m 06.528s
233,    1549,    368077,    000h 00m 01.549s,    000h 06m 08.077s
234,    1663,    369740,    000h 00m 01.663s,    000h 06m 09.740s
235,    1557,    371297,    000h 00m 01.557s,    000h 06m 11.297s
236,    1629,    372926,    000h 00m 01.629s,    000h 06m 12.926s
237,    1599,    374525,    000h 00m 01.599s,    000h 06m 14.525s
238,    1543,    376068,    000h 00m 01.543s,    000h 06m 16.068s
239,    1608,    377676,    000h 00m 01.608s,    000h 06m 17.676s
240,    1713,    379389,    000h 00m 01.713s,    000h 06m 19.389s
241,    1594,    380983,    000h 00m 01.594s,    000h 06m 20.983s
242,    1470,    382453,    000h 00m 01.470s,    000h 06m 22.453s
243,    1528,    383981,    000h 00m 01.528s,    000h 06m 23.981s
244,    1684,    385665,    000h 00m 01.684s,    000h 06m 25.665s
245,    1675,    387340,    000h 00m 01.675s,    000h 06m 27.340s
246,    1556,    388896,    000h 00m 01.556s,    000h 06m 28.896s
247,    1595,    390491,    000h 00m 01.595s,    000h 06m 30.491s
248,    1522,    392013,    000h 00m 01.522s,    000h 06m 32.013s
249,    1621,    393634,    000h 00m 01.621s,    000h 06m 33.634s
250,    1556,    395190,    000h 00m 01.556s,    000h 06m 35.190s
251,    1733,    396923,    000h 00m 01.733s,    000h 06m 36.923s
252,    1517,    398440,    000h 00m 01.517s,    000h 06m 38.440s
253,    1508,    399948,    000h 00m 01.508s,    000h 06m 39.948s
254,    1633,    401581,    000h 00m 01.633s,    000h 06m 41.581s
255,    1623,    403204,    000h 00m 01.623s,    000h 06m 43.204s
256,    1629,    404833,    000h 00m 01.629s,    000h 06m 44.833s
257,    1563,    406396,    000h 00m 01.563s,    000h 06m 46.396s
258,    1558,    407954,    000h 00m 01.558s,    000h 06m 47.954s
259,    1658,    409612,    000h 00m 01.658s,    000h 06m 49.612s
260,    1518,    411130,    000h 00m 01.518s,    000h 06m 51.130s
261,    1730,    412860,    000h 00m 01.730s,    000h 06m 52.860s
262,    1548,    414408,    000h 00m 01.548s,    000h 06m 54.408s
263,    1421,    415829,    000h 00m 01.421s,    000h 06m 55.829s
264,    1560,    417389,    000h 00m 01.560s,    000h 06m 57.389s
265,    1687,    419076,    000h 00m 01.687s,    000h 06m 59.076s
266,    1628,    420704,    000h 00m 01.628s,    000h 07m 00.704s
267,    1566,    422270,    000h 00m 01.566s,    000h 07m 02.270s
268,    1718,    423988,    000h 00m 01.718s,    000h 07m 03.988s
269,    1638,    425626,    000h 00m 01.638s,    000h 07m 05.626s
270,    1460,    427086,    000h 00m 01.460s,    000h 07m 07.086s
271,    1528,    428614,    000h 00m 01.528s,    000h 07m 08.614s
272,    1520,    430134,    000h 00m 01.520s,    000h 07m 10.134s
273,    1501,    431635,    000h 00m 01.501s,    000h 07m 11.635s
274,    1607,    433242,    000h 00m 01.607s,    000h 07m 13.242s
275,    1664,    434906,    000h 00m 01.664s,    000h 07m 14.906s
276,    1706,    436612,    000h 00m 01.706s,    000h 07m 16.612s
277,    1558,    438170,    000h 00m 01.558s,    000h 07m 18.170s
278,    1576,    439746,    000h 00m 01.576s,    000h 07m 19.746s
279,    1671,    441417,    000h 00m 01.671s,    000h 07m 21.417s
280,    1470,    442887,    000h 00m 01.470s,    000h 07m 22.887s
281,    1583,    444470,    000h 00m 01.583s,    000h 07m 24.470s
282,    1529,    445999,    000h 00m 01.529s,    000h 07m 25.999s
283,    1471,    447470,    000h 00m 01.471s,    000h 07m 27.470s
284,    1718,    449188,    000h 00m 01.718s,    000h 07m 29.188s
285,    1565,    450753,    000h 00m 01.565s,    000h 07m 30.753s
286,    1719,    452472,    000h 00m 01.719s,    000h 07m 32.472s
287,    1582,    454054,    000h 00m 01.582s,    000h 07m 34.054s
288,    1695,    455749,    000h 00m 01.695s,    000h 07m 35.749s
289,    1661,    457410,    000h 00m 01.661s,    000h 07m 37.410s
290,    1674,    459084,    000h 00m 01.674s,    000h 07m 39.084s
291,    1672,    460756,    000h 00m 01.672s,    000h 07m 40.756s
292,    1471,    462227,    000h 00m 01.471s,    000h 07m 42.227s
293,    1608,    463835,    000h 00m 01.608s,    000h 07m 43.835s
294,    1607,    465442,    000h 00m 01.607s,    000h 07m 45.442s
295,    1676,    467118,    000h 00m 01.676s,    000h 07m 47.118s
296,    1687,    468805,    000h 00m 01.687s,    000h 07m 48.805s
297,    1466,    470271,    000h 00m 01.466s,    000h 07m 50.271s
298,    1551,    471822,    000h 00m 01.551s,    000h 07m 51.822s
299,    1721,    473543,    000h 00m 01.721s,    000h 07m 53.543s
300,    1642,    475185,    000h 00m 01.642s,    000h 07m 55.185s
301,    1561,    476746,    000h 00m 01.561s,    000h 07m 56.746s
302,    1614,    478360,    000h 00m 01.614s,    000h 07m 58.360s
303,    1483,    479843,    000h 00m 01.483s,    000h 07m 59.843s
304,    1710,    481553,    000h 00m 01.710s,    000h 08m 01.553s
305,    1434,    482987,    000h 00m 01.434s,    000h 08m 02.987s
306,    1430,    484417,    000h 00m 01.430s,    000h 08m 04.417s
307,    1509,    485926,    000h 00m 01.509s,    000h 08m 05.926s
308,    1690,    487616,    000h 00m 01.690s,    000h 08m 07.616s
309,    1638,    489254,    000h 00m 01.638s,    000h 08m 09.254s
310,    1759,    491013,    000h 00m 01.759s,    000h 08m 11.013s
311,    1598,    492611,    000h 00m 01.598s,    000h 08m 12.611s
312,    1516,    494127,    000h 00m 01.516s,    000h 08m 14.127s
313,    1727,    495854,    000h 00m 01.727s,    000h 08m 15.854s
314,    1434,    497288,    000h 00m 01.434s,    000h 08m 17.288s
315,    1738,    499026,    000h 00m 01.738s,    000h 08m 19.026s
316,    1580,    500606,    000h 00m 01.580s,    000h 08m 20.606s
317,    1552,    502158,    000h 00m 01.552s,    000h 08m 22.158s
318,    1556,    503714,    000h 00m 01.556s,    000h 08m 23.714s
319,    1624,    505338,    000h 00m 01.624s,    000h 08m 25.338s
320,    1477,    506815,    000h 00m 01.477s,    000h 08m 26.815s
321,    1701,    508516,    000h 00m 01.701s,    000h 08m 28.516s
322,    1637,    510153,    000h 00m 01.637s,    000h 08m 30.153s
323,    1586,    511739,    000h 00m 01.586s,    000h 08m 31.739s
324,    1623,    513362,    000h 00m 01.623s,    000h 08m 33.362s
325,    1439,    514801,    000h 00m 01.439s,    000h 08m 34.801s
326,    1608,    516409,    000h 00m 01.608s,    000h 08m 36.409s
327,    1706,    518115,    000h 00m 01.706s,    000h 08m 38.115s
328,    1519,    519634,    000h 00m 01.519s,    000h 08m 39.634s
329,    1703,    521337,    000h 00m 01.703s,    000h 08m 41.337s
330,    1717,    523054,    000h 00m 01.717s,    000h 08m 43.054s
331,    1667,    524721,    000h 00m 01.667s,    000h 08m 44.721s
332,    1515,    526236,    000h 00m 01.515s,    000h 08m 46.236s
333,    1597,    527833,    000h 00m 01.597s,    000h 08m 47.833s
334,    1679,    529512,    000h 00m 01.679s,    000h 08m 49.512s
335,    1620,    531132,    000h 00m 01.620s,    000h 08m 51.132s
336,    1563,    532695,    000h 00m 01.563s,    000h 08m 52.695s
337,    1671,    534366,    000h 00m 01.671s,    000h 08m 54.366s
338,    1468,    535834,    000h 00m 01.468s,    000h 08m 55.834s
339,    1437,    537271,    000h 00m 01.437s,    000h 08m 57.271s
340,    1698,    538969,    000h 00m 01.698s,    000h 08m 58.969s
341,    1569,    540538,    000h 00m 01.569s,    000h 09m 00.538s
342,    1500,    542038,    000h 00m 01.500s,    000h 09m 02.038s
343,    1666,    543704,    000h 00m 01.666s,    000h 09m 03.704s
344,    1699,    545403,    000h 00m 01.699s,    000h 09m 05.403s
345,    1462,    546865,    000h 00m 01.462s,    000h 09m 06.865s
346,    1586,    548451,    000h 00m 01.586s,    000h 09m 08.451s
347,    1451,    549902,    000h 00m 01.451s,    000h 09m 09.902s
348,    1628,    551530,    000h 00m 01.628s,    000h 09m 11.530s
349,    1455,    552985,    000h 00m 01.455s,    000h 09m 12.985s
350,    1587,    554572,    000h 00m 01.587s,    000h 09m 14.572s
351,    1735,    556307,    000h 00m 01.735s,    000h 09m 16.307s
352,    1633,    557940,    000h 00m 01.633s,    000h 09m 17.940s
353,    1734,    559674,    000h 00m 01.734s,    000h 09m 19.674s
354,    1646,    561320,    000h 00m 01.646s,    000h 09m 21.320s
355,    1513,    562833,    000h 00m 01.513s,    000h 09m 22.833s
356,    1701,    564534,    000h 00m 01.701s,    000h 09m 24.534s
357,    1535,    566069,    000h 00m 01.535s,    000h 09m 26.069s
358,    1445,    567514,    000h 00m 01.445s,    000h 09m 27.514s
359,    1464,    568978,    000h 00m 01.464s,    000h 09m 28.978s
360,    1677,    570655,    000h 00m 01.677s,    000h 09m 30.655s
361,    1479,    572134,    000h 00m 01.479s,    000h 09m 32.134s
362,    1471,    573605,    000h 00m 01.471s,    000h 09m 33.605s
363,    1690,    575295,    000h 00m 01.690s,    000h 09m 35.295s
364,    1551,    576846,    000h 00m 01.551s,    000h 09m 36.846s
365,    1647,    578493,    000h 00m 01.647s,    000h 09m 38.493s
366,    1716,    580209,    000h 00m 01.716s,    000h 09m 40.209s
367,    1520,    581729,    000h 00m 01.520s,    000h 09m 41.729s
368,    1533,    583262,    000h 00m 01.533s,    000h 09m 43.262s
369,    1666,    584928,    000h 00m 01.666s,    000h 09m 44.928s
370,    1503,    586431,    000h 00m 01.503s,    000h 09m 46.431s
371,    1458,    587889,    000h 00m 01.458s,    000h 09m 47.889s
372,    1571,    589460,    000h 00m 01.571s,    000h 09m 49.460s
373,    1474,    590934,    000h 00m 01.474s,    000h 09m 50.934s
374,    1660,    592594,    000h 00m 01.660s,    000h 09m 52.594s
375,    1711,    594305,    000h 00m 01.711s,    000h 09m 54.305s
376,    1375,    595680,    000h 00m 01.375s,    000h 09m 55.680s
377,    1692,    597372,    000h 00m 01.692s,    000h 09m 57.372s
378,    1638,    599010,    000h 00m 01.638s,    000h 09m 59.010s
379,    1670,    600680,    000h 00m 01.670s,    000h 10m 00.680s
380,    1703,    602383,    000h 00m 01.703s,    000h 10m 02.383s
381,    1676,    604059,    000h 00m 01.676s,    000h 10m 04.059s
382,    1652,    605711,    000h 00m 01.652s,    000h 10m 05.711s
383,    1713,    607424,    000h 00m 01.713s,    000h 10m 07.424s
384,    1527,    608951,    000h 00m 01.527s,    000h 10m 08.951s
385,    1667,    610618,    000h 00m 01.667s,    000h 10m 10.618s
386,    1595,    612213,    000h 00m 01.595s,    000h 10m 12.213s
387,    1505,    613718,    000h 00m 01.505s,    000h 10m 13.718s
388,    1485,    615203,    000h 00m 01.485s,    000h 10m 15.203s
389,    1649,    616852,    000h 00m 01.649s,    000h 10m 16.852s
390,    1523,    618375,    000h 00m 01.523s,    000h 10m 18.375s
391,    1615,    619990,    000h 00m 01.615s,    000h 10m 19.990s
392,    1629,    621619,    000h 00m 01.629s,    000h 10m 21.619s
393,    1474,    623093,    000h 00m 01.474s,    000h 10m 23.093s
394,    1714,    624807,    000h 00m 01.714s,    000h 10m 24.807s
395,    1614,    626421,    000h 00m 01.614s,    000h 10m 26.421s
396,    1517,    627938,    000h 00m 01.517s,    000h 10m 27.938s
397,    1420,    629358,    000h 00m 01.420s,    000h 10m 29.358s
398,    1630,    630988,    000h 00m 01.630s,    000h 10m 30.988s
399,    1445,    632433,    000h 00m 01.445s,    000h 10m 32.433s
400,    1671,    634104,    000h 00m 01.671s,    000h 10m 34.104s
401,    1490,    635594,    000h 00m 01.490s,    000h 10m 35.594s
402,    1548,    637142,    000h 00m 01.548s,    000h 10m 37.142s
403,    1442,    638584,    000h 00m 01.442s,    000h 10m 38.584s
404,    1649,    640233,    000h 00m 01.649s,    000h 10m 40.233s
405,    1687,    641920,    000h 00m 01.687s,    000h 10m 41.920s
406,    1554,    643474,    000h 00m 01.554s,    000h 10m 43.474s
407,    1769,    645243,    000h 00m 01.769s,    000h 10m 45.243s
408,    1461,    646704,    000h 00m 01.461s,    000h 10m 46.704s
409,    1628,    648332,    000h 00m 01.628s,    000h 10m 48.332s
410,    1706,    650038,    000h 00m 01.706s,    000h 10m 50.038s
411,    1725,    651763,    000h 00m 01.725s,    000h 10m 51.763s
412,    1693,    653456,    000h 00m 01.693s,    000h 10m 53.456s
413,    1541,    654997,    000h 00m 01.541s,    000h 10m 54.997s
414,    1708,    656705,    000h 00m 01.708s,    000h 10m 56.705s
415,    1530,    658235,    000h 00m 01.530s,    000h 10m 58.235s
416,    1706,    659941,    000h 00m 01.706s,    000h 10m 59.941s
417,    1531,    661472,    000h 00m 01.531s,    000h 11m 01.472s
418,    1722,    663194,    000h 00m 01.722s,    000h 11m 03.194s
419,    1720,    664914,    000h 00m 01.720s,    000h 11m 04.914s
420,    1725,    666639,    000h 00m 01.725s,    000h 11m 06.639s
421,    1539,    668178,    000h 00m 01.539s,    000h 11m 08.178s
422,    1650,    669828,    000h 00m 01.650s,    000h 11m 09.828s
423,    1689,    671517,    000h 00m 01.689s,    000h 11m 11.517s
424,    1480,    672997,    000h 00m 01.480s,    000h 11m 12.997s
425,    1631,    674628,    000h 00m 01.631s,    000h 11m 14.628s
426,    1570,    676198,    000h 00m 01.570s,    000h 11m 16.198s
427,    1553,    677751,    000h 00m 01.553s,    000h 11m 17.751s
428,    1658,    679409,    000h 00m 01.658s,    000h 11m 19.409s
429,    1634,    681043,    000h 00m 01.634s,    000h 11m 21.043s
430,    1681,    682724,    000h 00m 01.681s,    000h 11m 22.724s
431,    1711,    684435,    000h 00m 01.711s,    000h 11m 24.435s
432,    1698,    686133,    000h 00m 01.698s,    000h 11m 26.133s
433,    1633,    687766,    000h 00m 01.633s,    000h 11m 27.766s
434,    1657,    689423,    000h 00m 01.657s,    000h 11m 29.423s
435,    1703,    691126,    000h 00m 01.703s,    000h 11m 31.126s
436,    1756,    692882,    000h 00m 01.756s,    000h 11m 32.882s
437,    1535,    694417,    000h 00m 01.535s,    000h 11m 34.417s
438,    1549,    695966,    000h 00m 01.549s,    000h 11m 35.966s
439,    1453,    697419,    000h 00m 01.453s,    000h 11m 37.419s
440,    1549,    698968,    000h 00m 01.549s,    000h 11m 38.968s
441,    1632,    700600,    000h 00m 01.632s,    000h 11m 40.600s
442,    1546,    702146,    000h 00m 01.546s,    000h 11m 42.146s
443,    1495,    703641,    000h 00m 01.495s,    000h 11m 43.641s
444,    1499,    705140,    000h 00m 01.499s,    000h 11m 45.140s
445,    1741,    706881,    000h 00m 01.741s,    000h 11m 46.881s
446,    1559,    708440,    000h 00m 01.559s,    000h 11m 48.440s
447,    1631,    710071,    000h 00m 01.631s,    000h 11m 50.071s
448,    1739,    711810,    000h 00m 01.739s,    000h 11m 51.810s
449,    1559,    713369,    000h 00m 01.559s,    000h 11m 53.369s
450,    1673,    715042,    000h 00m 01.673s,    000h 11m 55.042s
451,    1730,    716772,    000h 00m 01.730s,    000h 11m 56.772s
452,    1434,    718206,    000h 00m 01.434s,    000h 11m 58.206s
453,    1717,    719923,    000h 00m 01.717s,    000h 11m 59.923s
454,    1415,    721338,    000h 00m 01.415s,    000h 12m 01.338s
455,    1585,    722923,    000h 00m 01.585s,    000h 12m 02.923s
456,    1632,    724555,    000h 00m 01.632s,    000h 12m 04.555s
457,    1701,    726256,    000h 00m 01.701s,    000h 12m 06.256s
458,    1621,    727877,    000h 00m 01.621s,    000h 12m 07.877s
459,    1641,    729518,    000h 00m 01.641s,    000h 12m 09.518s
460,    1652,    731170,    000h 00m 01.652s,    000h 12m 11.170s
461,    1416,    732586,    000h 00m 01.416s,    000h 12m 12.586s
462,    1527,    734113,    000h 00m 01.527s,    000h 12m 14.113s
463,    1580,    735693,    000h 00m 01.580s,    000h 12m 15.693s
464,    1630,    737323,    000h 00m 01.630s,    000h 12m 17.323s
465,    1706,    739029,    000h 00m 01.706s,    000h 12m 19.029s
466,    1652,    740681,    000h 00m 01.652s,    000h 12m 20.681s
467,    1542,    742223,    000h 00m 01.542s,    000h 12m 22.223s
468,    1443,    743666,    000h 00m 01.443s,    000h 12m 23.666s
469,    1665,    745331,    000h 00m 01.665s,    000h 12m 25.331s
470,    1412,    746743,    000h 00m 01.412s,    000h 12m 26.743s
471,    1522,    748265,    000h 00m 01.522s,    000h 12m 28.265s
472,    1455,    749720,    000h 00m 01.455s,    000h 12m 29.720s
473,    1663,    751383,    000h 00m 01.663s,    000h 12m 31.383s
474,    1690,    753073,    000h 00m 01.690s,    000h 12m 33.073s
475,    1473,    754546,    000h 00m 01.473s,    000h 12m 34.546s
476,    1666,    756212,    000h 00m 01.666s,    000h 12m 36.212s
477,    1692,    757904,    000h 00m 01.692s,    000h 12m 37.904s
478,    1674,    759578,    000h 00m 01.674s,    000h 12m 39.578s
479,    1639,    761217,    000h 00m 01.639s,    000h 12m 41.217s
480,    1519,    762736,    000h 00m 01.519s,    000h 12m 42.736s
481,    1553,    764289,    000h 00m 01.553s,    000h 12m 44.289s
482,    1438,    765727,    000h 00m 01.438s,    000h 12m 45.727s
483,    1614,    767341,    000h 00m 01.614s,    000h 12m 47.341s
484,    1682,    769023,    000h 00m 01.682s,    000h 12m 49.023s
485,    1556,    770579,    000h 00m 01.556s,    000h 12m 50.579s
486,    1564,    772143,    000h 00m 01.564s,    000h 12m 52.143s
487,    1695,    773838,    000h 00m 01.695s,    000h 12m 53.838s
488,    1526,    775364,    000h 00m 01.526s,    000h 12m 55.364s
489,    1646,    777010,    000h 00m 01.646s,    000h 12m 57.010s
490,    1531,    778541,    000h 00m 01.531s,    000h 12m 58.541s
491,    1594,    780135,    000h 00m 01.594s,    000h 13m 00.135s
492,    1713,    781848,    000h 00m 01.713s,    000h 13m 01.848s
493,    1495,    783343,    000h 00m 01.495s,    000h 13m 03.343s
494,    1530,    784873,    000h 00m 01.530s,    000h 13m 04.873s
495,    1480,    786353,    000h 00m 01.480s,    000h 13m 06.353s
496,    1677,    788030,    000h 00m 01.677s,    000h 13m 08.030s
497,    1722,    789752,    000h 00m 01.722s,    000h 13m 09.752s
498,    1483,    791235,    000h 00m 01.483s,    000h 13m 11.235s
499,    1637,    792872,    000h 00m 01.637s,    000h 13m 12.872s
500,    1476,    794348,    000h 00m 01.476s,    000h 13m 14.348s
501,    1709,    796057,    000h 00m 01.709s,    000h 13m 16.057s
502,    1553,    797610,    000h 00m 01.553s,    000h 13m 17.610s
503,    1525,    799135,    000h 00m 01.525s,    000h 13m 19.135s
504,    1719,    800854,    000h 00m 01.719s,    000h 13m 20.854s
505,    1605,    802459,    000h 00m 01.605s,    000h 13m 22.459s
506,    1640,    804099,    000h 00m 01.640s,    000h 13m 24.099s
507,    1412,    805511,    000h 00m 01.412s,    000h 13m 25.511s
508,    1434,    806945,    000h 00m 01.434s,    000h 13m 26.945s
509,    1636,    808581,    000h 00m 01.636s,    000h 13m 28.581s
510,    1429,    810010,    000h 00m 01.429s,    000h 13m 30.010s
511,    1641,    811651,    000h 00m 01.641s,    000h 13m 31.651s
512,    1449,    813100,    000h 00m 01.449s,    000h 13m 33.100s
513,    1729,    814829,    000h 00m 01.729s,    000h 13m 34.829s
514,    1395,    816224,    000h 00m 01.395s,    000h 13m 36.224s
515,    1728,    817952,    000h 00m 01.728s,    000h 13m 37.952s
516,    1661,    819613,    000h 00m 01.661s,    000h 13m 39.613s
517,    1490,    821103,    000h 00m 01.490s,    000h 13m 41.103s
518,    1540,    822643,    000h 00m 01.540s,    000h 13m 42.643s
519,    1549,    824192,    000h 00m 01.549s,    000h 13m 44.192s
520,    1570,    825762,    000h 00m 01.570s,    000h 13m 45.762s
521,    1486,    827248,    000h 00m 01.486s,    000h 13m 47.248s
522,    1704,    828952,    000h 00m 01.704s,    000h 13m 48.952s
523,    1564,    830516,    000h 00m 01.564s,    000h 13m 50.516s
524,    1621,    832137,    000h 00m 01.621s,    000h 13m 52.137s
525,    1650,    833787,    000h 00m 01.650s,    000h 13m 53.787s
526,    1730,    835517,    000h 00m 01.730s,    000h 13m 55.517s
527,    1621,    837138,    000h 00m 01.621s,    000h 13m 57.138s
528,    1693,    838831,    000h 00m 01.693s,    000h 13m 58.831s
529,    1429,    840260,    000h 00m 01.429s,    000h 14m 00.260s
530,    1683,    841943,    000h 00m 01.683s,    000h 14m 01.943s
531,    1532,    843475,    000h 00m 01.532s,    000h 14m 03.475s
532,    1712,    845187,    000h 00m 01.712s,    000h 14m 05.187s
533,    1528,    846715,    000h 00m 01.528s,    000h 14m 06.715s
534,    1688,    848403,    000h 00m 01.688s,    000h 14m 08.403s
535,    1639,    850042,    000h 00m 01.639s,    000h 14m 10.042s
536,    1459,    851501,    000h 00m 01.459s,    000h 14m 11.501s
537,    1421,    852922,    000h 00m 01.421s,    000h 14m 12.922s
538,    1621,    854543,    000h 00m 01.621s,    000h 14m 14.543s
539,    1417,    855960,    000h 00m 01.417s,    000h 14m 15.960s
540,    1634,    857594,    000h 00m 01.634s,    000h 14m 17.594s
541,    1519,    859113,    000h 00m 01.519s,    000h 14m 19.113s
542,    1464,    860577,    000h 00m 01.464s,    000h 14m 20.577s
543,    1710,    862287,    000h 00m 01.710s,    000h 14m 22.287s
544,    1549,    863836,    000h 00m 01.549s,    000h 14m 23.836s
545,    1659,    865495,    000h 00m 01.659s,    000h 14m 25.495s
546,    1460,    866955,    000h 00m 01.460s,    000h 14m 26.955s
547,    1577,    868532,    000h 00m 01.577s,    000h 14m 28.532s
548,    1693,    870225,    000h 00m 01.693s,    000h 14m 30.225s
549,    1726,    871951,    000h 00m 01.726s,    000h 14m 31.951s
550,    1520,    873471,    000h 00m 01.520s,    000h 14m 33.471s
551,    1630,    875101,    000h 00m 01.630s,    000h 14m 35.101s
552,    1485,    876586,    000h 00m 01.485s,    000h 14m 36.586s
553,    1475,    878061,    000h 00m 01.475s,    000h 14m 38.061s
554,    1593,    879654,    000h 00m 01.593s,    000h 14m 39.654s
555,    1460,    881114,    000h 00m 01.460s,    000h 14m 41.114s
556,    1473,    882587,    000h 00m 01.473s,    000h 14m 42.587s
557,    1476,    884063,    000h 00m 01.476s,    000h 14m 44.063s
558,    1635,    885698,    000h 00m 01.635s,    000h 14m 45.698s
559,    1576,    887274,    000h 00m 01.576s,    000h 14m 47.274s
560,    1455,    888729,    000h 00m 01.455s,    000h 14m 48.729s
561,    1504,    890233,    000h 00m 01.504s,    000h 14m 50.233s
562,    1479,    891712,    000h 00m 01.479s,    000h 14m 51.712s
563,    1407,    893119,    000h 00m 01.407s,    000h 14m 53.119s
564,    1590,    894709,    000h 00m 01.590s,    000h 14m 54.709s
565,    1720,    896429,    000h 00m 01.720s,    000h 14m 56.429s
566,    1540,    897969,    000h 00m 01.540s,    000h 14m 57.969s
567,    1474,    899443,    000h 00m 01.474s,    000h 14m 59.443s
568,    1609,    901052,    000h 00m 01.609s,    000h 15m 01.052s
569,    1544,    902596,    000h 00m 01.544s,    000h 15m 02.596s
570,    1727,    904323,    000h 00m 01.727s,    000h 15m 04.323s
571,    1472,    905795,    000h 00m 01.472s,    000h 15m 05.795s
572,    1585,    907380,    000h 00m 01.585s,    000h 15m 07.380s
573,    1719,    909099,    000h 00m 01.719s,    000h 15m 09.099s
574,    1480,    910579,    000h 00m 01.480s,    000h 15m 10.579s
575,    1511,    912090,    000h 00m 01.511s,    000h 15m 12.090s
576,    1529,    913619,    000h 00m 01.529s,    000h 15m 13.619s
577,    1699,    915318,    000h 00m 01.699s,    000h 15m 15.318s
578,    1499,    916817,    000h 00m 01.499s,    000h 15m 16.817s
579,    1571,    918388,    000h 00m 01.571s,    000h 15m 18.388s
580,    1483,    919871,    000h 00m 01.483s,    000h 15m 19.871s
581,    1429,    921300,    000h 00m 01.429s,    000h 15m 21.300s
582,    1731,    923031,    000h 00m 01.731s,    000h 15m 23.031s
583,    1481,    924512,    000h 00m 01.481s,    000h 15m 24.512s
584,    1633,    926145,    000h 00m 01.633s,    000h 15m 26.145s
585,    1597,    927742,    000h 00m 01.597s,    000h 15m 27.742s
586,    1485,    929227,    000h 00m 01.485s,    000h 15m 29.227s
587,    1594,    930821,    000h 00m 01.594s,    000h 15m 30.821s
588,    1460,    932281,    000h 00m 01.460s,    000h 15m 32.281s
589,    1434,    933715,    000h 00m 01.434s,    000h 15m 33.715s
590,    1704,    935419,    000h 00m 01.704s,    000h 15m 35.419s
591,    1604,    937023,    000h 00m 01.604s,    000h 15m 37.023s
592,    1612,    938635,    000h 00m 01.612s,    000h 15m 38.635s
593,    1659,    940294,    000h 00m 01.659s,    000h 15m 40.294s
594,    1504,    941798,    000h 00m 01.504s,    000h 15m 41.798s
595,    1419,    943217,    000h 00m 01.419s,    000h 15m 43.217s
596,    1617,    944834,    000h 00m 01.617s,    000h 15m 44.834s
597,    1612,    946446,    000h 00m 01.612s,    000h 15m 46.446s
598,    1676,    948122,    000h 00m 01.676s,    000h 15m 48.122s
599,    1454,    949576,    000h 00m 01.454s,    000h 15m 49.576s
600,    1662,    951238,    000h 00m 01.662s,    000h 15m 51.238s
601,    1680,    952918,    000h 00m 01.680s,    000h 15m 52.918s
602,    1691,    954609,    000h 00m 01.691s,    000h 15m 54.609s
603,    1643,    956252,    000h 00m 01.643s,    000h 15m 56.252s
604,    1685,    957937,    000h 00m 01.685s,    000h 15m 57.937s
605,    1578,    959515,    000h 00m 01.578s,    000h 15m 59.515s
606,    1469,    960984,    000h 00m 01.469s,    000h 16m 00.984s
607,    1548,    962532,    000h 00m 01.548s,    000h 16m 02.532s
608,    1622,    964154,    000h 00m 01.622s,    000h 16m 04.154s
609,    1693,    965847,    000h 00m 01.693s,    000h 16m 05.847s
610,    1389,    967236,    000h 00m 01.389s,    000h 16m 07.236s
611,    1670,    968906,    000h 00m 01.670s,    000h 16m 08.906s
612,    1765,    970671,    000h 00m 01.765s,    000h 16m 10.671s
613,    1602,    972273,    000h 00m 01.602s,    000h 16m 12.273s
614,    1670,    973943,    000h 00m 01.670s,    000h 16m 13.943s
615,    1488,    975431,    000h 00m 01.488s,    000h 16m 15.431s
616,    1645,    977076,    000h 00m 01.645s,    000h 16m 17.076s
617,    1553,    978629,    000h 00m 01.553s,    000h 16m 18.629s
618,    1582,    980211,    000h 00m 01.582s,    000h 16m 20.211s
619,    1669,    981880,    000h 00m 01.669s,    000h 16m 21.880s
620,    1494,    983374,    000h 00m 01.494s,    000h 16m 23.374s
621,    1454,    984828,    000h 00m 01.454s,    000h 16m 24.828s
622,    1523,    986351,    000h 00m 01.523s,    000h 16m 26.351s
623,    1641,    987992,    000h 00m 01.641s,    000h 16m 27.992s
624,    1475,    989467,    000h 00m 01.475s,    000h 16m 29.467s
625,    1685,    991152,    000h 00m 01.685s,    000h 16m 31.152s
626,    1454,    992606,    000h 00m 01.454s,    000h 16m 32.606s
627,    1721,    994327,    000h 00m 01.721s,    000h 16m 34.327s
628,    1675,    996002,    000h 00m 01.675s,    000h 16m 36.002s
629,    1471,    997473,    000h 00m 01.471s,    000h 16m 37.473s
630,    1743,    999216,    000h 00m 01.743s,    000h 16m 39.216s
631,    1646,    1000862,    000h 00m 01.646s,    000h 16m 40.862s
632,    1598,    1002460,    000h 00m 01.598s,    000h 16m 42.460s
633,    1507,    1003967,    000h 00m 01.507s,    000h 16m 43.967s
634,    1474,    1005441,    000h 00m 01.474s,    000h 16m 45.441s
635,    1473,    1006914,    000h 00m 01.473s,    000h 16m 46.914s
636,    1574,    1008488,    000h 00m 01.574s,    000h 16m 48.488s
637,    1459,    1009947,    000h 00m 01.459s,    000h 16m 49.947s
638,    1645,    1011592,    000h 00m 01.645s,    000h 16m 51.592s
639,    1452,    1013044,    000h 00m 01.452s,    000h 16m 53.044s
640,    1420,    1014464,    000h 00m 01.420s,    000h 16m 54.464s
641,    1552,    1016016,    000h 00m 01.552s,    000h 16m 56.016s
642,    1661,    1017677,    000h 00m 01.661s,    000h 16m 57.677s
643,    1544,    1019221,    000h 00m 01.544s,    000h 16m 59.221s
644,    1522,    1020743,    000h 00m 01.522s,    000h 17m 00.743s
645,    1568,    1022311,    000h 00m 01.568s,    000h 17m 02.311s
646,    1605,    1023916,    000h 00m 01.605s,    000h 17m 03.916s
647,    1757,    1025673,    000h 00m 01.757s,    000h 17m 05.673s
648,    1624,    1027297,    000h 00m 01.624s,    000h 17m 07.297s
649,    1678,    1028975,    000h 00m 01.678s,    000h 17m 08.975s
650,    1691,    1030666,    000h 00m 01.691s,    000h 17m 10.666s
651,    1524,    1032190,    000h 00m 01.524s,    000h 17m 12.190s
652,    1597,    1033787,    000h 00m 01.597s,    000h 17m 13.787s
653,    1712,    1035499,    000h 00m 01.712s,    000h 17m 15.499s
654,    1437,    1036936,    000h 00m 01.437s,    000h 17m 16.936s
655,    1751,    1038687,    000h 00m 01.751s,    000h 17m 18.687s
656,    1647,    1040334,    000h 00m 01.647s,    000h 17m 20.334s
657,    1441,    1041775,    000h 00m 01.441s,    000h 17m 21.775s
658,    1704,    1043479,    000h 00m 01.704s,    000h 17m 23.479s
659,    1708,    1045187,    000h 00m 01.708s,    000h 17m 25.187s
660,    1456,    1046643,    000h 00m 01.456s,    000h 17m 26.643s
661,    1725,    1048368,    000h 00m 01.725s,    000h 17m 28.368s
662,    1437,    1049805,    000h 00m 01.437s,    000h 17m 29.805s
663,    1631,    1051436,    000h 00m 01.631s,    000h 17m 31.436s
664,    1728,    1053164,    000h 00m 01.728s,    000h 17m 33.164s
665,    1639,    1054803,    000h 00m 01.639s,    000h 17m 34.803s
666,    1644,    1056447,    000h 00m 01.644s,    000h 17m 36.447s
667,    1542,    1057989,    000h 00m 01.542s,    000h 17m 37.989s
668,    1630,    1059619,    000h 00m 01.630s,    000h 17m 39.619s
669,    1487,    1061106,    000h 00m 01.487s,    000h 17m 41.106s
670,    1532,    1062638,    000h 00m 01.532s,    000h 17m 42.638s
671,    1599,    1064237,    000h 00m 01.599s,    000h 17m 44.237s
672,    1606,    1065843,    000h 00m 01.606s,    000h 17m 45.843s
673,    1643,    1067486,    000h 00m 01.643s,    000h 17m 47.486s
674,    1514,    1069000,    000h 00m 01.514s,    000h 17m 49.000s
675,    1435,    1070435,    000h 00m 01.435s,    000h 17m 50.435s
676,    1608,    1072043,    000h 00m 01.608s,    000h 17m 52.043s
677,    1527,    1073570,    000h 00m 01.527s,    000h 17m 53.570s
678,    1564,    1075134,    000h 00m 01.564s,    000h 17m 55.134s
679,    1745,    1076879,    000h 00m 01.745s,    000h 17m 56.879s
680,    1686,    1078565,    000h 00m 01.686s,    000h 17m 58.565s
681,    1739,    1080304,    000h 00m 01.739s,    000h 18m 00.304s
682,    1497,    1081801,    000h 00m 01.497s,    000h 18m 01.801s
683,    1572,    1083373,    000h 00m 01.572s,    000h 18m 03.373s
684,    1679,    1085052,    000h 00m 01.679s,    000h 18m 05.052s
685,    1660,    1086712,    000h 00m 01.660s,    000h 18m 06.712s
686,    1636,    1088348,    000h 00m 01.636s,    000h 18m 08.348s
687,    1395,    1089743,    000h 00m 01.395s,    000h 18m 09.743s
688,    1437,    1091180,    000h 00m 01.437s,    000h 18m 11.180s
689,    1494,    1092674,    000h 00m 01.494s,    000h 18m 12.674s
690,    1624,    1094298,    000h 00m 01.624s,    000h 18m 14.298s
691,    1503,    1095801,    000h 00m 01.503s,    000h 18m 15.801s
692,    1453,    1097254,    000h 00m 01.453s,    000h 18m 17.254s
693,    1731,    1098985,    000h 00m 01.731s,    000h 18m 18.985s
694,    1519,    1100504,    000h 00m 01.519s,    000h 18m 20.504s
695,    1693,    1102197,    000h 00m 01.693s,    000h 18m 22.197s
696,    1810,    1104007,    000h 00m 01.810s,    000h 18m 24.007s
697,    1829,    1105836,    000h 00m 01.829s,    000h 18m 25.836s
698,    1723,    1107559,    000h 00m 01.723s,    000h 18m 27.559s
699,    1699,    1109258,    000h 00m 01.699s,    000h 18m 29.258s
700,    1543,    1110801,    000h 00m 01.543s,    000h 18m 30.801s
701,    1729,    1112530,    000h 00m 01.729s,    000h 18m 32.530s
702,    1523,    1114053,    000h 00m 01.523s,    000h 18m 34.053s
703,    1601,    1115654,    000h 00m 01.601s,    000h 18m 35.654s
704,    1554,    1117208,    000h 00m 01.554s,    000h 18m 37.208s
705,    1654,    1118862,    000h 00m 01.654s,    000h 18m 38.862s
706,    1601,    1120463,    000h 00m 01.601s,    000h 18m 40.463s
707,    1606,    1122069,    000h 00m 01.606s,    000h 18m 42.069s
708,    1458,    1123527,    000h 00m 01.458s,    000h 18m 43.527s
709,    1583,    1125110,    000h 00m 01.583s,    000h 18m 45.110s
710,    1396,    1126506,    000h 00m 01.396s,    000h 18m 46.506s
711,    1673,    1128179,    000h 00m 01.673s,    000h 18m 48.179s
712,    1482,    1129661,    000h 00m 01.482s,    000h 18m 49.661s
713,    1621,    1131282,    000h 00m 01.621s,    000h 18m 51.282s
714,    1442,    1132724,    000h 00m 01.442s,    000h 18m 52.724s
715,    1441,    1134165,    000h 00m 01.441s,    000h 18m 54.165s
716,    1742,    1135907,    000h 00m 01.742s,    000h 18m 55.907s
717,    1519,    1137426,    000h 00m 01.519s,    000h 18m 57.426s
718,    1447,    1138873,    000h 00m 01.447s,    000h 18m 58.873s
719,    1720,    1140593,    000h 00m 01.720s,    000h 19m 00.593s
720,    1600,    1142193,    000h 00m 01.600s,    000h 19m 02.193s
721,    1656,    1143849,    000h 00m 01.656s,    000h 19m 03.849s
722,    1590,    1145439,    000h 00m 01.590s,    000h 19m 05.439s
723,    1579,    1147018,    000h 00m 01.579s,    000h 19m 07.018s
724,    1429,    1148447,    000h 00m 01.429s,    000h 19m 08.447s
725,    1468,    1149915,    000h 00m 01.468s,    000h 19m 09.915s
726,    1583,    1151498,    000h 00m 01.583s,    000h 19m 11.498s
727,    1510,    1153008,    000h 00m 01.510s,    000h 19m 13.008s
728,    1556,    1154564,    000h 00m 01.556s,    000h 19m 14.564s
729,    1698,    1156262,    000h 00m 01.698s,    000h 19m 16.262s
730,    1686,    1157948,    000h 00m 01.686s,    000h 19m 17.948s
731,    1476,    1159424,    000h 00m 01.476s,    000h 19m 19.424s
732,    1539,    1160963,    000h 00m 01.539s,    000h 19m 20.963s
733,    1421,    1162384,    000h 00m 01.421s,    000h 19m 22.384s
734,    1564,    1163948,    000h 00m 01.564s,    000h 19m 23.948s
735,    1678,    1165626,    000h 00m 01.678s,    000h 19m 25.626s
736,    1659,    1167285,    000h 00m 01.659s,    000h 19m 27.285s
737,    1611,    1168896,    000h 00m 01.611s,    000h 19m 28.896s
738,    1569,    1170465,    000h 00m 01.569s,    000h 19m 30.465s
739,    1562,    1172027,    000h 00m 01.562s,    000h 19m 32.027s
740,    1503,    1173530,    000h 00m 01.503s,    000h 19m 33.530s
741,    1585,    1175115,    000h 00m 01.585s,    000h 19m 35.115s
742,    1432,    1176547,    000h 00m 01.432s,    000h 19m 36.547s
743,    1631,    1178178,    000h 00m 01.631s,    000h 19m 38.178s
744,    1476,    1179654,    000h 00m 01.476s,    000h 19m 39.654s
745,    1621,    1181275,    000h 00m 01.621s,    000h 19m 41.275s
746,    1595,    1182870,    000h 00m 01.595s,    000h 19m 42.870s
747,    1487,    1184357,    000h 00m 01.487s,    000h 19m 44.357s
748,    1682,    1186039,    000h 00m 01.682s,    000h 19m 46.039s
749,    1684,    1187723,    000h 00m 01.684s,    000h 19m 47.723s
750,    1458,    1189181,    000h 00m 01.458s,    000h 19m 49.181s
751,    1647,    1190828,    000h 00m 01.647s,    000h 19m 50.828s
752,    1700,    1192528,    000h 00m 01.700s,    000h 19m 52.528s
753,    1479,    1194007,    000h 00m 01.479s,    000h 19m 54.007s
754,    1569,    1195576,    000h 00m 01.569s,    000h 19m 55.576s
755,    1433,    1197009,    000h 00m 01.433s,    000h 19m 57.009s
756,    1438,    1198447,    000h 00m 01.438s,    000h 19m 58.447s
757,    1613,    1200060,    000h 00m 01.613s,    000h 20m 00.060s
758,    1465,    1201525,    000h 00m 01.465s,    000h 20m 01.525s
759,    1684,    1203209,    000h 00m 01.684s,    000h 20m 03.209s
760,    1492,    1204701,    000h 00m 01.492s,    000h 20m 04.701s
761,    1484,    1206185,    000h 00m 01.484s,    000h 20m 06.185s
762,    1427,    1207612,    000h 00m 01.427s,    000h 20m 07.612s
763,    1714,    1209326,    000h 00m 01.714s,    000h 20m 09.326s
764,    1480,    1210806,    000h 00m 01.480s,    000h 20m 10.806s
765,    1485,    1212291,    000h 00m 01.485s,    000h 20m 12.291s
766,    1626,    1213917,    000h 00m 01.626s,    000h 20m 13.917s
767,    1562,    1215479,    000h 00m 01.562s,    000h 20m 15.479s
768,    1593,    1217072,    000h 00m 01.593s,    000h 20m 17.072s
769,    1489,    1218561,    000h 00m 01.489s,    000h 20m 18.561s
770,    1513,    1220074,    000h 00m 01.513s,    000h 20m 20.074s
771,    1481,    1221555,    000h 00m 01.481s,    000h 20m 21.555s
772,    1731,    1223286,    000h 00m 01.731s,    000h 20m 23.286s
773,    1613,    1224899,    000h 00m 01.613s,    000h 20m 24.899s
774,    1656,    1226555,    000h 00m 01.656s,    000h 20m 26.555s
775,    1525,    1228080,    000h 00m 01.525s,    000h 20m 28.080s
776,    1723,    1229803,    000h 00m 01.723s,    000h 20m 29.803s
777,    1624,    1231427,    000h 00m 01.624s,    000h 20m 31.427s
778,    1707,    1233134,    000h 00m 01.707s,    000h 20m 33.134s
779,    1568,    1234702,    000h 00m 01.568s,    000h 20m 34.702s
780,    1658,    1236360,    000h 00m 01.658s,    000h 20m 36.360s
781,    1665,    1238025,    000h 00m 01.665s,    000h 20m 38.025s
782,    1726,    1239751,    000h 00m 01.726s,    000h 20m 39.751s
783,    1700,    1241451,    000h 00m 01.700s,    000h 20m 41.451s
784,    1690,    1243141,    000h 00m 01.690s,    000h 20m 43.141s
785,    1682,    1244823,    000h 00m 01.682s,    000h 20m 44.823s
786,    1524,    1246347,    000h 00m 01.524s,    000h 20m 46.347s
787,    1653,    1248000,    000h 00m 01.653s,    000h 20m 48.000s
788,    1572,    1249572,    000h 00m 01.572s,    000h 20m 49.572s
789,    1525,    1251097,    000h 00m 01.525s,    000h 20m 51.097s
790,    1496,    1252593,    000h 00m 01.496s,    000h 20m 52.593s
791,    1434,    1254027,    000h 00m 01.434s,    000h 20m 54.027s
792,    1464,    1255491,    000h 00m 01.464s,    000h 20m 55.491s
793,    1486,    1256977,    000h 00m 01.486s,    000h 20m 56.977s
794,    1475,    1258452,    000h 00m 01.475s,    000h 20m 58.452s
795,    1429,    1259881,    000h 00m 01.429s,    000h 20m 59.881s
796,    1624,    1261505,    000h 00m 01.624s,    000h 21m 01.505s
797,    1745,    1263250,    000h 00m 01.745s,    000h 21m 03.250s
798,    1661,    1264911,    000h 00m 01.661s,    000h 21m 04.911s
799,    1433,    1266344,    000h 00m 01.433s,    000h 21m 06.344s
800,    1473,    1267817,    000h 00m 01.473s,    000h 21m 07.817s
801,    1720,    1269537,    000h 00m 01.720s,    000h 21m 09.537s
802,    1604,    1271141,    000h 00m 01.604s,    000h 21m 11.141s
803,    1563,    1272704,    000h 00m 01.563s,    000h 21m 12.704s
804,    1592,    1274296,    000h 00m 01.592s,    000h 21m 14.296s
805,    1499,    1275795,    000h 00m 01.499s,    000h 21m 15.795s
806,    1553,    1277348,    000h 00m 01.553s,    000h 21m 17.348s
807,    1467,    1278815,    000h 00m 01.467s,    000h 21m 18.815s
808,    1628,    1280443,    000h 00m 01.628s,    000h 21m 20.443s
809,    1663,    1282106,    000h 00m 01.663s,    000h 21m 22.106s
810,    1670,    1283776,    000h 00m 01.670s,    000h 21m 23.776s
811,    1610,    1285386,    000h 00m 01.610s,    000h 21m 25.386s
812,    1624,    1287010,    000h 00m 01.624s,    000h 21m 27.010s
813,    1664,    1288674,    000h 00m 01.664s,    000h 21m 28.674s
814,    1678,    1290352,    000h 00m 01.678s,    000h 21m 30.352s
815,    1667,    1292019,    000h 00m 01.667s,    000h 21m 32.019s
816,    1662,    1293681,    000h 00m 01.662s,    000h 21m 33.681s
817,    1703,    1295384,    000h 00m 01.703s,    000h 21m 35.384s
818,    1421,    1296805,    000h 00m 01.421s,    000h 21m 36.805s
819,    1563,    1298368,    000h 00m 01.563s,    000h 21m 38.368s
820,    1696,    1300064,    000h 00m 01.696s,    000h 21m 40.064s
821,    1500,    1301564,    000h 00m 01.500s,    000h 21m 41.564s
822,    1463,    1303027,    000h 00m 01.463s,    000h 21m 43.027s
823,    1665,    1304692,    000h 00m 01.665s,    000h 21m 44.692s
824,    1501,    1306193,    000h 00m 01.501s,    000h 21m 46.193s
825,    1430,    1307623,    000h 00m 01.430s,    000h 21m 47.623s
826,    1484,    1309107,    000h 00m 01.484s,    000h 21m 49.107s
827,    1479,    1310586,    000h 00m 01.479s,    000h 21m 50.586s
828,    1522,    1312108,    000h 00m 01.522s,    000h 21m 52.108s
829,    1669,    1313777,    000h 00m 01.669s,    000h 21m 53.777s
830,    1508,    1315285,    000h 00m 01.508s,    000h 21m 55.285s
831,    1662,    1316947,    000h 00m 01.662s,    000h 21m 56.947s
832,    1525,    1318472,    000h 00m 01.525s,    000h 21m 58.472s
833,    1575,    1320047,    000h 00m 01.575s,    000h 22m 00.047s
834,    1441,    1321488,    000h 00m 01.441s,    000h 22m 01.488s
835,    1566,    1323054,    000h 00m 01.566s,    000h 22m 03.054s
836,    1571,    1324625,    000h 00m 01.571s,    000h 22m 04.625s
837,    1705,    1326330,    000h 00m 01.705s,    000h 22m 06.330s
838,    1521,    1327851,    000h 00m 01.521s,    000h 22m 07.851s
839,    1524,    1329375,    000h 00m 01.524s,    000h 22m 09.375s
840,    1697,    1331072,    000h 00m 01.697s,    000h 22m 11.072s
841,    1678,    1332750,    000h 00m 01.678s,    000h 22m 12.750s
842,    1710,    1334460,    000h 00m 01.710s,    000h 22m 14.460s
843,    1504,    1335964,    000h 00m 01.504s,    000h 22m 15.964s
844,    1732,    1337696,    000h 00m 01.732s,    000h 22m 17.696s
845,    1445,    1339141,    000h 00m 01.445s,    000h 22m 19.141s
846,    1590,    1340731,    000h 00m 01.590s,    000h 22m 20.731s
847,    1629,    1342360,    000h 00m 01.629s,    000h 22m 22.360s
848,    1453,    1343813,    000h 00m 01.453s,    000h 22m 23.813s
849,    1560,    1345373,    000h 00m 01.560s,    000h 22m 25.373s
850,    1460,    1346833,    000h 00m 01.460s,    000h 22m 26.833s
851,    1704,    1348537,    000h 00m 01.704s,    000h 22m 28.537s
852,    1602,    1350139,    000h 00m 01.602s,    000h 22m 30.139s
853,    1603,    1351742,    000h 00m 01.603s,    000h 22m 31.742s
854,    1691,    1353433,    000h 00m 01.691s,    000h 22m 33.433s
855,    1663,    1355096,    000h 00m 01.663s,    000h 22m 35.096s
856,    1631,    1356727,    000h 00m 01.631s,    000h 22m 36.727s
857,    1415,    1358142,    000h 00m 01.415s,    000h 22m 38.142s
858,    1660,    1359802,    000h 00m 01.660s,    000h 22m 39.802s
859,    1555,    1361357,    000h 00m 01.555s,    000h 22m 41.357s
860,    1537,    1362894,    000h 00m 01.537s,    000h 22m 42.894s
861,    1702,    1364596,    000h 00m 01.702s,    000h 22m 44.596s
862,    1644,    1366240,    000h 00m 01.644s,    000h 22m 46.240s
863,    1590,    1367830,    000h 00m 01.590s,    000h 22m 47.830s
864,    1686,    1369516,    000h 00m 01.686s,    000h 22m 49.516s
865,    1465,    1370981,    000h 00m 01.465s,    000h 22m 50.981s
866,    1702,    1372683,    000h 00m 01.702s,    000h 22m 52.683s
867,    1574,    1374257,    000h 00m 01.574s,    000h 22m 54.257s
868,    1433,    1375690,    000h 00m 01.433s,    000h 22m 55.690s
869,    1718,    1377408,    000h 00m 01.718s,    000h 22m 57.408s
870,    1671,    1379079,    000h 00m 01.671s,    000h 22m 59.079s
871,    1584,    1380663,    000h 00m 01.584s,    000h 23m 00.663s
872,    1756,    1382419,    000h 00m 01.756s,    000h 23m 02.419s
873,    1545,    1383964,    000h 00m 01.545s,    000h 23m 03.964s
874,    1477,    1385441,    000h 00m 01.477s,    000h 23m 05.441s
875,    1595,    1387036,    000h 00m 01.595s,    000h 23m 07.036s
876,    1495,    1388531,    000h 00m 01.495s,    000h 23m 08.531s
877,    1721,    1390252,    000h 00m 01.721s,    000h 23m 10.252s
878,    1581,    1391833,    000h 00m 01.581s,    000h 23m 11.833s
879,    1541,    1393374,    000h 00m 01.541s,    000h 23m 13.374s
880,    1598,    1394972,    000h 00m 01.598s,    000h 23m 14.972s
881,    1458,    1396430,    000h 00m 01.458s,    000h 23m 16.430s
882,    1444,    1397874,    000h 00m 01.444s,    000h 23m 17.874s
883,    1692,    1399566,    000h 00m 01.692s,    000h 23m 19.566s
884,    1611,    1401177,    000h 00m 01.611s,    000h 23m 21.177s
885,    1727,    1402904,    000h 00m 01.727s,    000h 23m 22.904s
886,    1655,    1404559,    000h 00m 01.655s,    000h 23m 24.559s
887,    1743,    1406302,    000h 00m 01.743s,    000h 23m 26.302s
888,    1563,    1407865,    000h 00m 01.563s,    000h 23m 27.865s
889,    1428,    1409293,    000h 00m 01.428s,    000h 23m 29.293s
890,    1554,    1410847,    000h 00m 01.554s,    000h 23m 30.847s
891,    1646,    1412493,    000h 00m 01.646s,    000h 23m 32.493s
892,    1654,    1414147,    000h 00m 01.654s,    000h 23m 34.147s
893,    1557,    1415704,    000h 00m 01.557s,    000h 23m 35.704s
894,    1565,    1417269,    000h 00m 01.565s,    000h 23m 37.269s
895,    1468,    1418737,    000h 00m 01.468s,    000h 23m 38.737s
896,    1711,    1420448,    000h 00m 01.711s,    000h 23m 40.448s
897,    1675,    1422123,    000h 00m 01.675s,    000h 23m 42.123s
898,    1445,    1423568,    000h 00m 01.445s,    000h 23m 43.568s
899,    1750,    1425318,    000h 00m 01.750s,    000h 23m 45.318s
900,    1659,    1426977,    000h 00m 01.659s,    000h 23m 46.977s
901,    1469,    1428446,    000h 00m 01.469s,    000h 23m 48.446s
902,    1584,    1430030,    000h 00m 01.584s,    000h 23m 50.030s
903,    1504,    1431534,    000h 00m 01.504s,    000h 23m 51.534s
904,    1578,    1433112,    000h 00m 01.578s,    000h 23m 53.112s
905,    1680,    1434792,    000h 00m 01.680s,    000h 23m 54.792s
906,    1659,    1436451,    000h 00m 01.659s,    000h 23m 56.451s
907,    1592,    1438043,    000h 00m 01.592s,    000h 23m 58.043s
908,    1698,    1439741,    000h 00m 01.698s,    000h 23m 59.741s
909,    1450,    1441191,    000h 00m 01.450s,    000h 24m 01.191s
910,    1482,    1442673,    000h 00m 01.482s,    000h 24m 02.673s
911,    1542,    1444215,    000h 00m 01.542s,    000h 24m 04.215s
912,    1536,    1445751,    000h 00m 01.536s,    000h 24m 05.751s
913,    1452,    1447203,    000h 00m 01.452s,    000h 24m 07.203s
914,    1460,    1448663,    000h 00m 01.460s,    000h 24m 08.663s
915,    1686,    1450349,    000h 00m 01.686s,    000h 24m 10.349s
916,    1541,    1451890,    000h 00m 01.541s,    000h 24m 11.890s
917,    1646,    1453536,    000h 00m 01.646s,    000h 24m 13.536s
918,    1627,    1455163,    000h 00m 01.627s,    000h 24m 15.163s
919,    1657,    1456820,    000h 00m 01.657s,    000h 24m 16.820s
920,    1650,    1458470,    000h 00m 01.650s,    000h 24m 18.470s
921,    1458,    1459928,    000h 00m 01.458s,    000h 24m 19.928s
922,    1470,    1461398,    000h 00m 01.470s,    000h 24m 21.398s
923,    1589,    1462987,    000h 00m 01.589s,    000h 24m 22.987s
924,    1499,    1464486,    000h 00m 01.499s,    000h 24m 24.486s
925,    1744,    1466230,    000h 00m 01.744s,    000h 24m 26.230s
926,    1667,    1467897,    000h 00m 01.667s,    000h 24m 27.897s
927,    1612,    1469509,    000h 00m 01.612s,    000h 24m 29.509s
928,    1414,    1470923,    000h 00m 01.414s,    000h 24m 30.923s
929,    1608,    1472531,    000h 00m 01.608s,    000h 24m 32.531s
930,    1667,    1474198,    000h 00m 01.667s,    000h 24m 34.198s
931,    1602,    1475800,    000h 00m 01.602s,    000h 24m 35.800s
932,    1451,    1477251,    000h 00m 01.451s,    000h 24m 37.251s
933,    1674,    1478925,    000h 00m 01.674s,    000h 24m 38.925s
934,    1461,    1480386,    000h 00m 01.461s,    000h 24m 40.386s
935,    1502,    1481888,    000h 00m 01.502s,    000h 24m 41.888s
936,    1614,    1483502,    000h 00m 01.614s,    000h 24m 43.502s
937,    1630,    1485132,    000h 00m 01.630s,    000h 24m 45.132s
938,    1603,    1486735,    000h 00m 01.603s,    000h 24m 46.735s
939,    1640,    1488375,    000h 00m 01.640s,    000h 24m 48.375s
940,    1714,    1490089,    000h 00m 01.714s,    000h 24m 50.089s
941,    1573,    1491662,    000h 00m 01.573s,    000h 24m 51.662s
942,    1673,    1493335,    000h 00m 01.673s,    000h 24m 53.335s
943,    1650,    1494985,    000h 00m 01.650s,    000h 24m 54.985s
944,    1587,    1496572,    000h 00m 01.587s,    000h 24m 56.572s
945,    1709,    1498281,    000h 00m 01.709s,    000h 24m 58.281s
946,    1458,    1499739,    000h 00m 01.458s,    000h 24m 59.739s
947,    1762,    1501501,    000h 00m 01.762s,    000h 25m 01.501s
948,    1443,    1502944,    000h 00m 01.443s,    000h 25m 02.944s
949,    1611,    1504555,    000h 00m 01.611s,    000h 25m 04.555s
950,    1462,    1506017,    000h 00m 01.462s,    000h 25m 06.017s
951,    1682,    1507699,    000h 00m 01.682s,    000h 25m 07.699s
952,    1634,    1509333,    000h 00m 01.634s,    000h 25m 09.333s
953,    1577,    1510910,    000h 00m 01.577s,    000h 25m 10.910s
954,    1474,    1512384,    000h 00m 01.474s,    000h 25m 12.384s
955,    1645,    1514029,    000h 00m 01.645s,    000h 25m 14.029s
956,    1563,    1515592,    000h 00m 01.563s,    000h 25m 15.592s
957,    1935,    1517527,    000h 00m 01.935s,    000h 25m 17.527s
958,    1969,    1519496,    000h 00m 01.969s,    000h 25m 19.496s
959,    1463,    1520959,    000h 00m 01.463s,    000h 25m 20.959s
960,    1671,    1522630,    000h 00m 01.671s,    000h 25m 22.630s
961,    1552,    1524182,    000h 00m 01.552s,    000h 25m 24.182s
962,    1675,    1525857,    000h 00m 01.675s,    000h 25m 25.857s
963,    1514,    1527371,    000h 00m 01.514s,    000h 25m 27.371s
964,    1633,    1529004,    000h 00m 01.633s,    000h 25m 29.004s
965,    1716,    1530720,    000h 00m 01.716s,    000h 25m 30.720s
966,    1637,    1532357,    000h 00m 01.637s,    000h 25m 32.357s
967,    1658,    1534015,    000h 00m 01.658s,    000h 25m 34.015s
968,    1735,    1535750,    000h 00m 01.735s,    000h 25m 35.750s
969,    1723,    1537473,    000h 00m 01.723s,    000h 25m 37.473s
970,    1597,    1539070,    000h 00m 01.597s,    000h 25m 39.070s
971,    1479,    1540549,    000h 00m 01.479s,    000h 25m 40.549s
972,    1654,    1542203,    000h 00m 01.654s,    000h 25m 42.203s
973,    1740,    1543943,    000h 00m 01.740s,    000h 25m 43.943s
974,    1482,    1545425,    000h 00m 01.482s,    000h 25m 45.425s
975,    1501,    1546926,    000h 00m 01.501s,    000h 25m 46.926s
976,    1701,    1548627,    000h 00m 01.701s,    000h 25m 48.627s
977,    1769,    1550396,    000h 00m 01.769s,    000h 25m 50.396s
978,    1686,    1552082,    000h 00m 01.686s,    000h 25m 52.082s
979,    1748,    1553830,    000h 00m 01.748s,    000h 25m 53.830s
980,    1729,    1555559,    000h 00m 01.729s,    000h 25m 55.559s
981,    1738,    1557297,    000h 00m 01.738s,    000h 25m 57.297s
982,    1468,    1558765,    000h 00m 01.468s,    000h 25m 58.765s
983,    1665,    1560430,    000h 00m 01.665s,    000h 26m 00.430s
984,    1430,    1561860,    000h 00m 01.430s,    000h 26m 01.860s
985,    1551,    1563411,    000h 00m 01.551s,    000h 26m 03.411s
986,    1543,    1564954,    000h 00m 01.543s,    000h 26m 04.954s
987,    1710,    1566664,    000h 00m 01.710s,    000h 26m 06.664s
988,    1642,    1568306,    000h 00m 01.642s,    000h 26m 08.306s
989,    1601,    1569907,    000h 00m 01.601s,    000h 26m 09.907s
990,    1463,    1571370,    000h 00m 01.463s,    000h 26m 11.370s
991,    1554,    1572924,    000h 00m 01.554s,    000h 26m 12.924s
992,    1647,    1574571,    000h 00m 01.647s,    000h 26m 14.571s
993,    1428,    1575999,    000h 00m 01.428s,    000h 26m 15.999s
994,    1658,    1577657,    000h 00m 01.658s,    000h 26m 17.657s
995,    1659,    1579316,    000h 00m 01.659s,    000h 26m 19.316s
996,    1469,    1580785,    000h 00m 01.469s,    000h 26m 20.785s
997,    1582,    1582367,    000h 00m 01.582s,    000h 26m 22.367s
998,    1690,    1584057,    000h 00m 01.690s,    000h 26m 24.057s
999,    1739,    1585796,    000h 00m 01.739s,    000h 26m 25.796s
1000,    1660,    1587456,    000h 00m 01.660s,    000h 26m 27.456s
1001,    1540,    1588996,    000h 00m 01.540s,    000h 26m 28.996s
1002,    1742,    1590738,    000h 00m 01.742s,    000h 26m 30.738s
1003,    1591,    1592329,    000h 00m 01.591s,    000h 26m 32.329s
1004,    1561,    1593890,    000h 00m 01.561s,    000h 26m 33.890s
1005,    1449,    1595339,    000h 00m 01.449s,    000h 26m 35.339s
1006,    1457,    1596796,    000h 00m 01.457s,    000h 26m 36.796s
1007,    1589,    1598385,    000h 00m 01.589s,    000h 26m 38.385s
1008,    1430,    1599815,    000h 00m 01.430s,    000h 26m 39.815s
1009,    1703,    1601518,    000h 00m 01.703s,    000h 26m 41.518s
1010,    1635,    1603153,    000h 00m 01.635s,    000h 26m 43.153s
1011,    1684,    1604837,    000h 00m 01.684s,    000h 26m 44.837s
1012,    1547,    1606384,    000h 00m 01.547s,    000h 26m 46.384s
1013,    1498,    1607882,    000h 00m 01.498s,    000h 26m 47.882s
1014,    1509,    1609391,    000h 00m 01.509s,    000h 26m 49.391s
1015,    1592,    1610983,    000h 00m 01.592s,    000h 26m 50.983s
1016,    1670,    1612653,    000h 00m 01.670s,    000h 26m 52.653s
1017,    1697,    1614350,    000h 00m 01.697s,    000h 26m 54.350s
1018,    1577,    1615927,    000h 00m 01.577s,    000h 26m 55.927s
1019,    1571,    1617498,    000h 00m 01.571s,    000h 26m 57.498s
1020,    1444,    1618942,    000h 00m 01.444s,    000h 26m 58.942s
1021,    1668,    1620610,    000h 00m 01.668s,    000h 27m 00.610s
1022,    1625,    1622235,    000h 00m 01.625s,    000h 27m 02.235s
1023,    1668,    1623903,    000h 00m 01.668s,    000h 27m 03.903s
1024,    1505,    1625408,    000h 00m 01.505s,    000h 27m 05.408s
1025,    1719,    1627127,    000h 00m 01.719s,    000h 27m 07.127s
