pass,    time (ms),    total time (ms),    time,     total_time
1,    1663,    1663,    000h 00m 01.663s,    000h 00m 01.663s
2,    1702,    3365,    000h 00m 01.702s,    000h 00m 03.365s
3,    1738,    5103,    000h 00m 01.738s,    000h 00m 05.103s
4,    1642,    6745,    000h 00m 01.642s,    000h 00m 06.745s
5,    1728,    8473,    000h 00m 01.728s,    000h 00m 08.473s
6,    1644,    10117,    000h 00m 01.644s,    000h 00m 10.117s
7,    1737,    11854,    000h 00m 01.737s,    000h 00m 11.854s
8,    1621,    13475,    000h 00m 01.621s,    000h 00m 13.475s
9,    1690,    15165,    000h 00m 01.690s,    000h 00m 15.165s
10,    1718,    16883,    000h 00m 01.718s,    000h 00m 16.883s
11,    1716,    18599,    000h 00m 01.716s,    000h 00m 18.599s
12,    1722,    20321,    000h 00m 01.722s,    000h 00m 20.321s
13,    1554,    21875,    000h 00m 01.554s,    000h 00m 21.875s
14,    1637,    23512,    000h 00m 01.637s,    000h 00m 23.512s
15,    1637,    25149,    000h 00m 01.637s,    000h 00m 25.149s
16,    1604,    26753,    000h 00m 01.604s,    000h 00m 26.753s
17,    1628,    28381,    000h 00m 01.628s,    000h 00m 28.381s
18,    1687,    30068,    000h 00m 01.687s,    000h 00m 30.068s
19,    1728,    31796,    000h 00m 01.728s,    000h 00m 31.796s
20,    1734,    33530,    000h 00m 01.734s,    000h 00m 33.530s
21,    1589,    35119,    000h 00m 01.589s,    000h 00m 35.119s
22,    1607,    36726,    000h 00m 01.607s,    000h 00m 36.726s
23,    1713,    38439,    000h 00m 01.713s,    000h 00m 38.439s
24,    1561,    40000,    000h 00m 01.561s,    000h 00m 40.000s
25,    1717,    41717,    000h 00m 01.717s,    000h 00m 41.717s
26,    1673,    43390,    000h 00m 01.673s,    000h 00m 43.390s
27,    1653,    45043,    000h 00m 01.653s,    000h 00m 45.043s
28,    1752,    46795,    000h 00m 01.752s,    000h 00m 46.795s
29,    1706,    48501,    000h 00m 01.706s,    000h 00m 48.501s
30,    1630,    50131,    000h 00m 01.630s,    000h 00m 50.131s
31,    1752,    51883,    000h 00m 01.752s,    000h 00m 51.883s
32,    1609,    53492,    000h 00m 01.609s,    000h 00m 53.492s
33,    1724,    55216,    000h 00m 01.724s,    000h 00m 55.216s
34,    1611,    56827,    000h 00m 01.611s,    000h 00m 56.827s
35,    1708,    58535,    000h 00m 01.708s,    000h 00m 58.535s
36,    1652,    60187,    000h 00m 01.652s,    000h 01m 00.187s
37,    1735,    61922,    000h 00m 01.735s,    000h 01m 01.922s
38,    1725,    63647,    000h 00m 01.725s,    000h 01m 03.647s
39,    1713,    65360,    000h 00m 01.713s,    000h 01m 05.360s
40,    1696,    67056,    000h 00m 01.696s,    000h 01m 07.056s
41,    1606,    68662,    000h 00m 01.606s,    000h 01m 08.662s
42,    1554,    70216,    000h 00m 01.554s,    000h 01m 10.216s
43,    1720,    71936,    000h 00m 01.720s,    000h 01m 11.936s
44,    1729,    73665,    000h 00m 01.729s,    000h 01m 13.665s
45,    1741,    75406,    000h 00m 01.741s,    000h 01m 15.406s
46,    1741,    77147,    000h 00m 01.741s,    000h 01m 17.147s
47,    1740,    78887,    000h 00m 01.740s,    000h 01m 18.887s
48,    1704,    80591,    000h 00m 01.704s,    000h 01m 20.591s
49,    1638,    82229,    000h 00m 01.638s,    000h 01m 22.229s
50,    1623,    83852,    000h 00m 01.623s,    000h 01m 23.852s
51,    1574,    85426,    000h 00m 01.574s,    000h 01m 25.426s
52,    1595,    87021,    000h 00m 01.595s,    000h 01m 27.021s
53,    1642,    88663,    000h 00m 01.642s,    000h 01m 28.663s
54,    1736,    90399,    000h 00m 01.736s,    000h 01m 30.399s
55,    1544,    91943,    000h 00m 01.544s,    000h 01m 31.943s
56,    1734,    93677,    000h 00m 01.734s,    000h 01m 33.677s
57,    1577,    95254,    000h 00m 01.577s,    000h 01m 35.254s
58,    1683,    96937,    000h 00m 01.683s,    000h 01m 36.937s
59,    1571,    98508,    000h 00m 01.571s,    000h 01m 38.508s
60,    1717,    100225,    000h 00m 01.717s,    000h 01m 40.225s
61,    1646,    101871,    000h 00m 01.646s,    000h 01m 41.871s
62,    1713,    103584,    000h 00m 01.713s,    000h 01m 43.584s
63,    1670,    105254,    000h 00m 01.670s,    000h 01m 45.254s
64,    1718,    106972,    000h 00m 01.718s,    000h 01m 46.972s
65,    1688,    108660,    000h 00m 01.688s,    000h 01m 48.660s
66,    1566,    110226,    000h 00m 01.566s,    000h 01m 50.226s
67,    1743,    111969,    000h 00m 01.743s,    000h 01m 51.969s
68,    1713,    113682,    000h 00m 01.713s,    000h 01m 53.682s
69,    1687,    115369,    000h 00m 01.687s,    000h 01m 55.369s
70,    1729,    117098,    000h 00m 01.729s,    000h 01m 57.098s
71,    1699,    118797,    000h 00m 01.699s,    000h 01m 58.797s
72,    1719,    120516,    000h 00m 01.719s,    000h 02m 00.516s
73,    1581,    122097,    000h 00m 01.581s,    000h 02m 02.097s
74,    1564,    123661,    000h 00m 01.564s,    000h 02m 03.661s
75,    1730,    125391,    000h 00m 01.730s,    000h 02m 05.391s
76,    1728,    127119,    000h 00m 01.728s,    000h 02m 07.119s
77,    1652,    128771,    000h 00m 01.652s,    000h 02m 08.771s
78,    1549,    130320,    000h 00m 01.549s,    000h 02m 10.320s
79,    1629,    131949,    000h 00m 01.629s,    000h 02m 11.949s
80,    1719,    133668,    000h 00m 01.719s,    000h 02m 13.668s
81,    1639,    135307,    000h 00m 01.639s,    000h 02m 15.307s
82,    1558,    136865,    000h 00m 01.558s,    000h 02m 16.865s
83,    1671,    138536,    000h 00m 01.671s,    000h 02m 18.536s
84,    1662,    140198,    000h 00m 01.662s,    000h 02m 20.198s
85,    1736,    141934,    000h 00m 01.736s,    000h 02m 21.934s
86,    1638,    143572,    000h 00m 01.638s,    000h 02m 23.572s
87,    1657,    145229,    000h 00m 01.657s,    000h 02m 25.229s
88,    1706,    146935,    000h 00m 01.706s,    000h 02m 26.935s
89,    1630,    148565,    000h 00m 01.630s,    000h 02m 28.565s
90,    1637,    150202,    000h 00m 01.637s,    000h 02m 30.202s
91,    1727,    151929,    000h 00m 01.727s,    000h 02m 31.929s
92,    1717,    153646,    000h 00m 01.717s,    000h 02m 33.646s
93,    1569,    155215,    000h 00m 01.569s,    000h 02m 35.215s
94,    1672,    156887,    000h 00m 01.672s,    000h 02m 36.887s
95,    1695,    158582,    000h 00m 01.695s,    000h 02m 38.582s
96,    1632,    160214,    000h 00m 01.632s,    000h 02m 40.214s
97,    1583,    161797,    000h 00m 01.583s,    000h 02m 41.797s
98,    1742,    163539,    000h 00m 01.742s,    000h 02m 43.539s
99,    1731,    165270,    000h 00m 01.731s,    000h 02m 45.270s
100,    1579,    166849,    000h 00m 01.579s,    000h 02m 46.849s
101,    1727,    168576,    000h 00m 01.727s,    000h 02m 48.576s
102,    1621,    170197,    000h 00m 01.621s,    000h 02m 50.197s
103,    1543,    171740,    000h 00m 01.543s,    000h 02m 51.740s
104,    1535,    173275,    000h 00m 01.535s,    000h 02m 53.275s
105,    1569,    174844,    000h 00m 01.569s,    000h 02m 54.844s
106,    1569,    176413,    000h 00m 01.569s,    000h 02m 56.413s
107,    1723,    178136,    000h 00m 01.723s,    000h 02m 58.136s
108,    1624,    179760,    000h 00m 01.624s,    000h 02m 59.760s
109,    1617,    181377,    000h 00m 01.617s,    000h 03m 01.377s
110,    1591,    182968,    000h 00m 01.591s,    000h 03m 02.968s
111,    1704,    184672,    000h 00m 01.704s,    000h 03m 04.672s
112,    1724,    186396,    000h 00m 01.724s,    000h 03m 06.396s
113,    1640,    188036,    000h 00m 01.640s,    000h 03m 08.036s
114,    1705,    189741,    000h 00m 01.705s,    000h 03m 09.741s
115,    1737,    191478,    000h 00m 01.737s,    000h 03m 11.478s
116,    1733,    193211,    000h 00m 01.733s,    000h 03m 13.211s
117,    1616,    194827,    000h 00m 01.616s,    000h 03m 14.827s
118,    1690,    196517,    000h 00m 01.690s,    000h 03m 16.517s
119,    1705,    198222,    000h 00m 01.705s,    000h 03m 18.222s
120,    1732,    199954,    000h 00m 01.732s,    000h 03m 19.954s
121,    1564,    201518,    000h 00m 01.564s,    000h 03m 21.518s
122,    1723,    203241,    000h 00m 01.723s,    000h 03m 23.241s
123,    1661,    204902,    000h 00m 01.661s,    000h 03m 24.902s
124,    1621,    206523,    000h 00m 01.621s,    000h 03m 26.523s
125,    1707,    208230,    000h 00m 01.707s,    000h 03m 28.230s
126,    1705,    209935,    000h 00m 01.705s,    000h 03m 29.935s
127,    1718,    211653,    000h 00m 01.718s,    000h 03m 31.653s
128,    1735,    213388,    000h 00m 01.735s,    000h 03m 33.388s
129,    1592,    214980,    000h 00m 01.592s,    000h 03m 34.980s
130,    1718,    216698,    000h 00m 01.718s,    000h 03m 36.698s
131,    1597,    218295,    000h 00m 01.597s,    000h 03m 38.295s
132,    1716,    220011,    000h 00m 01.716s,    000h 03m 40.011s
133,    1675,    221686,    000h 00m 01.675s,    000h 03m 41.686s
134,    1626,    223312,    000h 00m 01.626s,    000h 03m 43.312s
135,    1739,    225051,    000h 00m 01.739s,    000h 03m 45.051s
136,    1630,    226681,    000h 00m 01.630s,    000h 03m 46.681s
137,    1662,    228343,    000h 00m 01.662s,    000h 03m 48.343s
138,    1725,    230068,    000h 00m 01.725s,    000h 03m 50.068s
139,    1667,    231735,    000h 00m 01.667s,    000h 03m 51.735s
140,    1702,    233437,    000h 00m 01.702s,    000h 03m 53.437s
141,    1553,    234990,    000h 00m 01.553s,    000h 03m 54.990s
142,    1688,    236678,    000h 00m 01.688s,    000h 03m 56.678s
143,    1695,    238373,    000h 00m 01.695s,    000h 03m 58.373s
144,    1741,    240114,    000h 00m 01.741s,    000h 04m 00.114s
145,    1745,    241859,    000h 00m 01.745s,    000h 04m 01.859s
146,    1671,    243530,    000h 00m 01.671s,    000h 04m 03.530s
147,    1736,    245266,    000h 00m 01.736s,    000h 04m 05.266s
148,    1689,    246955,    000h 00m 01.689s,    000h 04m 06.955s
149,    1657,    248612,    000h 00m 01.657s,    000h 04m 08.612s
150,    1566,    250178,    000h 00m 01.566s,    000h 04m 10.178s
151,    1626,    251804,    000h 00m 01.626s,    000h 04m 11.804s
152,    1572,    253376,    000h 00m 01.572s,    000h 04m 13.376s
153,    1703,    255079,    000h 00m 01.703s,    000h 04m 15.079s
154,    1575,    256654,    000h 00m 01.575s,    000h 04m 16.654s
155,    1704,    258358,    000h 00m 01.704s,    000h 04m 18.358s
156,    1698,    260056,    000h 00m 01.698s,    000h 04m 20.056s
157,    1599,    261655,    000h 00m 01.599s,    000h 04m 21.655s
158,    1572,    263227,    000h 00m 01.572s,    000h 04m 23.227s
159,    1649,    264876,    000h 00m 01.649s,    000h 04m 24.876s
160,    1640,    266516,    000h 00m 01.640s,    000h 04m 26.516s
161,    1691,    268207,    000h 00m 01.691s,    000h 04m 28.207s
162,    1617,    269824,    000h 00m 01.617s,    000h 04m 29.824s
163,    1732,    271556,    000h 00m 01.732s,    000h 04m 31.556s
164,    1722,    273278,    000h 00m 01.722s,    000h 04m 33.278s
165,    1603,    274881,    000h 00m 01.603s,    000h 04m 34.881s
166,    1642,    276523,    000h 00m 01.642s,    000h 04m 36.523s
167,    1698,    278221,    000h 00m 01.698s,    000h 04m 38.221s
168,    1705,    279926,    000h 00m 01.705s,    000h 04m 39.926s
169,    1586,    281512,    000h 00m 01.586s,    000h 04m 41.512s
170,    1678,    283190,    000h 00m 01.678s,    000h 04m 43.190s
171,    1715,    284905,    000h 00m 01.715s,    000h 04m 44.905s
172,    1668,    286573,    000h 00m 01.668s,    000h 04m 46.573s
173,    1577,    288150,    000h 00m 01.577s,    000h 04m 48.150s
174,    1629,    289779,    000h 00m 01.629s,    000h 04m 49.779s
175,    1736,    291515,    000h 00m 01.736s,    000h 04m 51.515s
176,    1732,    293247,    000h 00m 01.732s,    000h 04m 53.247s
177,    1623,    294870,    000h 00m 01.623s,    000h 04m 54.870s
178,    1691,    296561,    000h 00m 01.691s,    000h 04m 56.561s
179,    1718,    298279,    000h 00m 01.718s,    000h 04m 58.279s
180,    1610,    299889,    000h 00m 01.610s,    000h 04m 59.889s
181,    1659,    301548,    000h 00m 01.659s,    000h 05m 01.548s
182,    1635,    303183,    000h 00m 01.635s,    000h 05m 03.183s
183,    1637,    304820,    000h 00m 01.637s,    000h 05m 04.820s
184,    1721,    306541,    000h 00m 01.721s,    000h 05m 06.541s
185,    1572,    308113,    000h 00m 01.572s,    000h 05m 08.113s
186,    1724,    309837,    000h 00m 01.724s,    000h 05m 09.837s
187,    1480,    311317,    000h 00m 01.480s,    000h 05m 11.317s
188,    1715,    313032,    000h 00m 01.715s,    000h 05m 13.032s
189,    1634,    314666,    000h 00m 01.634s,    000h 05m 14.666s
190,    1722,    316388,    000h 00m 01.722s,    000h 05m 16.388s
191,    1699,    318087,    000h 00m 01.699s,    000h 05m 18.087s
192,    1494,    319581,    000h 00m 01.494s,    000h 05m 19.581s
193,    1734,    321315,    000h 00m 01.734s,    000h 05m 21.315s
194,    1613,    322928,    000h 00m 01.613s,    000h 05m 22.928s
195,    1659,    324587,    000h 00m 01.659s,    000h 05m 24.587s
196,    1715,    326302,    000h 00m 01.715s,    000h 05m 26.302s
197,    1581,    327883,    000h 00m 01.581s,    000h 05m 27.883s
198,    1591,    329474,    000h 00m 01.591s,    000h 05m 29.474s
199,    1608,    331082,    000h 00m 01.608s,    000h 05m 31.082s
200,    1604,    332686,    000h 00m 01.604s,    000h 05m 32.686s
201,    1618,    334304,    000h 00m 01.618s,    000h 05m 34.304s
202,    1696,    336000,    000h 00m 01.696s,    000h 05m 36.000s
203,    1581,    337581,    000h 00m 01.581s,    000h 05m 37.581s
204,    1595,    339176,    000h 00m 01.595s,    000h 05m 39.176s
205,    1704,    340880,    000h 00m 01.704s,    000h 05m 40.880s
206,    1639,    342519,    000h 00m 01.639s,    000h 05m 42.519s
207,    1716,    344235,    000h 00m 01.716s,    000h 05m 44.235s
208,    1633,    345868,    000h 00m 01.633s,    000h 05m 45.868s
209,    1728,    347596,    000h 00m 01.728s,    000h 05m 47.596s
210,    1659,    349255,    000h 00m 01.659s,    000h 05m 49.255s
211,    1609,    350864,    000h 00m 01.609s,    000h 05m 50.864s
212,    1581,    352445,    000h 00m 01.581s,    000h 05m 52.445s
213,    1685,    354130,    000h 00m 01.685s,    000h 05m 54.130s
214,    1616,    355746,    000h 00m 01.616s,    000h 05m 55.746s
215,    1694,    357440,    000h 00m 01.694s,    000h 05m 57.440s
216,    1571,    359011,    000h 00m 01.571s,    000h 05m 59.011s
217,    1666,    360677,    000h 00m 01.666s,    000h 06m 00.677s
218,    1573,    362250,    000h 00m 01.573s,    000h 06m 02.250s
219,    1704,    363954,    000h 00m 01.704s,    000h 06m 03.954s
220,    1735,    365689,    000h 00m 01.735s,    000h 06m 05.689s
221,    1653,    367342,    000h 00m 01.653s,    000h 06m 07.342s
222,    1683,    369025,    000h 00m 01.683s,    000h 06m 09.025s
223,    1589,    370614,    000h 00m 01.589s,    000h 06m 10.614s
224,    1607,    372221,    000h 00m 01.607s,    000h 06m 12.221s
225,    1603,    373824,    000h 00m 01.603s,    000h 06m 13.824s
226,    1586,    375410,    000h 00m 01.586s,    000h 06m 15.410s
227,    1697,    377107,    000h 00m 01.697s,    000h 06m 17.107s
228,    1645,    378752,    000h 00m 01.645s,    000h 06m 18.752s
229,    1623,    380375,    000h 00m 01.623s,    000h 06m 20.375s
230,    1703,    382078,    000h 00m 01.703s,    000h 06m 22.078s
231,    1667,    383745,    000h 00m 01.667s,    000h 06m 23.745s
232,    1732,    385477,    000h 00m 01.732s,    000h 06m 25.477s
233,    1722,    387199,    000h 00m 01.722s,    000h 06m 27.199s
234,    1730,    388929,    000h 00m 01.730s,    000h 06m 28.929s
235,    1640,    390569,    000h 00m 01.640s,    000h 06m 30.569s
236,    1597,    392166,    000h 00m 01.597s,    000h 06m 32.166s
237,    1731,    393897,    000h 00m 01.731s,    000h 06m 33.897s
238,    1624,    395521,    000h 00m 01.624s,    000h 06m 35.521s
239,    1581,    397102,    000h 00m 01.581s,    000h 06m 37.102s
240,    1601,    398703,    000h 00m 01.601s,    000h 06m 38.703s
241,    1589,    400292,    000h 00m 01.589s,    000h 06m 40.292s
242,    1669,    401961,    000h 00m 01.669s,    000h 06m 41.961s
243,    1727,    403688,    000h 00m 01.727s,    000h 06m 43.688s
244,    1639,    405327,    000h 00m 01.639s,    000h 06m 45.327s
245,    1765,    407092,    000h 00m 01.765s,    000h 06m 47.092s
246,    1630,    408722,    000h 00m 01.630s,    000h 06m 48.722s
247,    1730,    410452,    000h 00m 01.730s,    000h 06m 50.452s
248,    1619,    412071,    000h 00m 01.619s,    000h 06m 52.071s
249,    1572,    413643,    000h 00m 01.572s,    000h 06m 53.643s
250,    1555,    415198,    000h 00m 01.555s,    000h 06m 55.198s
251,    1735,    416933,    000h 00m 01.735s,    000h 06m 56.933s
252,    1654,    418587,    000h 00m 01.654s,    000h 06m 58.587s
253,    1737,    420324,    000h 00m 01.737s,    000h 07m 00.324s
254,    1669,    421993,    000h 00m 01.669s,    000h 07m 01.993s
255,    1673,    423666,    000h 00m 01.673s,    000h 07m 03.666s
256,    1729,    425395,    000h 00m 01.729s,    000h 07m 05.395s
257,    1573,    426968,    000h 00m 01.573s,    000h 07m 06.968s
258,    1713,    428681,    000h 00m 01.713s,    000h 07m 08.681s
259,    1624,    430305,    000h 00m 01.624s,    000h 07m 10.305s
260,    1663,    431968,    000h 00m 01.663s,    000h 07m 11.968s
261,    1602,    433570,    000h 00m 01.602s,    000h 07m 13.570s
262,    1598,    435168,    000h 00m 01.598s,    000h 07m 15.168s
263,    1608,    436776,    000h 00m 01.608s,    000h 07m 16.776s
264,    1630,    438406,    000h 00m 01.630s,    000h 07m 18.406s
265,    1656,    440062,    000h 00m 01.656s,    000h 07m 20.062s
266,    1732,    441794,    000h 00m 01.732s,    000h 07m 21.794s
267,    1563,    443357,    000h 00m 01.563s,    000h 07m 23.357s
268,    1653,    445010,    000h 00m 01.653s,    000h 07m 25.010s
269,    1657,    446667,    000h 00m 01.657s,    000h 07m 26.667s
270,    1617,    448284,    000h 00m 01.617s,    000h 07m 28.284s
271,    1611,    449895,    000h 00m 01.611s,    000h 07m 29.895s
272,    1547,    451442,    000h 00m 01.547s,    000h 07m 31.442s
273,    1697,    453139,    000h 00m 01.697s,    000h 07m 33.139s
274,    1704,    454843,    000h 00m 01.704s,    000h 07m 34.843s
275,    1748,    456591,    000h 00m 01.748s,    000h 07m 36.591s
276,    1653,    458244,    000h 00m 01.653s,    000h 07m 38.244s
277,    1735,    459979,    000h 00m 01.735s,    000h 07m 39.979s
278,    1647,    461626,    000h 00m 01.647s,    000h 07m 41.626s
279,    1511,    463137,    000h 00m 01.511s,    000h 07m 43.137s
280,    1612,    464749,    000h 00m 01.612s,    000h 07m 44.749s
281,    1586,    466335,    000h 00m 01.586s,    000h 07m 46.335s
282,    1743,    468078,    000h 00m 01.743s,    000h 07m 48.078s
283,    1740,    469818,    000h 00m 01.740s,    000h 07m 49.818s
284,    1726,    471544,    000h 00m 01.726s,    000h 07m 51.544s
285,    1740,    473284,    000h 00m 01.740s,    000h 07m 53.284s
286,    1729,    475013,    000h 00m 01.729s,    000h 07m 55.013s
287,    1600,    476613,    000h 00m 01.600s,    000h 07m 56.613s
288,    1706,    478319,    000h 00m 01.706s,    000h 07m 58.319s
289,    1736,    480055,    000h 00m 01.736s,    000h 08m 00.055s
290,    1615,    481670,    000h 00m 01.615s,    000h 08m 01.670s
291,    1627,    483297,    000h 00m 01.627s,    000h 08m 03.297s
292,    1615,    484912,    000h 00m 01.615s,    000h 08m 04.912s
293,    1699,    486611,    000h 00m 01.699s,    000h 08m 06.611s
294,    1703,    488314,    000h 00m 01.703s,    000h 08m 08.314s
295,    1729,    490043,    000h 00m 01.729s,    000h 08m 10.043s
296,    1646,    491689,    000h 00m 01.646s,    000h 08m 11.689s
297,    1663,    493352,    000h 00m 01.663s,    000h 08m 13.352s
298,    1701,    495053,    000h 00m 01.701s,    000h 08m 15.053s
299,    1616,    496669,    000h 00m 01.616s,    000h 08m 16.669s
300,    1569,    498238,    000h 00m 01.569s,    000h 08m 18.238s
301,    1571,    499809,    000h 00m 01.571s,    000h 08m 19.809s
302,    1580,    501389,    000h 00m 01.580s,    000h 08m 21.389s
303,    1743,    503132,    000h 00m 01.743s,    000h 08m 23.132s
304,    1577,    504709,    000h 00m 01.577s,    000h 08m 24.709s
305,    1634,    506343,    000h 00m 01.634s,    000h 08m 26.343s
306,    1634,    507977,    000h 00m 01.634s,    000h 08m 27.977s
307,    1583,    509560,    000h 00m 01.583s,    000h 08m 29.560s
308,    1660,    511220,    000h 00m 01.660s,    000h 08m 31.220s
309,    1666,    512886,    000h 00m 01.666s,    000h 08m 32.886s
310,    1742,    514628,    000h 00m 01.742s,    000h 08m 34.628s
311,    1622,    516250,    000h 00m 01.622s,    000h 08m 36.250s
312,    1711,    517961,    000h 00m 01.711s,    000h 08m 37.961s
313,    1737,    519698,    000h 00m 01.737s,    000h 08m 39.698s
314,    1710,    521408,    000h 00m 01.710s,    000h 08m 41.408s
315,    1654,    523062,    000h 00m 01.654s,    000h 08m 43.062s
316,    1623,    524685,    000h 00m 01.623s,    000h 08m 44.685s
317,    1753,    526438,    000h 00m 01.753s,    000h 08m 46.438s
318,    1649,    528087,    000h 00m 01.649s,    000h 08m 48.087s
319,    1732,    529819,    000h 00m 01.732s,    000h 08m 49.819s
320,    1650,    531469,    000h 00m 01.650s,    000h 08m 51.469s
321,    1713,    533182,    000h 00m 01.713s,    000h 08m 53.182s
322,    1725,    534907,    000h 00m 01.725s,    000h 08m 54.907s
323,    1743,    536650,    000h 00m 01.743s,    000h 08m 56.650s
324,    1651,    538301,    000h 00m 01.651s,    000h 08m 58.301s
325,    1623,    539924,    000h 00m 01.623s,    000h 08m 59.924s
326,    1691,    541615,    000h 00m 01.691s,    000h 09m 01.615s
327,    1730,    543345,    000h 00m 01.730s,    000h 09m 03.345s
328,    1724,    545069,    000h 00m 01.724s,    000h 09m 05.069s
329,    1593,    546662,    000h 00m 01.593s,    000h 09m 06.662s
330,    1677,    548339,    000h 00m 01.677s,    000h 09m 08.339s
331,    1729,    550068,    000h 00m 01.729s,    000h 09m 10.068s
332,    1698,    551766,    000h 00m 01.698s,    000h 09m 11.766s
333,    1548,    553314,    000h 00m 01.548s,    000h 09m 13.314s
334,    1698,    555012,    000h 00m 01.698s,    000h 09m 15.012s
335,    1641,    556653,    000h 00m 01.641s,    000h 09m 16.653s
336,    1560,    558213,    000h 00m 01.560s,    000h 09m 18.213s
337,    1617,    559830,    000h 00m 01.617s,    000h 09m 19.830s
338,    1617,    561447,    000h 00m 01.617s,    000h 09m 21.447s
339,    1705,    563152,    000h 00m 01.705s,    000h 09m 23.152s
340,    1549,    564701,    000h 00m 01.549s,    000h 09m 24.701s
341,    1572,    566273,    000h 00m 01.572s,    000h 09m 26.273s
342,    1643,    567916,    000h 00m 01.643s,    000h 09m 27.916s
343,    1568,    569484,    000h 00m 01.568s,    000h 09m 29.484s
344,    1625,    571109,    000h 00m 01.625s,    000h 09m 31.109s
345,    1659,    572768,    000h 00m 01.659s,    000h 09m 32.768s
346,    1694,    574462,    000h 00m 01.694s,    000h 09m 34.462s
347,    1667,    576129,    000h 00m 01.667s,    000h 09m 36.129s
348,    1657,    577786,    000h 00m 01.657s,    000h 09m 37.786s
349,    1645,    579431,    000h 00m 01.645s,    000h 09m 39.431s
350,    1726,    581157,    000h 00m 01.726s,    000h 09m 41.157s
351,    1730,    582887,    000h 00m 01.730s,    000h 09m 42.887s
352,    1584,    584471,    000h 00m 01.584s,    000h 09m 44.471s
353,    1709,    586180,    000h 00m 01.709s,    000h 09m 46.180s
354,    1728,    587908,    000h 00m 01.728s,    000h 09m 47.908s
355,    1546,    589454,    000h 00m 01.546s,    000h 09m 49.454s
356,    1605,    591059,    000h 00m 01.605s,    000h 09m 51.059s
357,    1601,    592660,    000h 00m 01.601s,    000h 09m 52.660s
358,    1583,    594243,    000h 00m 01.583s,    000h 09m 54.243s
359,    1640,    595883,    000h 00m 01.640s,    000h 09m 55.883s
360,    1735,    597618,    000h 00m 01.735s,    000h 09m 57.618s
361,    1728,    599346,    000h 00m 01.728s,    000h 09m 59.346s
362,    1660,    601006,    000h 00m 01.660s,    000h 10m 01.006s
363,    1722,    602728,    000h 00m 01.722s,    000h 10m 02.728s
364,    1724,    604452,    000h 00m 01.724s,    000h 10m 04.452s
365,    1696,    606148,    000h 00m 01.696s,    000h 10m 06.148s
366,    1663,    607811,    000h 00m 01.663s,    000h 10m 07.811s
367,    1664,    609475,    000h 00m 01.664s,    000h 10m 09.475s
368,    1658,    611133,    000h 00m 01.658s,    000h 10m 11.133s
369,    1735,    612868,    000h 00m 01.735s,    000h 10m 12.868s
370,    1731,    614599,    000h 00m 01.731s,    000h 10m 14.599s
371,    1723,    616322,    000h 00m 01.723s,    000h 10m 16.322s
372,    1601,    617923,    000h 00m 01.601s,    000h 10m 17.923s
373,    1696,    619619,    000h 00m 01.696s,    000h 10m 19.619s
374,    1677,    621296,    000h 00m 01.677s,    000h 10m 21.296s
375,    1739,    623035,    000h 00m 01.739s,    000h 10m 23.035s
376,    1736,    624771,    000h 00m 01.736s,    000h 10m 24.771s
377,    1731,    626502,    000h 00m 01.731s,    000h 10m 26.502s
378,    1601,    628103,    000h 00m 01.601s,    000h 10m 28.103s
379,    1717,    629820,    000h 00m 01.717s,    000h 10m 29.820s
380,    1721,    631541,    000h 00m 01.721s,    000h 10m 31.541s
381,    1580,    633121,    000h 00m 01.580s,    000h 10m 33.121s
382,    1645,    634766,    000h 00m 01.645s,    000h 10m 34.766s
383,    1697,    636463,    000h 00m 01.697s,    000h 10m 36.463s
384,    1641,    638104,    000h 00m 01.641s,    000h 10m 38.104s
385,    1549,    639653,    000h 00m 01.549s,    000h 10m 39.653s
386,    1583,    641236,    000h 00m 01.583s,    000h 10m 41.236s
387,    1726,    642962,    000h 00m 01.726s,    000h 10m 42.962s
388,    1723,    644685,    000h 00m 01.723s,    000h 10m 44.685s
389,    1630,    646315,    000h 00m 01.630s,    000h 10m 46.315s
390,    1716,    648031,    000h 00m 01.716s,    000h 10m 48.031s
391,    1738,    649769,    000h 00m 01.738s,    000h 10m 49.769s
392,    1759,    651528,    000h 00m 01.759s,    000h 10m 51.528s
393,    1601,    653129,    000h 00m 01.601s,    000h 10m 53.129s
394,    1586,    654715,    000h 00m 01.586s,    000h 10m 54.715s
395,    1589,    656304,    000h 00m 01.589s,    000h 10m 56.304s
396,    1668,    657972,    000h 00m 01.668s,    000h 10m 57.972s
397,    1588,    659560,    000h 00m 01.588s,    000h 10m 59.560s
398,    1610,    661170,    000h 00m 01.610s,    000h 11m 01.170s
399,    1700,    662870,    000h 00m 01.700s,    000h 11m 02.870s
400,    1741,    664611,    000h 00m 01.741s,    000h 11m 04.611s
401,    1714,    666325,    000h 00m 01.714s,    000h 11m 06.325s
402,    1711,    668036,    000h 00m 01.711s,    000h 11m 08.036s
403,    1607,    669643,    000h 00m 01.607s,    000h 11m 09.643s
404,    1629,    671272,    000h 00m 01.629s,    000h 11m 11.272s
405,    1655,    672927,    000h 00m 01.655s,    000h 11m 12.927s
406,    1569,    674496,    000h 00m 01.569s,    000h 11m 14.496s
407,    1730,    676226,    000h 00m 01.730s,    000h 11m 16.226s
408,    1638,    677864,    000h 00m 01.638s,    000h 11m 17.864s
409,    1632,    679496,    000h 00m 01.632s,    000h 11m 19.496s
410,    1663,    681159,    000h 00m 01.663s,    000h 11m 21.159s
411,    1631,    682790,    000h 00m 01.631s,    000h 11m 22.790s
412,    1746,    684536,    000h 00m 01.746s,    000h 11m 24.536s
413,    1771,    686307,    000h 00m 01.771s,    000h 11m 26.307s
414,    1707,    688014,    000h 00m 01.707s,    000h 11m 28.014s
415,    1667,    689681,    000h 00m 01.667s,    000h 11m 29.681s
416,    1613,    691294,    000h 00m 01.613s,    000h 11m 31.294s
417,    1603,    692897,    000h 00m 01.603s,    000h 11m 32.897s
418,    1578,    694475,    000h 00m 01.578s,    000h 11m 34.475s
419,    1747,    696222,    000h 00m 01.747s,    000h 11m 36.222s
420,    1737,    697959,    000h 00m 01.737s,    000h 11m 37.959s
421,    1670,    699629,    000h 00m 01.670s,    000h 11m 39.629s
422,    1603,    701232,    000h 00m 01.603s,    000h 11m 41.232s
423,    1560,    702792,    000h 00m 01.560s,    000h 11m 42.792s
424,    1728,    704520,    000h 00m 01.728s,    000h 11m 44.520s
425,    1719,    706239,    000h 00m 01.719s,    000h 11m 46.239s
426,    1724,    707963,    000h 00m 01.724s,    000h 11m 47.963s
427,    1591,    709554,    000h 00m 01.591s,    000h 11m 49.554s
428,    1728,    711282,    000h 00m 01.728s,    000h 11m 51.282s
429,    1694,    712976,    000h 00m 01.694s,    000h 11m 52.976s
430,    1587,    714563,    000h 00m 01.587s,    000h 11m 54.563s
431,    1721,    716284,    000h 00m 01.721s,    000h 11m 56.284s
432,    1731,    718015,    000h 00m 01.731s,    000h 11m 58.015s
433,    1610,    719625,    000h 00m 01.610s,    000h 11m 59.625s
434,    1699,    721324,    000h 00m 01.699s,    000h 12m 01.324s
435,    1692,    723016,    000h 00m 01.692s,    000h 12m 03.016s
436,    1543,    724559,    000h 00m 01.543s,    000h 12m 04.559s
437,    1728,    726287,    000h 00m 01.728s,    000h 12m 06.287s
438,    1645,    727932,    000h 00m 01.645s,    000h 12m 07.932s
439,    1593,    729525,    000h 00m 01.593s,    000h 12m 09.525s
440,    1589,    731114,    000h 00m 01.589s,    000h 12m 11.114s
441,    1569,    732683,    000h 00m 01.569s,    000h 12m 12.683s
442,    1743,    734426,    000h 00m 01.743s,    000h 12m 14.426s
443,    1707,    736133,    000h 00m 01.707s,    000h 12m 16.133s
444,    1700,    737833,    000h 00m 01.700s,    000h 12m 17.833s
445,    1732,    739565,    000h 00m 01.732s,    000h 12m 19.565s
446,    1738,    741303,    000h 00m 01.738s,    000h 12m 21.303s
447,    1703,    743006,    000h 00m 01.703s,    000h 12m 23.006s
448,    1540,    744546,    000h 00m 01.540s,    000h 12m 24.546s
449,    1615,    746161,    000h 00m 01.615s,    000h 12m 26.161s
450,    1550,    747711,    000h 00m 01.550s,    000h 12m 27.711s
451,    1641,    749352,    000h 00m 01.641s,    000h 12m 29.352s
452,    1598,    750950,    000h 00m 01.598s,    000h 12m 30.950s
453,    1745,    752695,    000h 00m 01.745s,    000h 12m 32.695s
454,    1658,    754353,    000h 00m 01.658s,    000h 12m 34.353s
455,    1744,    756097,    000h 00m 01.744s,    000h 12m 36.097s
456,    1720,    757817,    000h 00m 01.720s,    000h 12m 37.817s
457,    1569,    759386,    000h 00m 01.569s,    000h 12m 39.386s
458,    1621,    761007,    000h 00m 01.621s,    000h 12m 41.007s
459,    1567,    762574,    000h 00m 01.567s,    000h 12m 42.574s
460,    1726,    764300,    000h 00m 01.726s,    000h 12m 44.300s
461,    1616,    765916,    000h 00m 01.616s,    000h 12m 45.916s
462,    1587,    767503,    000h 00m 01.587s,    000h 12m 47.503s
463,    1637,    769140,    000h 00m 01.637s,    000h 12m 49.140s
464,    1612,    770752,    000h 00m 01.612s,    000h 12m 50.752s
465,    1579,    772331,    000h 00m 01.579s,    000h 12m 52.331s
466,    1672,    774003,    000h 00m 01.672s,    000h 12m 54.003s
467,    1648,    775651,    000h 00m 01.648s,    000h 12m 55.651s
468,    1647,    777298,    000h 00m 01.647s,    000h 12m 57.298s
469,    1640,    778938,    000h 00m 01.640s,    000h 12m 58.938s
470,    1564,    780502,    000h 00m 01.564s,    000h 13m 00.502s
471,    1634,    782136,    000h 00m 01.634s,    000h 13m 02.136s
472,    1737,    783873,    000h 00m 01.737s,    000h 13m 03.873s
473,    1641,    785514,    000h 00m 01.641s,    000h 13m 05.514s
474,    1734,    787248,    000h 00m 01.734s,    000h 13m 07.248s
475,    1743,    788991,    000h 00m 01.743s,    000h 13m 08.991s
476,    1725,    790716,    000h 00m 01.725s,    000h 13m 10.716s
477,    1648,    792364,    000h 00m 01.648s,    000h 13m 12.364s
478,    1730,    794094,    000h 00m 01.730s,    000h 13m 14.094s
479,    1589,    795683,    000h 00m 01.589s,    000h 13m 15.683s
480,    1664,    797347,    000h 00m 01.664s,    000h 13m 17.347s
481,    1559,    798906,    000h 00m 01.559s,    000h 13m 18.906s
482,    1559,    800465,    000h 00m 01.559s,    000h 13m 20.465s
483,    1720,    802185,    000h 00m 01.720s,    000h 13m 22.185s
484,    1657,    803842,    000h 00m 01.657s,    000h 13m 23.842s
485,    1591,    805433,    000h 00m 01.591s,    000h 13m 25.433s
486,    1617,    807050,    000h 00m 01.617s,    000h 13m 27.050s
487,    1732,    808782,    000h 00m 01.732s,    000h 13m 28.782s
488,    1683,    810465,    000h 00m 01.683s,    000h 13m 30.465s
489,    1731,    812196,    000h 00m 01.731s,    000h 13m 32.196s
490,    1733,    813929,    000h 00m 01.733s,    000h 13m 33.929s
491,    1715,    815644,    000h 00m 01.715s,    000h 13m 35.644s
492,    1715,    817359,    000h 00m 01.715s,    000h 13m 37.359s
493,    1748,    819107,    000h 00m 01.748s,    000h 13m 39.107s
494,    1723,    820830,    000h 00m 01.723s,    000h 13m 40.830s
495,    1519,    822349,    000h 00m 01.519s,    000h 13m 42.349s
496,    1633,    823982,    000h 00m 01.633s,    000h 13m 43.982s
497,    1625,    825607,    000h 00m 01.625s,    000h 13m 45.607s
498,    1684,    827291,    000h 00m 01.684s,    000h 13m 47.291s
499,    1696,    828987,    000h 00m 01.696s,    000h 13m 48.987s
500,    1740,    830727,    000h 00m 01.740s,    000h 13m 50.727s
501,    1714,    832441,    000h 00m 01.714s,    000h 13m 52.441s
502,    1679,    834120,    000h 00m 01.679s,    000h 13m 54.120s
503,    1716,    835836,    000h 00m 01.716s,    000h 13m 55.836s
504,    1594,    837430,    000h 00m 01.594s,    000h 13m 57.430s
505,    1723,    839153,    000h 00m 01.723s,    000h 13m 59.153s
506,    1733,    840886,    000h 00m 01.733s,    000h 14m 00.886s
507,    1727,    842613,    000h 00m 01.727s,    000h 14m 02.613s
508,    1724,    844337,    000h 00m 01.724s,    000h 14m 04.337s
509,    1658,    845995,    000h 00m 01.658s,    000h 14m 05.995s
510,    1731,    847726,    000h 00m 01.731s,    000h 14m 07.726s
511,    1705,    849431,    000h 00m 01.705s,    000h 14m 09.431s
512,    1695,    851126,    000h 00m 01.695s,    000h 14m 11.126s
513,    1691,    852817,    000h 00m 01.691s,    000h 14m 12.817s
514,    1739,    854556,    000h 00m 01.739s,    000h 14m 14.556s
515,    1701,    856257,    000h 00m 01.701s,    000h 14m 16.257s
516,    1655,    857912,    000h 00m 01.655s,    000h 14m 17.912s
517,    1719,    859631,    000h 00m 01.719s,    000h 14m 19.631s
518,    1697,    861328,    000h 00m 01.697s,    000h 14m 21.328s
519,    1700,    863028,    000h 00m 01.700s,    000h 14m 23.028s
520,    1727,    864755,    000h 00m 01.727s,    000h 14m 24.755s
521,    1677,    866432,    000h 00m 01.677s,    000h 14m 26.432s
522,    1639,    868071,    000h 00m 01.639s,    000h 14m 28.071s
523,    1670,    869741,    000h 00m 01.670s,    000h 14m 29.741s
524,    1722,    871463,    000h 00m 01.722s,    000h 14m 31.463s
525,    1730,    873193,    000h 00m 01.730s,    000h 14m 33.193s
526,    1659,    874852,    000h 00m 01.659s,    000h 14m 34.852s
527,    1702,    876554,    000h 00m 01.702s,    000h 14m 36.554s
528,    1722,    878276,    000h 00m 01.722s,    000h 14m 38.276s
529,    1630,    879906,    000h 00m 01.630s,    000h 14m 39.906s
530,    1711,    881617,    000h 00m 01.711s,    000h 14m 41.617s
531,    1723,    883340,    000h 00m 01.723s,    000h 14m 43.340s
532,    1715,    885055,    000h 00m 01.715s,    000h 14m 45.055s
533,    1680,    886735,    000h 00m 01.680s,    000h 14m 46.735s
534,    1732,    888467,    000h 00m 01.732s,    000h 14m 48.467s
535,    1729,    890196,    000h 00m 01.729s,    000h 14m 50.196s
536,    1576,    891772,    000h 00m 01.576s,    000h 14m 51.772s
537,    1726,    893498,    000h 00m 01.726s,    000h 14m 53.498s
538,    1609,    895107,    000h 00m 01.609s,    000h 14m 55.107s
539,    1632,    896739,    000h 00m 01.632s,    000h 14m 56.739s
540,    1623,    898362,    000h 00m 01.623s,    000h 14m 58.362s
541,    1676,    900038,    000h 00m 01.676s,    000h 15m 00.038s
542,    1616,    901654,    000h 00m 01.616s,    000h 15m 01.654s
543,    1730,    903384,    000h 00m 01.730s,    000h 15m 03.384s
544,    1618,    905002,    000h 00m 01.618s,    000h 15m 05.002s
545,    1663,    906665,    000h 00m 01.663s,    000h 15m 06.665s
546,    1681,    908346,    000h 00m 01.681s,    000h 15m 08.346s
547,    1588,    909934,    000h 00m 01.588s,    000h 15m 09.934s
548,    1678,    911612,    000h 00m 01.678s,    000h 15m 11.612s
549,    1721,    913333,    000h 00m 01.721s,    000h 15m 13.333s
550,    1724,    915057,    000h 00m 01.724s,    000h 15m 15.057s
551,    1732,    916789,    000h 00m 01.732s,    000h 15m 16.789s
552,    1626,    918415,    000h 00m 01.626s,    000h 15m 18.415s
553,    1680,    920095,    000h 00m 01.680s,    000h 15m 20.095s
554,    1728,    921823,    000h 00m 01.728s,    000h 15m 21.823s
555,    1629,    923452,    000h 00m 01.629s,    000h 15m 23.452s
556,    1723,    925175,    000h 00m 01.723s,    000h 15m 25.175s
557,    1538,    926713,    000h 00m 01.538s,    000h 15m 26.713s
558,    1576,    928289,    000h 00m 01.576s,    000h 15m 28.289s
559,    1653,    929942,    000h 00m 01.653s,    000h 15m 29.942s
560,    1675,    931617,    000h 00m 01.675s,    000h 15m 31.617s
561,    1725,    933342,    000h 00m 01.725s,    000h 15m 33.342s
562,    1659,    935001,    000h 00m 01.659s,    000h 15m 35.001s
563,    1626,    936627,    000h 00m 01.626s,    000h 15m 36.627s
564,    1741,    938368,    000h 00m 01.741s,    000h 15m 38.368s
565,    1736,    940104,    000h 00m 01.736s,    000h 15m 40.104s
566,    1587,    941691,    000h 00m 01.587s,    000h 15m 41.691s
567,    1640,    943331,    000h 00m 01.640s,    000h 15m 43.331s
568,    1726,    945057,    000h 00m 01.726s,    000h 15m 45.057s
569,    1578,    946635,    000h 00m 01.578s,    000h 15m 46.635s
570,    1710,    948345,    000h 00m 01.710s,    000h 15m 48.345s
571,    1636,    949981,    000h 00m 01.636s,    000h 15m 49.981s
572,    1595,    951576,    000h 00m 01.595s,    000h 15m 51.576s
573,    1703,    953279,    000h 00m 01.703s,    000h 15m 53.279s
574,    1743,    955022,    000h 00m 01.743s,    000h 15m 55.022s
575,    1710,    956732,    000h 00m 01.710s,    000h 15m 56.732s
576,    1583,    958315,    000h 00m 01.583s,    000h 15m 58.315s
577,    1642,    959957,    000h 00m 01.642s,    000h 15m 59.957s
578,    1583,    961540,    000h 00m 01.583s,    000h 16m 01.540s
579,    1632,    963172,    000h 00m 01.632s,    000h 16m 03.172s
580,    1636,    964808,    000h 00m 01.636s,    000h 16m 04.808s
581,    1582,    966390,    000h 00m 01.582s,    000h 16m 06.390s
582,    1631,    968021,    000h 00m 01.631s,    000h 16m 08.021s
583,    1695,    969716,    000h 00m 01.695s,    000h 16m 09.716s
584,    1629,    971345,    000h 00m 01.629s,    000h 16m 11.345s
585,    1584,    972929,    000h 00m 01.584s,    000h 16m 12.929s
586,    1547,    974476,    000h 00m 01.547s,    000h 16m 14.476s
587,    1685,    976161,    000h 00m 01.685s,    000h 16m 16.161s
588,    1710,    977871,    000h 00m 01.710s,    000h 16m 17.871s
589,    1585,    979456,    000h 00m 01.585s,    000h 16m 19.456s
590,    1600,    981056,    000h 00m 01.600s,    000h 16m 21.056s
591,    1735,    982791,    000h 00m 01.735s,    000h 16m 22.791s
592,    1555,    984346,    000h 00m 01.555s,    000h 16m 24.346s
593,    1575,    985921,    000h 00m 01.575s,    000h 16m 25.921s
594,    1688,    987609,    000h 00m 01.688s,    000h 16m 27.609s
595,    1566,    989175,    000h 00m 01.566s,    000h 16m 29.175s
596,    1649,    990824,    000h 00m 01.649s,    000h 16m 30.824s
597,    1737,    992561,    000h 00m 01.737s,    000h 16m 32.561s
598,    1718,    994279,    000h 00m 01.718s,    000h 16m 34.279s
599,    1716,    995995,    000h 00m 01.716s,    000h 16m 35.995s
600,    1639,    997634,    000h 00m 01.639s,    000h 16m 37.634s
601,    1599,    999233,    000h 00m 01.599s,    000h 16m 39.233s
602,    1648,    1000881,    000h 00m 01.648s,    000h 16m 40.881s
603,    1625,    1002506,    000h 00m 01.625s,    000h 16m 42.506s
604,    1684,    1004190,    000h 00m 01.684s,    000h 16m 44.190s
605,    1603,    1005793,    000h 00m 01.603s,    000h 16m 45.793s
606,    1683,    1007476,    000h 00m 01.683s,    000h 16m 47.476s
607,    1585,    1009061,    000h 00m 01.585s,    000h 16m 49.061s
608,    1642,    1010703,    000h 00m 01.642s,    000h 16m 50.703s
609,    1733,    1012436,    000h 00m 01.733s,    000h 16m 52.436s
610,    1752,    1014188,    000h 00m 01.752s,    000h 16m 54.188s
611,    1659,    1015847,    000h 00m 01.659s,    000h 16m 55.847s
612,    1482,    1017329,    000h 00m 01.482s,    000h 16m 57.329s
613,    1642,    1018971,    000h 00m 01.642s,    000h 16m 58.971s
614,    1615,    1020586,    000h 00m 01.615s,    000h 17m 00.586s
615,    1555,    1022141,    000h 00m 01.555s,    000h 17m 02.141s
616,    1610,    1023751,    000h 00m 01.610s,    000h 17m 03.751s
617,    1695,    1025446,    000h 00m 01.695s,    000h 17m 05.446s
618,    1613,    1027059,    000h 00m 01.613s,    000h 17m 07.059s
619,    1650,    1028709,    000h 00m 01.650s,    000h 17m 08.709s
620,    1599,    1030308,    000h 00m 01.599s,    000h 17m 10.308s
621,    1593,    1031901,    000h 00m 01.593s,    000h 17m 11.901s
622,    1696,    1033597,    000h 00m 01.696s,    000h 17m 13.597s
623,    1734,    1035331,    000h 00m 01.734s,    000h 17m 15.331s
624,    1613,    1036944,    000h 00m 01.613s,    000h 17m 16.944s
625,    1738,    1038682,    000h 00m 01.738s,    000h 17m 18.682s
626,    1647,    1040329,    000h 00m 01.647s,    000h 17m 20.329s
627,    1598,    1041927,    000h 00m 01.598s,    000h 17m 21.927s
628,    1530,    1043457,    000h 00m 01.530s,    000h 17m 23.457s
629,    1630,    1045087,    000h 00m 01.630s,    000h 17m 25.087s
630,    1609,    1046696,    000h 00m 01.609s,    000h 17m 26.696s
631,    1587,    1048283,    000h 00m 01.587s,    000h 17m 28.283s
632,    1595,    1049878,    000h 00m 01.595s,    000h 17m 29.878s
633,    1643,    1051521,    000h 00m 01.643s,    000h 17m 31.521s
634,    1576,    1053097,    000h 00m 01.576s,    000h 17m 33.097s
635,    1720,    1054817,    000h 00m 01.720s,    000h 17m 34.817s
636,    1548,    1056365,    000h 00m 01.548s,    000h 17m 36.365s
637,    1614,    1057979,    000h 00m 01.614s,    000h 17m 37.979s
638,    1689,    1059668,    000h 00m 01.689s,    000h 17m 39.668s
639,    1729,    1061397,    000h 00m 01.729s,    000h 17m 41.397s
640,    1725,    1063122,    000h 00m 01.725s,    000h 17m 43.122s
641,    1698,    1064820,    000h 00m 01.698s,    000h 17m 44.820s
642,    1593,    1066413,    000h 00m 01.593s,    000h 17m 46.413s
643,    1722,    1068135,    000h 00m 01.722s,    000h 17m 48.135s
644,    1761,    1069896,    000h 00m 01.761s,    000h 17m 49.896s
645,    1735,    1071631,    000h 00m 01.735s,    000h 17m 51.631s
646,    1713,    1073344,    000h 00m 01.713s,    000h 17m 53.344s
647,    1584,    1074928,    000h 00m 01.584s,    000h 17m 54.928s
648,    1684,    1076612,    000h 00m 01.684s,    000h 17m 56.612s
649,    1633,    1078245,    000h 00m 01.633s,    000h 17m 58.245s
650,    1639,    1079884,    000h 00m 01.639s,    000h 17m 59.884s
651,    1649,    1081533,    000h 00m 01.649s,    000h 18m 01.533s
652,    1612,    1083145,    000h 00m 01.612s,    000h 18m 03.145s
653,    1641,    1084786,    000h 00m 01.641s,    000h 18m 04.786s
654,    1739,    1086525,    000h 00m 01.739s,    000h 18m 06.525s
655,    1717,    1088242,    000h 00m 01.717s,    000h 18m 08.242s
656,    1719,    1089961,    000h 00m 01.719s,    000h 18m 09.961s
657,    1586,    1091547,    000h 00m 01.586s,    000h 18m 11.547s
658,    1692,    1093239,    000h 00m 01.692s,    000h 18m 13.239s
659,    1582,    1094821,    000h 00m 01.582s,    000h 18m 14.821s
660,    1718,    1096539,    000h 00m 01.718s,    000h 18m 16.539s
661,    1699,    1098238,    000h 00m 01.699s,    000h 18m 18.238s
662,    1602,    1099840,    000h 00m 01.602s,    000h 18m 19.840s
663,    1600,    1101440,    000h 00m 01.600s,    000h 18m 21.440s
664,    1734,    1103174,    000h 00m 01.734s,    000h 18m 23.174s
665,    1730,    1104904,    000h 00m 01.730s,    000h 18m 24.904s
666,    1600,    1106504,    000h 00m 01.600s,    000h 18m 26.504s
667,    1652,    1108156,    000h 00m 01.652s,    000h 18m 28.156s
668,    1734,    1109890,    000h 00m 01.734s,    000h 18m 29.890s
669,    1565,    1111455,    000h 00m 01.565s,    000h 18m 31.455s
670,    1663,    1113118,    000h 00m 01.663s,    000h 18m 33.118s
671,    1724,    1114842,    000h 00m 01.724s,    000h 18m 34.842s
672,    1710,    1116552,    000h 00m 01.710s,    000h 18m 36.552s
673,    1685,    1118237,    000h 00m 01.685s,    000h 18m 38.237s
674,    1591,    1119828,    000h 00m 01.591s,    000h 18m 39.828s
675,    1613,    1121441,    000h 00m 01.613s,    000h 18m 41.441s
676,    1619,    1123060,    000h 00m 01.619s,    000h 18m 43.060s
677,    1566,    1124626,    000h 00m 01.566s,    000h 18m 44.626s
678,    1720,    1126346,    000h 00m 01.720s,    000h 18m 46.346s
679,    1740,    1128086,    000h 00m 01.740s,    000h 18m 48.086s
680,    1656,    1129742,    000h 00m 01.656s,    000h 18m 49.742s
681,    1582,    1131324,    000h 00m 01.582s,    000h 18m 51.324s
682,    1628,    1132952,    000h 00m 01.628s,    000h 18m 52.952s
683,    1696,    1134648,    000h 00m 01.696s,    000h 18m 54.648s
684,    1716,    1136364,    000h 00m 01.716s,    000h 18m 56.364s
685,    1570,    1137934,    000h 00m 01.570s,    000h 18m 57.934s
686,    1647,    1139581,    000h 00m 01.647s,    000h 18m 59.581s
687,    1701,    1141282,    000h 00m 01.701s,    000h 19m 01.282s
688,    1598,    1142880,    000h 00m 01.598s,    000h 19m 02.880s
689,    1734,    1144614,    000h 00m 01.734s,    000h 19m 04.614s
690,    1591,    1146205,    000h 00m 01.591s,    000h 19m 06.205s
691,    1671,    1147876,    000h 00m 01.671s,    000h 19m 07.876s
692,    1701,    1149577,    000h 00m 01.701s,    000h 19m 09.577s
693,    1674,    1151251,    000h 00m 01.674s,    000h 19m 11.251s
694,    1726,    1152977,    000h 00m 01.726s,    000h 19m 12.977s
695,    1665,    1154642,    000h 00m 01.665s,    000h 19m 14.642s
696,    1611,    1156253,    000h 00m 01.611s,    000h 19m 16.253s
697,    1709,    1157962,    000h 00m 01.709s,    000h 19m 17.962s
698,    1738,    1159700,    000h 00m 01.738s,    000h 19m 19.700s
699,    1575,    1161275,    000h 00m 01.575s,    000h 19m 21.275s
700,    1703,    1162978,    000h 00m 01.703s,    000h 19m 22.978s
701,    1736,    1164714,    000h 00m 01.736s,    000h 19m 24.714s
702,    1655,    1166369,    000h 00m 01.655s,    000h 19m 26.369s
703,    1631,    1168000,    000h 00m 01.631s,    000h 19m 28.000s
704,    1723,    1169723,    000h 00m 01.723s,    000h 19m 29.723s
705,    1742,    1171465,    000h 00m 01.742s,    000h 19m 31.465s
706,    1561,    1173026,    000h 00m 01.561s,    000h 19m 33.026s
707,    1723,    1174749,    000h 00m 01.723s,    000h 19m 34.749s
708,    1656,    1176405,    000h 00m 01.656s,    000h 19m 36.405s
709,    1672,    1178077,    000h 00m 01.672s,    000h 19m 38.077s
710,    1604,    1179681,    000h 00m 01.604s,    000h 19m 39.681s
711,    1632,    1181313,    000h 00m 01.632s,    000h 19m 41.313s
712,    1607,    1182920,    000h 00m 01.607s,    000h 19m 42.920s
713,    1595,    1184515,    000h 00m 01.595s,    000h 19m 44.515s
714,    1648,    1186163,    000h 00m 01.648s,    000h 19m 46.163s
715,    1611,    1187774,    000h 00m 01.611s,    000h 19m 47.774s
716,    1729,    1189503,    000h 00m 01.729s,    000h 19m 49.503s
717,    1701,    1191204,    000h 00m 01.701s,    000h 19m 51.204s
718,    1713,    1192917,    000h 00m 01.713s,    000h 19m 52.917s
719,    1738,    1194655,    000h 00m 01.738s,    000h 19m 54.655s
720,    1584,    1196239,    000h 00m 01.584s,    000h 19m 56.239s
721,    1517,    1197756,    000h 00m 01.517s,    000h 19m 57.756s
722,    1602,    1199358,    000h 00m 01.602s,    000h 19m 59.358s
723,    1711,    1201069,    000h 00m 01.711s,    000h 20m 01.069s
724,    1702,    1202771,    000h 00m 01.702s,    000h 20m 02.771s
725,    1731,    1204502,    000h 00m 01.731s,    000h 20m 04.502s
726,    1614,    1206116,    000h 00m 01.614s,    000h 20m 06.116s
727,    1618,    1207734,    000h 00m 01.618s,    000h 20m 07.734s
728,    1555,    1209289,    000h 00m 01.555s,    000h 20m 09.289s
729,    1723,    1211012,    000h 00m 01.723s,    000h 20m 11.012s
730,    1570,    1212582,    000h 00m 01.570s,    000h 20m 12.582s
731,    1615,    1214197,    000h 00m 01.615s,    000h 20m 14.197s
732,    1737,    1215934,    000h 00m 01.737s,    000h 20m 15.934s
733,    1613,    1217547,    000h 00m 01.613s,    000h 20m 17.547s
734,    1712,    1219259,    000h 00m 01.712s,    000h 20m 19.259s
735,    1573,    1220832,    000h 00m 01.573s,    000h 20m 20.832s
736,    1708,    1222540,    000h 00m 01.708s,    000h 20m 22.540s
737,    1575,    1224115,    000h 00m 01.575s,    000h 20m 24.115s
738,    1644,    1225759,    000h 00m 01.644s,    000h 20m 25.759s
739,    1664,    1227423,    000h 00m 01.664s,    000h 20m 27.423s
740,    1606,    1229029,    000h 00m 01.606s,    000h 20m 29.029s
741,    1637,    1230666,    000h 00m 01.637s,    000h 20m 30.666s
742,    1723,    1232389,    000h 00m 01.723s,    000h 20m 32.389s
743,    1733,    1234122,    000h 00m 01.733s,    000h 20m 34.122s
744,    1741,    1235863,    000h 00m 01.741s,    000h 20m 35.863s
745,    1456,    1237319,    000h 00m 01.456s,    000h 20m 37.319s
746,    1637,    1238956,    000h 00m 01.637s,    000h 20m 38.956s
747,    1636,    1240592,    000h 00m 01.636s,    000h 20m 40.592s
748,    1765,    1242357,    000h 00m 01.765s,    000h 20m 42.357s
749,    1672,    1244029,    000h 00m 01.672s,    000h 20m 44.029s
750,    1616,    1245645,    000h 00m 01.616s,    000h 20m 45.645s
751,    1607,    1247252,    000h 00m 01.607s,    000h 20m 47.252s
752,    1726,    1248978,    000h 00m 01.726s,    000h 20m 48.978s
753,    1575,    1250553,    000h 00m 01.575s,    000h 20m 50.553s
754,    1721,    1252274,    000h 00m 01.721s,    000h 20m 52.274s
755,    1724,    1253998,    000h 00m 01.724s,    000h 20m 53.998s
756,    1718,    1255716,    000h 00m 01.718s,    000h 20m 55.716s
757,    1644,    1257360,    000h 00m 01.644s,    000h 20m 57.360s
758,    1688,    1259048,    000h 00m 01.688s,    000h 20m 59.048s
759,    1643,    1260691,    000h 00m 01.643s,    000h 21m 00.691s
760,    1628,    1262319,    000h 00m 01.628s,    000h 21m 02.319s
761,    1742,    1264061,    000h 00m 01.742s,    000h 21m 04.061s
762,    1727,    1265788,    000h 00m 01.727s,    000h 21m 05.788s
763,    1739,    1267527,    000h 00m 01.739s,    000h 21m 07.527s
764,    1703,    1269230,    000h 00m 01.703s,    000h 21m 09.230s
765,    1741,    1270971,    000h 00m 01.741s,    000h 21m 10.971s
766,    1726,    1272697,    000h 00m 01.726s,    000h 21m 12.697s
767,    1599,    1274296,    000h 00m 01.599s,    000h 21m 14.296s
768,    1627,    1275923,    000h 00m 01.627s,    000h 21m 15.923s
769,    1602,    1277525,    000h 00m 01.602s,    000h 21m 17.525s
770,    1717,    1279242,    000h 00m 01.717s,    000h 21m 19.242s
771,    1734,    1280976,    000h 00m 01.734s,    000h 21m 20.976s
772,    1580,    1282556,    000h 00m 01.580s,    000h 21m 22.556s
773,    1738,    1284294,    000h 00m 01.738s,    000h 21m 24.294s
774,    1631,    1285925,    000h 00m 01.631s,    000h 21m 25.925s
775,    1631,    1287556,    000h 00m 01.631s,    000h 21m 27.556s
776,    1715,    1289271,    000h 00m 01.715s,    000h 21m 29.271s
777,    1592,    1290863,    000h 00m 01.592s,    000h 21m 30.863s
778,    1719,    1292582,    000h 00m 01.719s,    000h 21m 32.582s
779,    1618,    1294200,    000h 00m 01.618s,    000h 21m 34.200s
780,    1754,    1295954,    000h 00m 01.754s,    000h 21m 35.954s
781,    1626,    1297580,    000h 00m 01.626s,    000h 21m 37.580s
782,    1654,    1299234,    000h 00m 01.654s,    000h 21m 39.234s
783,    1599,    1300833,    000h 00m 01.599s,    000h 21m 40.833s
784,    1591,    1302424,    000h 00m 01.591s,    000h 21m 42.424s
785,    1606,    1304030,    000h 00m 01.606s,    000h 21m 44.030s
786,    1562,    1305592,    000h 00m 01.562s,    000h 21m 45.592s
787,    1642,    1307234,    000h 00m 01.642s,    000h 21m 47.234s
788,    1569,    1308803,    000h 00m 01.569s,    000h 21m 48.803s
789,    1718,    1310521,    000h 00m 01.718s,    000h 21m 50.521s
790,    1727,    1312248,    000h 00m 01.727s,    000h 21m 52.248s
791,    1604,    1313852,    000h 00m 01.604s,    000h 21m 53.852s
792,    1685,    1315537,    000h 00m 01.685s,    000h 21m 55.537s
793,    1588,    1317125,    000h 00m 01.588s,    000h 21m 57.125s
794,    1629,    1318754,    000h 00m 01.629s,    000h 21m 58.754s
795,    1671,    1320425,    000h 00m 01.671s,    000h 22m 00.425s
796,    1600,    1322025,    000h 00m 01.600s,    000h 22m 02.025s
797,    1644,    1323669,    000h 00m 01.644s,    000h 22m 03.669s
798,    1757,    1325426,    000h 00m 01.757s,    000h 22m 05.426s
799,    1723,    1327149,    000h 00m 01.723s,    000h 22m 07.149s
800,    1743,    1328892,    000h 00m 01.743s,    000h 22m 08.892s
801,    1572,    1330464,    000h 00m 01.572s,    000h 22m 10.464s
802,    1593,    1332057,    000h 00m 01.593s,    000h 22m 12.057s
803,    1559,    1333616,    000h 00m 01.559s,    000h 22m 13.616s
804,    1593,    1335209,    000h 00m 01.593s,    000h 22m 15.209s
805,    1694,    1336903,    000h 00m 01.694s,    000h 22m 16.903s
806,    1564,    1338467,    000h 00m 01.564s,    000h 22m 18.467s
807,    1646,    1340113,    000h 00m 01.646s,    000h 22m 20.113s
808,    1690,    1341803,    000h 00m 01.690s,    000h 22m 21.803s
809,    1627,    1343430,    000h 00m 01.627s,    000h 22m 23.430s
810,    1706,    1345136,    000h 00m 01.706s,    000h 22m 25.136s
811,    1739,    1346875,    000h 00m 01.739s,    000h 22m 26.875s
812,    1702,    1348577,    000h 00m 01.702s,    000h 22m 28.577s
813,    1690,    1350267,    000h 00m 01.690s,    000h 22m 30.267s
814,    1617,    1351884,    000h 00m 01.617s,    000h 22m 31.884s
815,    1759,    1353643,    000h 00m 01.759s,    000h 22m 33.643s
816,    1689,    1355332,    000h 00m 01.689s,    000h 22m 35.332s
817,    1701,    1357033,    000h 00m 01.701s,    000h 22m 37.033s
818,    1683,    1358716,    000h 00m 01.683s,    000h 22m 38.716s
819,    1649,    1360365,    000h 00m 01.649s,    000h 22m 40.365s
820,    1729,    1362094,    000h 00m 01.729s,    000h 22m 42.094s
821,    1712,    1363806,    000h 00m 01.712s,    000h 22m 43.806s
822,    1763,    1365569,    000h 00m 01.763s,    000h 22m 45.569s
823,    1599,    1367168,    000h 00m 01.599s,    000h 22m 47.168s
824,    1627,    1368795,    000h 00m 01.627s,    000h 22m 48.795s
825,    1681,    1370476,    000h 00m 01.681s,    000h 22m 50.476s
826,    1620,    1372096,    000h 00m 01.620s,    000h 22m 52.096s
827,    1645,    1373741,    000h 00m 01.645s,    000h 22m 53.741s
828,    1726,    1375467,    000h 00m 01.726s,    000h 22m 55.467s
829,    1708,    1377175,    000h 00m 01.708s,    000h 22m 57.175s
830,    1622,    1378797,    000h 00m 01.622s,    000h 22m 58.797s
831,    1717,    1380514,    000h 00m 01.717s,    000h 23m 00.514s
832,    1710,    1382224,    000h 00m 01.710s,    000h 23m 02.224s
833,    1581,    1383805,    000h 00m 01.581s,    000h 23m 03.805s
834,    1656,    1385461,    000h 00m 01.656s,    000h 23m 05.461s
835,    1584,    1387045,    000h 00m 01.584s,    000h 23m 07.045s
836,    1736,    1388781,    000h 00m 01.736s,    000h 23m 08.781s
837,    1570,    1390351,    000h 00m 01.570s,    000h 23m 10.351s
838,    1585,    1391936,    000h 00m 01.585s,    000h 23m 11.936s
839,    1632,    1393568,    000h 00m 01.632s,    000h 23m 13.568s
840,    1695,    1395263,    000h 00m 01.695s,    000h 23m 15.263s
841,    1640,    1396903,    000h 00m 01.640s,    000h 23m 16.903s
842,    1725,    1398628,    000h 00m 01.725s,    000h 23m 18.628s
843,    1679,    1400307,    000h 00m 01.679s,    000h 23m 20.307s
844,    1603,    1401910,    000h 00m 01.603s,    000h 23m 21.910s
845,    1736,    1403646,    000h 00m 01.736s,    000h 23m 23.646s
846,    1615,    1405261,    000h 00m 01.615s,    000h 23m 25.261s
847,    1701,    1406962,    000h 00m 01.701s,    000h 23m 26.962s
848,    1620,    1408582,    000h 00m 01.620s,    000h 23m 28.582s
849,    1724,    1410306,    000h 00m 01.724s,    000h 23m 30.306s
850,    1609,    1411915,    000h 00m 01.609s,    000h 23m 31.915s
851,    1633,    1413548,    000h 00m 01.633s,    000h 23m 33.548s
852,    1710,    1415258,    000h 00m 01.710s,    000h 23m 35.258s
853,    1598,    1416856,    000h 00m 01.598s,    000h 23m 36.856s
854,    1686,    1418542,    000h 00m 01.686s,    000h 23m 38.542s
855,    1716,    1420258,    000h 00m 01.716s,    000h 23m 40.258s
856,    1608,    1421866,    000h 00m 01.608s,    000h 23m 41.866s
857,    1716,    1423582,    000h 00m 01.716s,    000h 23m 43.582s
858,    1729,    1425311,    000h 00m 01.729s,    000h 23m 45.311s
859,    1720,    1427031,    000h 00m 01.720s,    000h 23m 47.031s
860,    1576,    1428607,    000h 00m 01.576s,    000h 23m 48.607s
861,    1612,    1430219,    000h 00m 01.612s,    000h 23m 50.219s
862,    1711,    1431930,    000h 00m 01.711s,    000h 23m 51.930s
863,    1727,    1433657,    000h 00m 01.727s,    000h 23m 53.657s
864,    1652,    1435309,    000h 00m 01.652s,    000h 23m 55.309s
865,    1701,    1437010,    000h 00m 01.701s,    000h 23m 57.010s
866,    1724,    1438734,    000h 00m 01.724s,    000h 23m 58.734s
867,    1570,    1440304,    000h 00m 01.570s,    000h 24m 00.304s
868,    1691,    1441995,    000h 00m 01.691s,    000h 24m 01.995s
869,    1693,    1443688,    000h 00m 01.693s,    000h 24m 03.688s
870,    1668,    1445356,    000h 00m 01.668s,    000h 24m 05.356s
871,    1641,    1446997,    000h 00m 01.641s,    000h 24m 06.997s
872,    1643,    1448640,    000h 00m 01.643s,    000h 24m 08.640s
873,    1718,    1450358,    000h 00m 01.718s,    000h 24m 10.358s
874,    1721,    1452079,    000h 00m 01.721s,    000h 24m 12.079s
875,    1711,    1453790,    000h 00m 01.711s,    000h 24m 13.790s
876,    1705,    1455495,    000h 00m 01.705s,    000h 24m 15.495s
877,    1702,    1457197,    000h 00m 01.702s,    000h 24m 17.197s
878,    1694,    1458891,    000h 00m 01.694s,    000h 24m 18.891s
879,    1709,    1460600,    000h 00m 01.709s,    000h 24m 20.600s
880,    1711,    1462311,    000h 00m 01.711s,    000h 24m 22.311s
881,    1581,    1463892,    000h 00m 01.581s,    000h 24m 23.892s
882,    1524,    1465416,    000h 00m 01.524s,    000h 24m 25.416s
883,    1605,    1467021,    000h 00m 01.605s,    000h 24m 27.021s
884,    1591,    1468612,    000h 00m 01.591s,    000h 24m 28.612s
885,    1704,    1470316,    000h 00m 01.704s,    000h 24m 30.316s
886,    1706,    1472022,    000h 00m 01.706s,    000h 24m 32.022s
887,    1716,    1473738,    000h 00m 01.716s,    000h 24m 33.738s
888,    1611,    1475349,    000h 00m 01.611s,    000h 24m 35.349s
889,    1666,    1477015,    000h 00m 01.666s,    000h 24m 37.015s
890,    1557,    1478572,    000h 00m 01.557s,    000h 24m 38.572s
891,    1674,    1480246,    000h 00m 01.674s,    000h 24m 40.246s
892,    1650,    1481896,    000h 00m 01.650s,    000h 24m 41.896s
893,    1698,    1483594,    000h 00m 01.698s,    000h 24m 43.594s
894,    1738,    1485332,    000h 00m 01.738s,    000h 24m 45.332s
895,    1599,    1486931,    000h 00m 01.599s,    000h 24m 46.931s
896,    1748,    1488679,    000h 00m 01.748s,    000h 24m 48.679s
897,    1610,    1490289,    000h 00m 01.610s,    000h 24m 50.289s
898,    1650,    1491939,    000h 00m 01.650s,    000h 24m 51.939s
899,    1645,    1493584,    000h 00m 01.645s,    000h 24m 53.584s
900,    1545,    1495129,    000h 00m 01.545s,    000h 24m 55.129s
901,    1737,    1496866,    000h 00m 01.737s,    000h 24m 56.866s
902,    1882,    1498748,    000h 00m 01.882s,    000h 24m 58.748s
903,    1579,    1500327,    000h 00m 01.579s,    000h 25m 00.327s
904,    1644,    1501971,    000h 00m 01.644s,    000h 25m 01.971s
905,    1757,    1503728,    000h 00m 01.757s,    000h 25m 03.728s
906,    1538,    1505266,    000h 00m 01.538s,    000h 25m 05.266s
907,    1580,    1506846,    000h 00m 01.580s,    000h 25m 06.846s
908,    1687,    1508533,    000h 00m 01.687s,    000h 25m 08.533s
909,    1569,    1510102,    000h 00m 01.569s,    000h 25m 10.102s
910,    1618,    1511720,    000h 00m 01.618s,    000h 25m 11.720s
911,    1737,    1513457,    000h 00m 01.737s,    000h 25m 13.457s
912,    1660,    1515117,    000h 00m 01.660s,    000h 25m 15.117s
913,    1650,    1516767,    000h 00m 01.650s,    000h 25m 16.767s
914,    1696,    1518463,    000h 00m 01.696s,    000h 25m 18.463s
915,    1643,    1520106,    000h 00m 01.643s,    000h 25m 20.106s
916,    1735,    1521841,    000h 00m 01.735s,    000h 25m 21.841s
917,    1664,    1523505,    000h 00m 01.664s,    000h 25m 23.505s
918,    1798,    1525303,    000h 00m 01.798s,    000h 25m 25.303s
919,    1790,    1527093,    000h 00m 01.790s,    000h 25m 27.093s
920,    1576,    1528669,    000h 00m 01.576s,    000h 25m 28.669s
921,    1651,    1530320,    000h 00m 01.651s,    000h 25m 30.320s
922,    1651,    1531971,    000h 00m 01.651s,    000h 25m 31.971s
923,    1754,    1533725,    000h 00m 01.754s,    000h 25m 33.725s
924,    1743,    1535468,    000h 00m 01.743s,    000h 25m 35.468s
925,    1610,    1537078,    000h 00m 01.610s,    000h 25m 37.078s
926,    1544,    1538622,    000h 00m 01.544s,    000h 25m 38.622s
927,    1721,    1540343,    000h 00m 01.721s,    000h 25m 40.343s
928,    1587,    1541930,    000h 00m 01.587s,    000h 25m 41.930s
929,    1634,    1543564,    000h 00m 01.634s,    000h 25m 43.564s
930,    1636,    1545200,    000h 00m 01.636s,    000h 25m 45.200s
931,    1739,    1546939,    000h 00m 01.739s,    000h 25m 46.939s
932,    1656,    1548595,    000h 00m 01.656s,    000h 25m 48.595s
933,    1737,    1550332,    000h 00m 01.737s,    000h 25m 50.332s
934,    1695,    1552027,    000h 00m 01.695s,    000h 25m 52.027s
935,    1729,    1553756,    000h 00m 01.729s,    000h 25m 53.756s
936,    1735,    1555491,    000h 00m 01.735s,    000h 25m 55.491s
937,    1699,    1557190,    000h 00m 01.699s,    000h 25m 57.190s
938,    1706,    1558896,    000h 00m 01.706s,    000h 25m 58.896s
939,    1552,    1560448,    000h 00m 01.552s,    000h 26m 00.448s
940,    1631,    1562079,    000h 00m 01.631s,    000h 26m 02.079s
941,    1701,    1563780,    000h 00m 01.701s,    000h 26m 03.780s
942,    1708,    1565488,    000h 00m 01.708s,    000h 26m 05.488s
943,    1669,    1567157,    000h 00m 01.669s,    000h 26m 07.157s
944,    1594,    1568751,    000h 00m 01.594s,    000h 26m 08.751s
945,    1708,    1570459,    000h 00m 01.708s,    000h 26m 10.459s
946,    1552,    1572011,    000h 00m 01.552s,    000h 26m 12.011s
947,    1626,    1573637,    000h 00m 01.626s,    000h 26m 13.637s
948,    1729,    1575366,    000h 00m 01.729s,    000h 26m 15.366s
949,    1723,    1577089,    000h 00m 01.723s,    000h 26m 17.089s
950,    1596,    1578685,    000h 00m 01.596s,    000h 26m 18.685s
951,    1742,    1580427,    000h 00m 01.742s,    000h 26m 20.427s
952,    1738,    1582165,    000h 00m 01.738s,    000h 26m 22.165s
953,    1727,    1583892,    000h 00m 01.727s,    000h 26m 23.892s
954,    1744,    1585636,    000h 00m 01.744s,    000h 26m 25.636s
955,    1634,    1587270,    000h 00m 01.634s,    000h 26m 27.270s
956,    1729,    1588999,    000h 00m 01.729s,    000h 26m 28.999s
957,    1694,    1590693,    000h 00m 01.694s,    000h 26m 30.693s
958,    1706,    1592399,    000h 00m 01.706s,    000h 26m 32.399s
959,    1672,    1594071,    000h 00m 01.672s,    000h 26m 34.071s
960,    1557,    1595628,    000h 00m 01.557s,    000h 26m 35.628s
961,    1698,    1597326,    000h 00m 01.698s,    000h 26m 37.326s
962,    1724,    1599050,    000h 00m 01.724s,    000h 26m 39.050s
963,    1745,    1600795,    000h 00m 01.745s,    000h 26m 40.795s
964,    1568,    1602363,    000h 00m 01.568s,    000h 26m 42.363s
965,    1725,    1604088,    000h 00m 01.725s,    000h 26m 44.088s
966,    1716,    1605804,    000h 00m 01.716s,    000h 26m 45.804s
967,    1674,    1607478,    000h 00m 01.674s,    000h 26m 47.478s
968,    1725,    1609203,    000h 00m 01.725s,    000h 26m 49.203s
969,    1670,    1610873,    000h 00m 01.670s,    000h 26m 50.873s
970,    1678,    1612551,    000h 00m 01.678s,    000h 26m 52.551s
971,    1558,    1614109,    000h 00m 01.558s,    000h 26m 54.109s
972,    1582,    1615691,    000h 00m 01.582s,    000h 26m 55.691s
973,    1730,    1617421,    000h 00m 01.730s,    000h 26m 57.421s
974,    1641,    1619062,    000h 00m 01.641s,    000h 26m 59.062s
975,    1702,    1620764,    000h 00m 01.702s,    000h 27m 00.764s
976,    1557,    1622321,    000h 00m 01.557s,    000h 27m 02.321s
977,    1700,    1624021,    000h 00m 01.700s,    000h 27m 04.021s
978,    1594,    1625615,    000h 00m 01.594s,    000h 27m 05.615s
979,    1730,    1627345,    000h 00m 01.730s,    000h 27m 07.345s
980,    1734,    1629079,    000h 00m 01.734s,    000h 27m 09.079s
981,    1619,    1630698,    000h 00m 01.619s,    000h 27m 10.698s
982,    1581,    1632279,    000h 00m 01.581s,    000h 27m 12.279s
983,    1737,    1634016,    000h 00m 01.737s,    000h 27m 14.016s
984,    1741,    1635757,    000h 00m 01.741s,    000h 27m 15.757s
985,    1702,    1637459,    000h 00m 01.702s,    000h 27m 17.459s
986,    1746,    1639205,    000h 00m 01.746s,    000h 27m 19.205s
987,    1737,    1640942,    000h 00m 01.737s,    000h 27m 20.942s
988,    1643,    1642585,    000h 00m 01.643s,    000h 27m 22.585s
989,    1714,    1644299,    000h 00m 01.714s,    000h 27m 24.299s
990,    1546,    1645845,    000h 00m 01.546s,    000h 27m 25.845s
991,    1701,    1647546,    000h 00m 01.701s,    000h 27m 27.546s
992,    1725,    1649271,    000h 00m 01.725s,    000h 27m 29.271s
993,    1721,    1650992,    000h 00m 01.721s,    000h 27m 30.992s
994,    1745,    1652737,    000h 00m 01.745s,    000h 27m 32.737s
995,    1632,    1654369,    000h 00m 01.632s,    000h 27m 34.369s
996,    1776,    1656145,    000h 00m 01.776s,    000h 27m 36.145s
997,    1722,    1657867,    000h 00m 01.722s,    000h 27m 37.867s
998,    1631,    1659498,    000h 00m 01.631s,    000h 27m 39.498s
999,    1752,    1661250,    000h 00m 01.752s,    000h 27m 41.250s
1000,    1561,    1662811,    000h 00m 01.561s,    000h 27m 42.811s
1001,    1713,    1664524,    000h 00m 01.713s,    000h 27m 44.524s
1002,    1659,    1666183,    000h 00m 01.659s,    000h 27m 46.183s
1003,    1547,    1667730,    000h 00m 01.547s,    000h 27m 47.730s
1004,    1623,    1669353,    000h 00m 01.623s,    000h 27m 49.353s
1005,    1607,    1670960,    000h 00m 01.607s,    000h 27m 50.960s
1006,    1690,    1672650,    000h 00m 01.690s,    000h 27m 52.650s
1007,    1605,    1674255,    000h 00m 01.605s,    000h 27m 54.255s
1008,    1633,    1675888,    000h 00m 01.633s,    000h 27m 55.888s
1009,    1715,    1677603,    000h 00m 01.715s,    000h 27m 57.603s
1010,    1573,    1679176,    000h 00m 01.573s,    000h 27m 59.176s
1011,    1710,    1680886,    000h 00m 01.710s,    000h 28m 00.886s
1012,    1552,    1682438,    000h 00m 01.552s,    000h 28m 02.438s
1013,    1718,    1684156,    000h 00m 01.718s,    000h 28m 04.156s
1014,    1732,    1685888,    000h 00m 01.732s,    000h 28m 05.888s
1015,    1564,    1687452,    000h 00m 01.564s,    000h 28m 07.452s
1016,    1725,    1689177,    000h 00m 01.725s,    000h 28m 09.177s
1017,    1569,    1690746,    000h 00m 01.569s,    000h 28m 10.746s
1018,    1691,    1692437,    000h 00m 01.691s,    000h 28m 12.437s
1019,    1618,    1694055,    000h 00m 01.618s,    000h 28m 14.055s
1020,    1734,    1695789,    000h 00m 01.734s,    000h 28m 15.789s
1021,    1621,    1697410,    000h 00m 01.621s,    000h 28m 17.410s
1022,    1736,    1699146,    000h 00m 01.736s,    000h 28m 19.146s
1023,    1626,    1700772,    000h 00m 01.626s,    000h 28m 20.772s
1024,    1592,    1702364,    000h 00m 01.592s,    000h 28m 22.364s
1025,    1556,    1703920,    000h 00m 01.556s,    000h 28m 23.920s
