pass,    time (ms),    total time (ms),    time,     total_time
1,    1626,    1626,    000h 00m 01.626s,    000h 00m 01.626s
2,    1679,    3305,    000h 00m 01.679s,    000h 00m 03.305s
3,    1749,    5054,    000h 00m 01.749s,    000h 00m 05.054s
4,    1592,    6646,    000h 00m 01.592s,    000h 00m 06.646s
5,    1741,    8387,    000h 00m 01.741s,    000h 00m 08.387s
6,    1518,    9905,    000h 00m 01.518s,    000h 00m 09.905s
7,    1730,    11635,    000h 00m 01.730s,    000h 00m 11.635s
8,    1540,    13175,    000h 00m 01.540s,    000h 00m 13.175s
9,    1642,    14817,    000h 00m 01.642s,    000h 00m 14.817s
10,    1751,    16568,    000h 00m 01.751s,    000h 00m 16.568s
11,    1711,    18279,    000h 00m 01.711s,    000h 00m 18.279s
12,    1660,    19939,    000h 00m 01.660s,    000h 00m 19.939s
13,    1442,    21381,    000h 00m 01.442s,    000h 00m 21.381s
14,    1541,    22922,    000h 00m 01.541s,    000h 00m 22.922s
15,    1541,    24463,    000h 00m 01.541s,    000h 00m 24.463s
16,    1469,    25932,    000h 00m 01.469s,    000h 00m 25.932s
17,    1560,    27492,    000h 00m 01.560s,    000h 00m 27.492s
18,    1620,    29112,    000h 00m 01.620s,    000h 00m 29.112s
19,    1677,    30789,    000h 00m 01.677s,    000h 00m 30.789s
20,    1642,    32431,    000h 00m 01.642s,    000h 00m 32.431s
21,    1494,    33925,    000h 00m 01.494s,    000h 00m 33.925s
22,    1497,    35422,    000h 00m 01.497s,    000h 00m 35.422s
23,    1658,    37080,    000h 00m 01.658s,    000h 00m 37.080s
24,    1440,    38520,    000h 00m 01.440s,    000h 00m 38.520s
25,    1690,    40210,    000h 00m 01.690s,    000h 00m 40.210s
26,    1619,    41829,    000h 00m 01.619s,    000h 00m 41.829s
27,    1566,    43395,    000h 00m 01.566s,    000h 00m 43.395s
28,    1656,    45051,    000h 00m 01.656s,    000h 00m 45.051s
29,    1619,    46670,    000h 00m 01.619s,    000h 00m 46.670s
30,    1499,    48169,    000h 00m 01.499s,    000h 00m 48.169s
31,    1739,    49908,    000h 00m 01.739s,    000h 00m 49.908s
32,    1720,    51628,    000h 00m 01.720s,    000h 00m 51.628s
33,    1655,    53283,    000h 00m 01.655s,    000h 00m 53.283s
34,    1472,    54755,    000h 00m 01.472s,    000h 00m 54.755s
35,    1664,    56419,    000h 00m 01.664s,    000h 00m 56.419s
36,    1575,    57994,    000h 00m 01.575s,    000h 00m 57.994s
37,    1664,    59658,    000h 00m 01.664s,    000h 00m 59.658s
38,    1711,    61369,    000h 00m 01.711s,    000h 01m 01.369s
39,    1650,    63019,    000h 00m 01.650s,    000h 01m 03.019s
40,    1586,    64605,    000h 00m 01.586s,    000h 01m 04.605s
41,    1533,    66138,    000h 00m 01.533s,    000h 01m 06.138s
42,    1451,    67589,    000h 00m 01.451s,    000h 01m 07.589s
43,    1677,    69266,    000h 00m 01.677s,    000h 01m 09.266s
44,    1653,    70919,    000h 00m 01.653s,    000h 01m 10.919s
45,    1710,    72629,    000h 00m 01.710s,    000h 01m 12.629s
46,    1736,    74365,    000h 00m 01.736s,    000h 01m 14.365s
47,    1702,    76067,    000h 00m 01.702s,    000h 01m 16.067s
48,    1565,    77632,    000h 00m 01.565s,    000h 01m 17.632s
49,    1474,    79106,    000h 00m 01.474s,    000h 01m 19.106s
50,    1551,    80657,    000h 00m 01.551s,    000h 01m 20.657s
51,    1427,    82084,    000h 00m 01.427s,    000h 01m 22.084s
52,    1511,    83595,    000h 00m 01.511s,    000h 01m 23.595s
53,    1516,    85111,    000h 00m 01.516s,    000h 01m 25.111s
54,    1617,    86728,    000h 00m 01.617s,    000h 01m 26.728s
55,    1378,    88106,    000h 00m 01.378s,    000h 01m 28.106s
56,    1704,    89810,    000h 00m 01.704s,    000h 01m 29.810s
57,    1478,    91288,    000h 00m 01.478s,    000h 01m 31.288s
58,    1640,    92928,    000h 00m 01.640s,    000h 01m 32.928s
59,    1424,    94352,    000h 00m 01.424s,    000h 01m 34.352s
60,    1660,    96012,    000h 00m 01.660s,    000h 01m 36.012s
61,    1509,    97521,    000h 00m 01.509s,    000h 01m 37.521s
62,    1629,    99150,    000h 00m 01.629s,    000h 01m 39.150s
63,    1543,    100693,    000h 00m 01.543s,    000h 01m 40.693s
64,    1683,    102376,    000h 00m 01.683s,    000h 01m 42.376s
65,    1626,    104002,    000h 00m 01.626s,    000h 01m 44.002s
66,    1555,    105557,    000h 00m 01.555s,    000h 01m 45.557s
67,    1700,    107257,    000h 00m 01.700s,    000h 01m 47.257s
68,    1681,    108938,    000h 00m 01.681s,    000h 01m 48.938s
69,    1559,    110497,    000h 00m 01.559s,    000h 01m 50.497s
70,    1680,    112177,    000h 00m 01.680s,    000h 01m 52.177s
71,    1629,    113806,    000h 00m 01.629s,    000h 01m 53.806s
72,    1692,    115498,    000h 00m 01.692s,    000h 01m 55.498s
73,    1419,    116917,    000h 00m 01.419s,    000h 01m 56.917s
74,    1414,    118331,    000h 00m 01.414s,    000h 01m 58.331s
75,    1637,    119968,    000h 00m 01.637s,    000h 01m 59.968s
76,    1672,    121640,    000h 00m 01.672s,    000h 02m 01.640s
77,    1566,    123206,    000h 00m 01.566s,    000h 02m 03.206s
78,    1450,    124656,    000h 00m 01.450s,    000h 02m 04.656s
79,    1542,    126198,    000h 00m 01.542s,    000h 02m 06.198s
80,    1609,    127807,    000h 00m 01.609s,    000h 02m 07.807s
81,    1571,    129378,    000h 00m 01.571s,    000h 02m 09.378s
82,    1555,    130933,    000h 00m 01.555s,    000h 02m 10.933s
83,    1698,    132631,    000h 00m 01.698s,    000h 02m 12.631s
84,    1544,    134175,    000h 00m 01.544s,    000h 02m 14.175s
85,    1646,    135821,    000h 00m 01.646s,    000h 02m 15.821s
86,    1497,    137318,    000h 00m 01.497s,    000h 02m 17.318s
87,    1569,    138887,    000h 00m 01.569s,    000h 02m 18.887s
88,    1658,    140545,    000h 00m 01.658s,    000h 02m 20.545s
89,    1555,    142100,    000h 00m 01.555s,    000h 02m 22.100s
90,    1608,    143708,    000h 00m 01.608s,    000h 02m 23.708s
91,    1739,    145447,    000h 00m 01.739s,    000h 02m 25.447s
92,    1730,    147177,    000h 00m 01.730s,    000h 02m 27.177s
93,    1564,    148741,    000h 00m 01.564s,    000h 02m 28.741s
94,    1681,    150422,    000h 00m 01.681s,    000h 02m 30.422s
95,    1652,    152074,    000h 00m 01.652s,    000h 02m 32.074s
96,    1637,    153711,    000h 00m 01.637s,    000h 02m 33.711s
97,    1518,    155229,    000h 00m 01.518s,    000h 02m 35.229s
98,    1715,    156944,    000h 00m 01.715s,    000h 02m 36.944s
99,    1668,    158612,    000h 00m 01.668s,    000h 02m 38.612s
100,    1489,    160101,    000h 00m 01.489s,    000h 02m 40.101s
101,    1655,    161756,    000h 00m 01.655s,    000h 02m 41.756s
102,    1530,    163286,    000h 00m 01.530s,    000h 02m 43.286s
103,    1407,    164693,    000h 00m 01.407s,    000h 02m 44.693s
104,    1459,    166152,    000h 00m 01.459s,    000h 02m 46.152s
105,    1443,    167595,    000h 00m 01.443s,    000h 02m 47.595s
106,    1396,    168991,    000h 00m 01.396s,    000h 02m 48.991s
107,    1676,    170667,    000h 00m 01.676s,    000h 02m 50.667s
108,    1725,    172392,    000h 00m 01.725s,    000h 02m 52.392s
109,    1523,    173915,    000h 00m 01.523s,    000h 02m 53.915s
110,    1503,    175418,    000h 00m 01.503s,    000h 02m 55.418s
111,    1651,    177069,    000h 00m 01.651s,    000h 02m 57.069s
112,    1745,    178814,    000h 00m 01.745s,    000h 02m 58.814s
113,    1545,    180359,    000h 00m 01.545s,    000h 03m 00.359s
114,    1722,    182081,    000h 00m 01.722s,    000h 03m 02.081s
115,    1880,    183961,    000h 00m 01.880s,    000h 03m 03.961s
116,    1825,    185786,    000h 00m 01.825s,    000h 03m 05.786s
117,    1667,    187453,    000h 00m 01.667s,    000h 03m 07.453s
118,    1631,    189084,    000h 00m 01.631s,    000h 03m 09.084s
119,    1635,    190719,    000h 00m 01.635s,    000h 03m 10.719s
120,    20013,    210732,    000h 00m 20.013s,    000h 03m 30.732s
121,    19466,    230198,    000h 00m 19.466s,    000h 03m 50.198s
122,    23840,    254038,    000h 00m 23.840s,    000h 04m 14.038s
123,    16800,    270838,    000h 00m 16.800s,    000h 04m 30.838s
124,    12119,    282957,    000h 00m 12.119s,    000h 04m 42.957s
125,    1885,    284842,    000h 00m 01.885s,    000h 04m 44.842s
126,    1611,    286453,    000h 00m 01.611s,    000h 04m 46.453s
127,    1752,    288205,    000h 00m 01.752s,    000h 04m 48.205s
128,    1685,    289890,    000h 00m 01.685s,    000h 04m 49.890s
129,    1628,    291518,    000h 00m 01.628s,    000h 04m 51.518s
130,    1680,    293198,    000h 00m 01.680s,    000h 04m 53.198s
131,    1513,    294711,    000h 00m 01.513s,    000h 04m 54.711s
132,    1672,    296383,    000h 00m 01.672s,    000h 04m 56.383s
133,    1621,    298004,    000h 00m 01.621s,    000h 04m 58.004s
134,    1582,    299586,    000h 00m 01.582s,    000h 04m 59.586s
135,    1696,    301282,    000h 00m 01.696s,    000h 05m 01.282s
136,    1485,    302767,    000h 00m 01.485s,    000h 05m 02.767s
137,    1620,    304387,    000h 00m 01.620s,    000h 05m 04.387s
138,    1674,    306061,    000h 00m 01.674s,    000h 05m 06.061s
139,    1611,    307672,    000h 00m 01.611s,    000h 05m 07.672s
140,    1680,    309352,    000h 00m 01.680s,    000h 05m 09.352s
141,    1575,    310927,    000h 00m 01.575s,    000h 05m 10.927s
142,    1545,    312472,    000h 00m 01.545s,    000h 05m 12.472s
143,    1625,    314097,    000h 00m 01.625s,    000h 05m 14.097s
144,    1656,    315753,    000h 00m 01.656s,    000h 05m 15.753s
145,    1715,    317468,    000h 00m 01.715s,    000h 05m 17.468s
146,    1609,    319077,    000h 00m 01.609s,    000h 05m 19.077s
147,    1643,    320720,    000h 00m 01.643s,    000h 05m 20.720s
148,    1598,    322318,    000h 00m 01.598s,    000h 05m 22.318s
149,    1586,    323904,    000h 00m 01.586s,    000h 05m 23.904s
150,    1437,    325341,    000h 00m 01.437s,    000h 05m 25.341s
151,    1554,    326895,    000h 00m 01.554s,    000h 05m 26.895s
152,    1933,    328828,    000h 00m 01.933s,    000h 05m 28.828s
153,    1668,    330496,    000h 00m 01.668s,    000h 05m 30.496s
154,    1460,    331956,    000h 00m 01.460s,    000h 05m 31.956s
155,    1677,    333633,    000h 00m 01.677s,    000h 05m 33.633s
156,    1674,    335307,    000h 00m 01.674s,    000h 05m 35.307s
157,    1455,    336762,    000h 00m 01.455s,    000h 05m 36.762s
158,    1477,    338239,    000h 00m 01.477s,    000h 05m 38.239s
159,    1559,    339798,    000h 00m 01.559s,    000h 05m 39.798s
160,    1548,    341346,    000h 00m 01.548s,    000h 05m 41.346s
161,    1581,    342927,    000h 00m 01.581s,    000h 05m 42.927s
162,    1525,    344452,    000h 00m 01.525s,    000h 05m 44.452s
163,    1723,    346175,    000h 00m 01.723s,    000h 05m 46.175s
164,    1673,    347848,    000h 00m 01.673s,    000h 05m 47.848s
165,    1500,    349348,    000h 00m 01.500s,    000h 05m 49.348s
166,    1568,    350916,    000h 00m 01.568s,    000h 05m 50.916s
167,    1621,    352537,    000h 00m 01.621s,    000h 05m 52.537s
168,    1676,    354213,    000h 00m 01.676s,    000h 05m 54.213s
169,    1497,    355710,    000h 00m 01.497s,    000h 05m 55.710s
170,    1579,    357289,    000h 00m 01.579s,    000h 05m 57.289s
171,    1689,    358978,    000h 00m 01.689s,    000h 05m 58.978s
172,    1566,    360544,    000h 00m 01.566s,    000h 06m 00.544s
173,    1470,    362014,    000h 00m 01.470s,    000h 06m 02.014s
174,    1481,    363495,    000h 00m 01.481s,    000h 06m 03.495s
175,    1707,    365202,    000h 00m 01.707s,    000h 06m 05.202s
176,    1694,    366896,    000h 00m 01.694s,    000h 06m 06.896s
177,    1542,    368438,    000h 00m 01.542s,    000h 06m 08.438s
178,    1577,    370015,    000h 00m 01.577s,    000h 06m 10.015s
179,    1718,    371733,    000h 00m 01.718s,    000h 06m 11.733s
180,    1457,    373190,    000h 00m 01.457s,    000h 06m 13.190s
181,    1623,    374813,    000h 00m 01.623s,    000h 06m 14.813s
182,    1527,    376340,    000h 00m 01.527s,    000h 06m 16.340s
183,    1527,    377867,    000h 00m 01.527s,    000h 06m 17.867s
184,    1682,    379549,    000h 00m 01.682s,    000h 06m 19.549s
185,    1457,    381006,    000h 00m 01.457s,    000h 06m 21.006s
186,    1622,    382628,    000h 00m 01.622s,    000h 06m 22.628s
187,    1462,    384090,    000h 00m 01.462s,    000h 06m 24.090s
188,    1725,    385815,    000h 00m 01.725s,    000h 06m 25.815s
189,    1553,    387368,    000h 00m 01.553s,    000h 06m 27.368s
190,    1686,    389054,    000h 00m 01.686s,    000h 06m 29.054s
191,    1639,    390693,    000h 00m 01.639s,    000h 06m 30.693s
192,    1472,    392165,    000h 00m 01.472s,    000h 06m 32.165s
193,    1732,    393897,    000h 00m 01.732s,    000h 06m 33.897s
194,    1508,    395405,    000h 00m 01.508s,    000h 06m 35.405s
195,    1550,    396955,    000h 00m 01.550s,    000h 06m 36.955s
196,    1631,    398586,    000h 00m 01.631s,    000h 06m 38.586s
197,    1465,    400051,    000h 00m 01.465s,    000h 06m 40.051s
198,    1474,    401525,    000h 00m 01.474s,    000h 06m 41.525s
199,    1470,    402995,    000h 00m 01.470s,    000h 06m 42.995s
200,    1474,    404469,    000h 00m 01.474s,    000h 06m 44.469s
201,    1718,    406187,    000h 00m 01.718s,    000h 06m 46.187s
202,    1619,    407806,    000h 00m 01.619s,    000h 06m 47.806s
203,    1396,    409202,    000h 00m 01.396s,    000h 06m 49.202s
204,    1454,    410656,    000h 00m 01.454s,    000h 06m 50.656s
205,    1617,    412273,    000h 00m 01.617s,    000h 06m 52.273s
206,    1548,    413821,    000h 00m 01.548s,    000h 06m 53.821s
207,    1704,    415525,    000h 00m 01.704s,    000h 06m 55.525s
208,    1488,    417013,    000h 00m 01.488s,    000h 06m 57.013s
209,    1698,    418711,    000h 00m 01.698s,    000h 06m 58.711s
210,    1564,    420275,    000h 00m 01.564s,    000h 07m 00.275s
211,    1417,    421692,    000h 00m 01.417s,    000h 07m 01.692s
212,    1470,    423162,    000h 00m 01.470s,    000h 07m 03.162s
213,    1635,    424797,    000h 00m 01.635s,    000h 07m 04.797s
214,    1480,    426277,    000h 00m 01.480s,    000h 07m 06.277s
215,    1590,    427867,    000h 00m 01.590s,    000h 07m 07.867s
216,    1397,    429264,    000h 00m 01.397s,    000h 07m 09.264s
217,    1589,    430853,    000h 00m 01.589s,    000h 07m 10.853s
218,    1432,    432285,    000h 00m 01.432s,    000h 07m 12.285s
219,    1698,    433983,    000h 00m 01.698s,    000h 07m 13.983s
220,    1685,    435668,    000h 00m 01.685s,    000h 07m 15.668s
221,    1739,    437407,    000h 00m 01.739s,    000h 07m 17.407s
222,    1750,    439157,    000h 00m 01.750s,    000h 07m 19.157s
223,    1413,    440570,    000h 00m 01.413s,    000h 07m 20.570s
224,    1452,    442022,    000h 00m 01.452s,    000h 07m 22.022s
225,    1498,    443520,    000h 00m 01.498s,    000h 07m 23.520s
226,    1443,    444963,    000h 00m 01.443s,    000h 07m 24.963s
227,    1709,    446672,    000h 00m 01.709s,    000h 07m 26.672s
228,    1551,    448223,    000h 00m 01.551s,    000h 07m 28.223s
229,    1572,    449795,    000h 00m 01.572s,    000h 07m 29.795s
230,    1579,    451374,    000h 00m 01.579s,    000h 07m 31.374s
231,    1518,    452892,    000h 00m 01.518s,    000h 07m 32.892s
232,    1653,    454545,    000h 00m 01.653s,    000h 07m 34.545s
233,    1640,    456185,    000h 00m 01.640s,    000h 07m 36.185s
234,    1699,    457884,    000h 00m 01.699s,    000h 07m 37.884s
235,    1563,    459447,    000h 00m 01.563s,    000h 07m 39.447s
236,    1472,    460919,    000h 00m 01.472s,    000h 07m 40.919s
237,    1618,    462537,    000h 00m 01.618s,    000h 07m 42.537s
238,    1578,    464115,    000h 00m 01.578s,    000h 07m 44.115s
239,    1425,    465540,    000h 00m 01.425s,    000h 07m 45.540s
240,    1479,    467019,    000h 00m 01.479s,    000h 07m 47.019s
241,    1461,    468480,    000h 00m 01.461s,    000h 07m 48.480s
242,    1523,    470003,    000h 00m 01.523s,    000h 07m 50.003s
243,    1662,    471665,    000h 00m 01.662s,    000h 07m 51.665s
244,    1504,    473169,    000h 00m 01.504s,    000h 07m 53.169s
245,    1710,    474879,    000h 00m 01.710s,    000h 07m 54.879s
246,    1658,    476537,    000h 00m 01.658s,    000h 07m 56.537s
247,    1650,    478187,    000h 00m 01.650s,    000h 07m 58.187s
248,    1511,    479698,    000h 00m 01.511s,    000h 07m 59.698s
249,    1391,    481089,    000h 00m 01.391s,    000h 08m 01.089s
250,    1415,    482504,    000h 00m 01.415s,    000h 08m 02.504s
251,    1668,    484172,    000h 00m 01.668s,    000h 08m 04.172s
252,    1568,    485740,    000h 00m 01.568s,    000h 08m 05.740s
253,    1723,    487463,    000h 00m 01.723s,    000h 08m 07.463s
254,    1587,    489050,    000h 00m 01.587s,    000h 08m 09.050s
255,    1579,    490629,    000h 00m 01.579s,    000h 08m 10.629s
256,    1737,    492366,    000h 00m 01.737s,    000h 08m 12.366s
257,    1446,    493812,    000h 00m 01.446s,    000h 08m 13.812s
258,    1588,    495400,    000h 00m 01.588s,    000h 08m 15.400s
259,    1490,    496890,    000h 00m 01.490s,    000h 08m 16.890s
260,    1591,    498481,    000h 00m 01.591s,    000h 08m 18.481s
261,    1474,    499955,    000h 00m 01.474s,    000h 08m 19.955s
262,    1577,    501532,    000h 00m 01.577s,    000h 08m 21.532s
263,    1506,    503038,    000h 00m 01.506s,    000h 08m 23.038s
264,    1536,    504574,    000h 00m 01.536s,    000h 08m 24.574s
265,    1569,    506143,    000h 00m 01.569s,    000h 08m 26.143s
266,    1629,    507772,    000h 00m 01.629s,    000h 08m 27.772s
267,    1468,    509240,    000h 00m 01.468s,    000h 08m 29.240s
268,    1564,    510804,    000h 00m 01.564s,    000h 08m 30.804s
269,    1599,    512403,    000h 00m 01.599s,    000h 08m 32.403s
270,    1506,    513909,    000h 00m 01.506s,    000h 08m 33.909s
271,    1480,    515389,    000h 00m 01.480s,    000h 08m 35.389s
272,    1494,    516883,    000h 00m 01.494s,    000h 08m 36.883s
273,    1565,    518448,    000h 00m 01.565s,    000h 08m 38.448s
274,    1630,    520078,    000h 00m 01.630s,    000h 08m 40.078s
275,    1728,    521806,    000h 00m 01.728s,    000h 08m 41.806s
276,    1587,    523393,    000h 00m 01.587s,    000h 08m 43.393s
277,    1659,    525052,    000h 00m 01.659s,    000h 08m 45.052s
278,    1559,    526611,    000h 00m 01.559s,    000h 08m 46.611s
279,    1498,    528109,    000h 00m 01.498s,    000h 08m 48.109s
280,    1525,    529634,    000h 00m 01.525s,    000h 08m 49.634s
281,    1433,    531067,    000h 00m 01.433s,    000h 08m 51.067s
282,    1714,    532781,    000h 00m 01.714s,    000h 08m 52.781s
283,    1600,    534381,    000h 00m 01.600s,    000h 08m 54.381s
284,    1671,    536052,    000h 00m 01.671s,    000h 08m 56.052s
285,    1728,    537780,    000h 00m 01.728s,    000h 08m 57.780s
286,    1754,    539534,    000h 00m 01.754s,    000h 08m 59.534s
287,    1496,    541030,    000h 00m 01.496s,    000h 09m 01.030s
288,    1595,    542625,    000h 00m 01.595s,    000h 09m 02.625s
289,    1724,    544349,    000h 00m 01.724s,    000h 09m 04.349s
290,    1445,    545794,    000h 00m 01.445s,    000h 09m 05.794s
291,    1504,    547298,    000h 00m 01.504s,    000h 09m 07.298s
292,    1470,    548768,    000h 00m 01.470s,    000h 09m 08.768s
293,    1588,    550356,    000h 00m 01.588s,    000h 09m 10.356s
294,    1555,    551911,    000h 00m 01.555s,    000h 09m 11.911s
295,    1738,    553649,    000h 00m 01.738s,    000h 09m 13.649s
296,    1569,    555218,    000h 00m 01.569s,    000h 09m 15.218s
297,    1563,    556781,    000h 00m 01.563s,    000h 09m 16.781s
298,    1631,    558412,    000h 00m 01.631s,    000h 09m 18.412s
299,    1456,    559868,    000h 00m 01.456s,    000h 09m 19.868s
300,    1436,    561304,    000h 00m 01.436s,    000h 09m 21.304s
301,    1417,    562721,    000h 00m 01.417s,    000h 09m 22.721s
302,    1421,    564142,    000h 00m 01.421s,    000h 09m 24.142s
303,    1622,    565764,    000h 00m 01.622s,    000h 09m 25.764s
304,    1427,    567191,    000h 00m 01.427s,    000h 09m 27.191s
305,    1551,    568742,    000h 00m 01.551s,    000h 09m 28.742s
306,    1476,    570218,    000h 00m 01.476s,    000h 09m 30.218s
307,    1472,    571690,    000h 00m 01.472s,    000h 09m 31.690s
308,    1583,    573273,    000h 00m 01.583s,    000h 09m 33.273s
309,    1524,    574797,    000h 00m 01.524s,    000h 09m 34.797s
310,    1717,    576514,    000h 00m 01.717s,    000h 09m 36.514s
311,    1496,    578010,    000h 00m 01.496s,    000h 09m 38.010s
312,    1594,    579604,    000h 00m 01.594s,    000h 09m 39.604s
313,    1648,    581252,    000h 00m 01.648s,    000h 09m 41.252s
314,    1540,    582792,    000h 00m 01.540s,    000h 09m 42.792s
315,    1448,    584240,    000h 00m 01.448s,    000h 09m 44.240s
316,    1475,    585715,    000h 00m 01.475s,    000h 09m 45.715s
317,    1584,    587299,    000h 00m 01.584s,    000h 09m 47.299s
318,    1448,    588747,    000h 00m 01.448s,    000h 09m 48.747s
319,    1729,    590476,    000h 00m 01.729s,    000h 09m 50.476s
320,    1585,    592061,    000h 00m 01.585s,    000h 09m 52.061s
321,    1666,    593727,    000h 00m 01.666s,    000h 09m 53.727s
322,    1660,    595387,    000h 00m 01.660s,    000h 09m 55.387s
323,    1679,    597066,    000h 00m 01.679s,    000h 09m 57.066s
324,    1551,    598617,    000h 00m 01.551s,    000h 09m 58.617s
325,    1493,    600110,    000h 00m 01.493s,    000h 10m 00.110s
326,    1573,    601683,    000h 00m 01.573s,    000h 10m 01.683s
327,    1654,    603337,    000h 00m 01.654s,    000h 10m 03.337s
328,    1654,    604991,    000h 00m 01.654s,    000h 10m 04.991s
329,    1433,    606424,    000h 00m 01.433s,    000h 10m 06.424s
330,    1617,    608041,    000h 00m 01.617s,    000h 10m 08.041s
331,    1621,    609662,    000h 00m 01.621s,    000h 10m 09.662s
332,    1617,    611279,    000h 00m 01.617s,    000h 10m 11.279s
333,    1374,    612653,    000h 00m 01.374s,    000h 10m 12.653s
334,    1595,    614248,    000h 00m 01.595s,    000h 10m 14.248s
335,    1565,    615813,    000h 00m 01.565s,    000h 10m 15.813s
336,    1451,    617264,    000h 00m 01.451s,    000h 10m 17.264s
337,    1530,    618794,    000h 00m 01.530s,    000h 10m 18.794s
338,    1481,    620275,    000h 00m 01.481s,    000h 10m 20.275s
339,    1655,    621930,    000h 00m 01.655s,    000h 10m 21.930s
340,    1383,    623313,    000h 00m 01.383s,    000h 10m 23.313s
341,    1434,    624747,    000h 00m 01.434s,    000h 10m 24.747s
342,    1576,    626323,    000h 00m 01.576s,    000h 10m 26.323s
343,    1437,    627760,    000h 00m 01.437s,    000h 10m 27.760s
344,    1734,    629494,    000h 00m 01.734s,    000h 10m 29.494s
345,    1545,    631039,    000h 00m 01.545s,    000h 10m 31.039s
346,    1614,    632653,    000h 00m 01.614s,    000h 10m 32.653s
347,    1595,    634248,    000h 00m 01.595s,    000h 10m 34.248s
348,    1586,    635834,    000h 00m 01.586s,    000h 10m 35.834s
349,    1571,    637405,    000h 00m 01.571s,    000h 10m 37.405s
350,    1746,    639151,    000h 00m 01.746s,    000h 10m 39.151s
351,    1662,    640813,    000h 00m 01.662s,    000h 10m 40.813s
352,    1480,    642293,    000h 00m 01.480s,    000h 10m 42.293s
353,    1629,    643922,    000h 00m 01.629s,    000h 10m 43.922s
354,    1726,    645648,    000h 00m 01.726s,    000h 10m 45.648s
355,    1422,    647070,    000h 00m 01.422s,    000h 10m 47.070s
356,    1426,    648496,    000h 00m 01.426s,    000h 10m 48.496s
357,    1477,    649973,    000h 00m 01.477s,    000h 10m 49.973s
358,    1406,    651379,    000h 00m 01.406s,    000h 10m 51.379s
359,    1552,    652931,    000h 00m 01.552s,    000h 10m 52.931s
360,    1659,    654590,    000h 00m 01.659s,    000h 10m 54.590s
361,    1667,    656257,    000h 00m 01.667s,    000h 10m 56.257s
362,    1583,    657840,    000h 00m 01.583s,    000h 10m 57.840s
363,    1723,    659563,    000h 00m 01.723s,    000h 10m 59.563s
364,    1669,    661232,    000h 00m 01.669s,    000h 11m 01.232s
365,    1570,    662802,    000h 00m 01.570s,    000h 11m 02.802s
366,    1543,    664345,    000h 00m 01.543s,    000h 11m 04.345s
367,    1599,    665944,    000h 00m 01.599s,    000h 11m 05.944s
368,    1553,    667497,    000h 00m 01.553s,    000h 11m 07.497s
369,    1659,    669156,    000h 00m 01.659s,    000h 11m 09.156s
370,    1616,    670772,    000h 00m 01.616s,    000h 11m 10.772s
371,    1737,    672509,    000h 00m 01.737s,    000h 11m 12.509s
372,    1452,    673961,    000h 00m 01.452s,    000h 11m 13.961s
373,    1649,    675610,    000h 00m 01.649s,    000h 11m 15.610s
374,    1682,    677292,    000h 00m 01.682s,    000h 11m 17.292s
375,    1684,    678976,    000h 00m 01.684s,    000h 11m 18.976s
376,    1667,    680643,    000h 00m 01.667s,    000h 11m 20.643s
377,    1717,    682360,    000h 00m 01.717s,    000h 11m 22.360s
378,    1505,    683865,    000h 00m 01.505s,    000h 11m 23.865s
379,    1676,    685541,    000h 00m 01.676s,    000h 11m 25.541s
380,    1710,    687251,    000h 00m 01.710s,    000h 11m 27.251s
381,    1517,    688768,    000h 00m 01.517s,    000h 11m 28.768s
382,    1590,    690358,    000h 00m 01.590s,    000h 11m 30.358s
383,    1687,    692045,    000h 00m 01.687s,    000h 11m 32.045s
384,    1596,    693641,    000h 00m 01.596s,    000h 11m 33.641s
385,    1555,    695196,    000h 00m 01.555s,    000h 11m 35.196s
386,    1454,    696650,    000h 00m 01.454s,    000h 11m 36.650s
387,    1725,    698375,    000h 00m 01.725s,    000h 11m 38.375s
388,    1665,    700040,    000h 00m 01.665s,    000h 11m 40.040s
389,    1483,    701523,    000h 00m 01.483s,    000h 11m 41.523s
390,    1653,    703176,    000h 00m 01.653s,    000h 11m 43.176s
391,    1746,    704922,    000h 00m 01.746s,    000h 11m 44.922s
392,    1719,    706641,    000h 00m 01.719s,    000h 11m 46.641s
393,    1453,    708094,    000h 00m 01.453s,    000h 11m 48.094s
394,    1481,    709575,    000h 00m 01.481s,    000h 11m 49.575s
395,    1475,    711050,    000h 00m 01.475s,    000h 11m 51.050s
396,    1619,    712669,    000h 00m 01.619s,    000h 11m 52.669s
397,    1473,    714142,    000h 00m 01.473s,    000h 11m 54.142s
398,    1512,    715654,    000h 00m 01.512s,    000h 11m 55.654s
399,    1572,    717226,    000h 00m 01.572s,    000h 11m 57.226s
400,    1638,    718864,    000h 00m 01.638s,    000h 11m 58.864s
401,    1672,    720536,    000h 00m 01.672s,    000h 12m 00.536s
402,    1647,    722183,    000h 00m 01.647s,    000h 12m 02.183s
403,    1452,    723635,    000h 00m 01.452s,    000h 12m 03.635s
404,    1551,    725186,    000h 00m 01.551s,    000h 12m 05.186s
405,    1567,    726753,    000h 00m 01.567s,    000h 12m 06.753s
406,    1457,    728210,    000h 00m 01.457s,    000h 12m 08.210s
407,    1687,    729897,    000h 00m 01.687s,    000h 12m 09.897s
408,    8704,    738601,    000h 00m 08.704s,    000h 12m 18.601s
409,    21982,    760583,    000h 00m 21.982s,    000h 12m 40.583s
410,    24087,    784670,    000h 00m 24.087s,    000h 13m 04.670s
411,    22241,    806911,    000h 00m 22.241s,    000h 13m 26.911s
412,    15654,    822565,    000h 00m 15.654s,    000h 13m 42.565s
413,    1710,    824275,    000h 00m 01.710s,    000h 13m 44.275s
414,    1622,    825897,    000h 00m 01.622s,    000h 13m 45.897s
415,    1613,    827510,    000h 00m 01.613s,    000h 13m 47.510s
416,    1529,    829039,    000h 00m 01.529s,    000h 13m 49.039s
417,    1471,    830510,    000h 00m 01.471s,    000h 13m 50.510s
418,    1415,    831925,    000h 00m 01.415s,    000h 13m 51.925s
419,    1685,    833610,    000h 00m 01.685s,    000h 13m 53.610s
420,    1717,    835327,    000h 00m 01.717s,    000h 13m 55.327s
421,    1602,    836929,    000h 00m 01.602s,    000h 13m 56.929s
422,    1483,    838412,    000h 00m 01.483s,    000h 13m 58.412s
423,    1415,    839827,    000h 00m 01.415s,    000h 13m 59.827s
424,    1642,    841469,    000h 00m 01.642s,    000h 14m 01.469s
425,    1653,    843122,    000h 00m 01.653s,    000h 14m 03.122s
426,    1713,    844835,    000h 00m 01.713s,    000h 14m 04.835s
427,    1488,    846323,    000h 00m 01.488s,    000h 14m 06.323s
428,    1655,    847978,    000h 00m 01.655s,    000h 14m 07.978s
429,    1599,    849577,    000h 00m 01.599s,    000h 14m 09.577s
430,    1451,    851028,    000h 00m 01.451s,    000h 14m 11.028s
431,    1607,    852635,    000h 00m 01.607s,    000h 14m 12.635s
432,    1735,    854370,    000h 00m 01.735s,    000h 14m 14.370s
433,    1500,    855870,    000h 00m 01.500s,    000h 14m 15.870s
434,    1669,    857539,    000h 00m 01.669s,    000h 14m 17.539s
435,    1550,    859089,    000h 00m 01.550s,    000h 14m 19.089s
436,    1559,    860648,    000h 00m 01.559s,    000h 14m 20.648s
437,    1641,    862289,    000h 00m 01.641s,    000h 14m 22.289s
438,    1534,    863823,    000h 00m 01.534s,    000h 14m 23.823s
439,    1479,    865302,    000h 00m 01.479s,    000h 14m 25.302s
440,    1431,    866733,    000h 00m 01.431s,    000h 14m 26.733s
441,    1446,    868179,    000h 00m 01.446s,    000h 14m 28.179s
442,    1620,    869799,    000h 00m 01.620s,    000h 14m 29.799s
443,    1637,    871436,    000h 00m 01.637s,    000h 14m 31.436s
444,    1628,    873064,    000h 00m 01.628s,    000h 14m 33.064s
445,    1732,    874796,    000h 00m 01.732s,    000h 14m 34.796s
446,    1674,    876470,    000h 00m 01.674s,    000h 14m 36.470s
447,    1592,    878062,    000h 00m 01.592s,    000h 14m 38.062s
448,    1446,    879508,    000h 00m 01.446s,    000h 14m 39.508s
449,    1506,    881014,    000h 00m 01.506s,    000h 14m 41.014s
450,    1553,    882567,    000h 00m 01.553s,    000h 14m 42.567s
451,    1557,    884124,    000h 00m 01.557s,    000h 14m 44.124s
452,    1529,    885653,    000h 00m 01.529s,    000h 14m 45.653s
453,    1678,    887331,    000h 00m 01.678s,    000h 14m 47.331s
454,    1568,    888899,    000h 00m 01.568s,    000h 14m 48.899s
455,    1669,    890568,    000h 00m 01.669s,    000h 14m 50.568s
456,    1635,    892203,    000h 00m 01.635s,    000h 14m 52.203s
457,    1395,    893598,    000h 00m 01.395s,    000h 14m 53.598s
458,    1502,    895100,    000h 00m 01.502s,    000h 14m 55.100s
459,    1512,    896612,    000h 00m 01.512s,    000h 14m 56.612s
460,    1734,    898346,    000h 00m 01.734s,    000h 14m 58.346s
461,    1503,    899849,    000h 00m 01.503s,    000h 14m 59.849s
462,    1397,    901246,    000h 00m 01.397s,    000h 15m 01.246s
463,    1564,    902810,    000h 00m 01.564s,    000h 15m 02.810s
464,    1490,    904300,    000h 00m 01.490s,    000h 15m 04.300s
465,    1421,    905721,    000h 00m 01.421s,    000h 15m 05.721s
466,    1590,    907311,    000h 00m 01.590s,    000h 15m 07.311s
467,    1593,    908904,    000h 00m 01.593s,    000h 15m 08.904s
468,    1556,    910460,    000h 00m 01.556s,    000h 15m 10.460s
469,    1499,    911959,    000h 00m 01.499s,    000h 15m 11.959s
470,    1464,    913423,    000h 00m 01.464s,    000h 15m 13.423s
471,    1491,    914914,    000h 00m 01.491s,    000h 15m 14.914s
472,    1715,    916629,    000h 00m 01.715s,    000h 15m 16.629s
473,    1628,    918257,    000h 00m 01.628s,    000h 15m 18.257s
474,    1697,    919954,    000h 00m 01.697s,    000h 15m 19.954s
475,    1672,    921626,    000h 00m 01.672s,    000h 15m 21.626s
476,    1612,    923238,    000h 00m 01.612s,    000h 15m 23.238s
477,    1570,    924808,    000h 00m 01.570s,    000h 15m 24.808s
478,    1607,    926415,    000h 00m 01.607s,    000h 15m 26.415s
479,    1478,    927893,    000h 00m 01.478s,    000h 15m 27.893s
480,    1552,    929445,    000h 00m 01.552s,    000h 15m 29.445s
481,    1437,    930882,    000h 00m 01.437s,    000h 15m 30.882s
482,    1386,    932268,    000h 00m 01.386s,    000h 15m 32.268s
483,    1690,    933958,    000h 00m 01.690s,    000h 15m 33.958s
484,    1528,    935486,    000h 00m 01.528s,    000h 15m 35.486s
485,    1420,    936906,    000h 00m 01.420s,    000h 15m 36.906s
486,    1523,    938429,    000h 00m 01.523s,    000h 15m 38.429s
487,    1706,    940135,    000h 00m 01.706s,    000h 15m 40.135s
488,    1618,    941753,    000h 00m 01.618s,    000h 15m 41.753s
489,    1707,    943460,    000h 00m 01.707s,    000h 15m 43.460s
490,    1689,    945149,    000h 00m 01.689s,    000h 15m 45.149s
491,    1650,    946799,    000h 00m 01.650s,    000h 15m 46.799s
492,    1640,    948439,    000h 00m 01.640s,    000h 15m 48.439s
493,    1729,    950168,    000h 00m 01.729s,    000h 15m 50.168s
494,    1651,    951819,    000h 00m 01.651s,    000h 15m 51.819s
495,    1476,    953295,    000h 00m 01.476s,    000h 15m 53.295s
496,    1582,    954877,    000h 00m 01.582s,    000h 15m 54.877s
497,    1521,    956398,    000h 00m 01.521s,    000h 15m 56.398s
498,    1585,    957983,    000h 00m 01.585s,    000h 15m 57.983s
499,    1646,    959629,    000h 00m 01.646s,    000h 15m 59.629s
500,    1711,    961340,    000h 00m 01.711s,    000h 16m 01.340s
501,    1689,    963029,    000h 00m 01.689s,    000h 16m 03.029s
502,    1553,    964582,    000h 00m 01.553s,    000h 16m 04.582s
503,    1723,    966305,    000h 00m 01.723s,    000h 16m 06.305s
504,    1476,    967781,    000h 00m 01.476s,    000h 16m 07.781s
505,    1678,    969459,    000h 00m 01.678s,    000h 16m 09.459s
506,    1633,    971092,    000h 00m 01.633s,    000h 16m 11.092s
507,    1630,    972722,    000h 00m 01.630s,    000h 16m 12.722s
508,    1708,    974430,    000h 00m 01.708s,    000h 16m 14.430s
509,    1552,    975982,    000h 00m 01.552s,    000h 16m 15.982s
510,    1688,    977670,    000h 00m 01.688s,    000h 16m 17.670s
511,    1626,    979296,    000h 00m 01.626s,    000h 16m 19.296s
512,    1732,    981028,    000h 00m 01.732s,    000h 16m 21.028s
513,    1574,    982602,    000h 00m 01.574s,    000h 16m 22.602s
514,    1695,    984297,    000h 00m 01.695s,    000h 16m 24.297s
515,    1637,    985934,    000h 00m 01.637s,    000h 16m 25.934s
516,    1557,    987491,    000h 00m 01.557s,    000h 16m 27.491s
517,    1670,    989161,    000h 00m 01.670s,    000h 16m 29.161s
518,    1590,    990751,    000h 00m 01.590s,    000h 16m 30.751s
519,    1599,    992350,    000h 00m 01.599s,    000h 16m 32.350s
520,    1612,    993962,    000h 00m 01.612s,    000h 16m 33.962s
521,    1622,    995584,    000h 00m 01.622s,    000h 16m 35.584s
522,    1551,    997135,    000h 00m 01.551s,    000h 16m 37.135s
523,    1576,    998711,    000h 00m 01.576s,    000h 16m 38.711s
524,    1686,    1000397,    000h 00m 01.686s,    000h 16m 40.397s
525,    1741,    1002138,    000h 00m 01.741s,    000h 16m 42.138s
526,    1583,    1003721,    000h 00m 01.583s,    000h 16m 43.721s
527,    1635,    1005356,    000h 00m 01.635s,    000h 16m 45.356s
528,    1628,    1006984,    000h 00m 01.628s,    000h 16m 46.984s
529,    1614,    1008598,    000h 00m 01.614s,    000h 16m 48.598s
530,    1690,    1010288,    000h 00m 01.690s,    000h 16m 50.288s
531,    1646,    1011934,    000h 00m 01.646s,    000h 16m 51.934s
532,    1673,    1013607,    000h 00m 01.673s,    000h 16m 53.607s
533,    1566,    1015173,    000h 00m 01.566s,    000h 16m 55.173s
534,    1677,    1016850,    000h 00m 01.677s,    000h 16m 56.850s
535,    1725,    1018575,    000h 00m 01.725s,    000h 16m 58.575s
536,    1401,    1019976,    000h 00m 01.401s,    000h 16m 59.976s
537,    1679,    1021655,    000h 00m 01.679s,    000h 17m 01.655s
538,    1510,    1023165,    000h 00m 01.510s,    000h 17m 03.165s
539,    1495,    1024660,    000h 00m 01.495s,    000h 17m 04.660s
540,    1539,    1026199,    000h 00m 01.539s,    000h 17m 06.199s
541,    1734,    1027933,    000h 00m 01.734s,    000h 17m 07.933s
542,    1514,    1029447,    000h 00m 01.514s,    000h 17m 09.447s
543,    1659,    1031106,    000h 00m 01.659s,    000h 17m 11.106s
544,    1501,    1032607,    000h 00m 01.501s,    000h 17m 12.607s
545,    1590,    1034197,    000h 00m 01.590s,    000h 17m 14.197s
546,    1622,    1035819,    000h 00m 01.622s,    000h 17m 15.819s
547,    1452,    1037271,    000h 00m 01.452s,    000h 17m 17.271s
548,    1731,    1039002,    000h 00m 01.731s,    000h 17m 19.002s
549,    1603,    1040605,    000h 00m 01.603s,    000h 17m 20.605s
550,    1725,    1042330,    000h 00m 01.725s,    000h 17m 22.330s
551,    1677,    1044007,    000h 00m 01.677s,    000h 17m 24.007s
552,    1555,    1045562,    000h 00m 01.555s,    000h 17m 25.562s
553,    1611,    1047173,    000h 00m 01.611s,    000h 17m 27.173s
554,    1683,    1048856,    000h 00m 01.683s,    000h 17m 28.856s
555,    1518,    1050374,    000h 00m 01.518s,    000h 17m 30.374s
556,    1746,    1052120,    000h 00m 01.746s,    000h 17m 32.120s
557,    1525,    1053645,    000h 00m 01.525s,    000h 17m 33.645s
558,    1404,    1055049,    000h 00m 01.404s,    000h 17m 35.049s
559,    1553,    1056602,    000h 00m 01.553s,    000h 17m 36.602s
560,    1664,    1058266,    000h 00m 01.664s,    000h 17m 38.266s
561,    1671,    1059937,    000h 00m 01.671s,    000h 17m 39.937s
562,    1578,    1061515,    000h 00m 01.578s,    000h 17m 41.515s
563,    1701,    1063216,    000h 00m 01.701s,    000h 17m 43.216s
564,    1630,    1064846,    000h 00m 01.630s,    000h 17m 44.846s
565,    1740,    1066586,    000h 00m 01.740s,    000h 17m 46.586s
566,    1492,    1068078,    000h 00m 01.492s,    000h 17m 48.078s
567,    1531,    1069609,    000h 00m 01.531s,    000h 17m 49.609s
568,    1733,    1071342,    000h 00m 01.733s,    000h 17m 51.342s
569,    1454,    1072796,    000h 00m 01.454s,    000h 17m 52.796s
570,    1646,    1074442,    000h 00m 01.646s,    000h 17m 54.442s
571,    1722,    1076164,    000h 00m 01.722s,    000h 17m 56.164s
572,    1485,    1077649,    000h 00m 01.485s,    000h 17m 57.649s
573,    1585,    1079234,    000h 00m 01.585s,    000h 17m 59.234s
574,    1696,    1080930,    000h 00m 01.696s,    000h 18m 00.930s
575,    1666,    1082596,    000h 00m 01.666s,    000h 18m 02.596s
576,    1413,    1084009,    000h 00m 01.413s,    000h 18m 04.009s
577,    1589,    1085598,    000h 00m 01.589s,    000h 18m 05.598s
578,    1462,    1087060,    000h 00m 01.462s,    000h 18m 07.060s
579,    1503,    1088563,    000h 00m 01.503s,    000h 18m 08.563s
580,    1487,    1090050,    000h 00m 01.487s,    000h 18m 10.050s
581,    1479,    1091529,    000h 00m 01.479s,    000h 18m 11.529s
582,    1498,    1093027,    000h 00m 01.498s,    000h 18m 13.027s
583,    1629,    1094656,    000h 00m 01.629s,    000h 18m 14.656s
584,    1579,    1096235,    000h 00m 01.579s,    000h 18m 16.235s
585,    1422,    1097657,    000h 00m 01.422s,    000h 18m 17.657s
586,    1429,    1099086,    000h 00m 01.429s,    000h 18m 19.086s
587,    1613,    1100699,    000h 00m 01.613s,    000h 18m 20.699s
588,    1697,    1102396,    000h 00m 01.697s,    000h 18m 22.396s
589,    1439,    1103835,    000h 00m 01.439s,    000h 18m 23.835s
590,    1455,    1105290,    000h 00m 01.455s,    000h 18m 25.290s
591,    1729,    1107019,    000h 00m 01.729s,    000h 18m 27.019s
592,    1447,    1108466,    000h 00m 01.447s,    000h 18m 28.466s
593,    1467,    1109933,    000h 00m 01.467s,    000h 18m 29.933s
594,    1591,    1111524,    000h 00m 01.591s,    000h 18m 31.524s
595,    1453,    1112977,    000h 00m 01.453s,    000h 18m 32.977s
596,    1536,    1114513,    000h 00m 01.536s,    000h 18m 34.513s
597,    1690,    1116203,    000h 00m 01.690s,    000h 18m 36.203s
598,    1672,    1117875,    000h 00m 01.672s,    000h 18m 37.875s
599,    1566,    1119441,    000h 00m 01.566s,    000h 18m 39.441s
600,    1552,    1120993,    000h 00m 01.552s,    000h 18m 40.993s
601,    1470,    1122463,    000h 00m 01.470s,    000h 18m 42.463s
602,    1529,    1123992,    000h 00m 01.529s,    000h 18m 43.992s
603,    1542,    1125534,    000h 00m 01.542s,    000h 18m 45.534s
604,    1525,    1127059,    000h 00m 01.525s,    000h 18m 47.059s
605,    1487,    1128546,    000h 00m 01.487s,    000h 18m 48.546s
606,    1646,    1130192,    000h 00m 01.646s,    000h 18m 50.192s
607,    1459,    1131651,    000h 00m 01.459s,    000h 18m 51.651s
608,    1508,    1133159,    000h 00m 01.508s,    000h 18m 53.159s
609,    1691,    1134850,    000h 00m 01.691s,    000h 18m 54.850s
610,    1729,    1136579,    000h 00m 01.729s,    000h 18m 56.579s
611,    1578,    1138157,    000h 00m 01.578s,    000h 18m 58.157s
612,    1449,    1139606,    000h 00m 01.449s,    000h 18m 59.606s
613,    1542,    1141148,    000h 00m 01.542s,    000h 19m 01.148s
614,    1700,    1142848,    000h 00m 01.700s,    000h 19m 02.848s
615,    1449,    1144297,    000h 00m 01.449s,    000h 19m 04.297s
616,    1511,    1145808,    000h 00m 01.511s,    000h 19m 05.808s
617,    1673,    1147481,    000h 00m 01.673s,    000h 19m 07.481s
618,    1503,    1148984,    000h 00m 01.503s,    000h 19m 08.984s
619,    1523,    1150507,    000h 00m 01.523s,    000h 19m 10.507s
620,    1489,    1151996,    000h 00m 01.489s,    000h 19m 11.996s
621,    1629,    1153625,    000h 00m 01.629s,    000h 19m 13.625s
622,    1596,    1155221,    000h 00m 01.596s,    000h 19m 15.221s
623,    1647,    1156868,    000h 00m 01.647s,    000h 19m 16.868s
624,    1528,    1158396,    000h 00m 01.528s,    000h 19m 18.396s
625,    1642,    1160038,    000h 00m 01.642s,    000h 19m 20.038s
626,    1489,    1161527,    000h 00m 01.489s,    000h 19m 21.527s
627,    1481,    1163008,    000h 00m 01.481s,    000h 19m 23.008s
628,    1529,    1164537,    000h 00m 01.529s,    000h 19m 24.537s
629,    1476,    1166013,    000h 00m 01.476s,    000h 19m 26.013s
630,    1508,    1167521,    000h 00m 01.508s,    000h 19m 27.521s
631,    1504,    1169025,    000h 00m 01.504s,    000h 19m 29.025s
632,    1472,    1170497,    000h 00m 01.472s,    000h 19m 30.497s
633,    1529,    1172026,    000h 00m 01.529s,    000h 19m 32.026s
634,    1403,    1173429,    000h 00m 01.403s,    000h 19m 33.429s
635,    1736,    1175165,    000h 00m 01.736s,    000h 19m 35.165s
636,    1578,    1176743,    000h 00m 01.578s,    000h 19m 36.743s
637,    1449,    1178192,    000h 00m 01.449s,    000h 19m 38.192s
638,    1730,    1179922,    000h 00m 01.730s,    000h 19m 39.922s
639,    1654,    1181576,    000h 00m 01.654s,    000h 19m 41.576s
640,    1706,    1183282,    000h 00m 01.706s,    000h 19m 43.282s
641,    1610,    1184892,    000h 00m 01.610s,    000h 19m 44.892s
642,    1478,    1186370,    000h 00m 01.478s,    000h 19m 46.370s
643,    1708,    1188078,    000h 00m 01.708s,    000h 19m 48.078s
644,    1682,    1189760,    000h 00m 01.682s,    000h 19m 49.760s
645,    1667,    1191427,    000h 00m 01.667s,    000h 19m 51.427s
646,    1653,    1193080,    000h 00m 01.653s,    000h 19m 53.080s
647,    1477,    1194557,    000h 00m 01.477s,    000h 19m 54.557s
648,    1624,    1196181,    000h 00m 01.624s,    000h 19m 56.181s
649,    1550,    1197731,    000h 00m 01.550s,    000h 19m 57.731s
650,    1478,    1199209,    000h 00m 01.478s,    000h 19m 59.209s
651,    1511,    1200720,    000h 00m 01.511s,    000h 20m 00.720s
652,    1504,    1202224,    000h 00m 01.504s,    000h 20m 02.224s
653,    1545,    1203769,    000h 00m 01.545s,    000h 20m 03.769s
654,    1673,    1205442,    000h 00m 01.673s,    000h 20m 05.442s
655,    1636,    1207078,    000h 00m 01.636s,    000h 20m 07.078s
656,    1737,    1208815,    000h 00m 01.737s,    000h 20m 08.815s
657,    1478,    1210293,    000h 00m 01.478s,    000h 20m 10.293s
658,    1633,    1211926,    000h 00m 01.633s,    000h 20m 11.926s
659,    1488,    1213414,    000h 00m 01.488s,    000h 20m 13.414s
660,    1668,    1215082,    000h 00m 01.668s,    000h 20m 15.082s
661,    1602,    1216684,    000h 00m 01.602s,    000h 20m 16.684s
662,    1448,    1218132,    000h 00m 01.448s,    000h 20m 18.132s
663,    1465,    1219597,    000h 00m 01.465s,    000h 20m 19.597s
664,    1711,    1221308,    000h 00m 01.711s,    000h 20m 21.308s
665,    1695,    1223003,    000h 00m 01.695s,    000h 20m 23.003s
666,    1466,    1224469,    000h 00m 01.466s,    000h 20m 24.469s
667,    1581,    1226050,    000h 00m 01.581s,    000h 20m 26.050s
668,    1644,    1227694,    000h 00m 01.644s,    000h 20m 27.694s
669,    1463,    1229157,    000h 00m 01.463s,    000h 20m 29.157s
670,    1562,    1230719,    000h 00m 01.562s,    000h 20m 30.719s
671,    1740,    1232459,    000h 00m 01.740s,    000h 20m 32.459s
672,    1646,    1234105,    000h 00m 01.646s,    000h 20m 34.105s
673,    1579,    1235684,    000h 00m 01.579s,    000h 20m 35.684s
674,    1473,    1237157,    000h 00m 01.473s,    000h 20m 37.157s
675,    1678,    1238835,    000h 00m 01.678s,    000h 20m 38.835s
676,    1505,    1240340,    000h 00m 01.505s,    000h 20m 40.340s
677,    1406,    1241746,    000h 00m 01.406s,    000h 20m 41.746s
678,    1648,    1243394,    000h 00m 01.648s,    000h 20m 43.394s
679,    1670,    1245064,    000h 00m 01.670s,    000h 20m 45.064s
680,    1571,    1246635,    000h 00m 01.571s,    000h 20m 46.635s
681,    1418,    1248053,    000h 00m 01.418s,    000h 20m 48.053s
682,    1467,    1249520,    000h 00m 01.467s,    000h 20m 49.520s
683,    1640,    1251160,    000h 00m 01.640s,    000h 20m 51.160s
684,    1667,    1252827,    000h 00m 01.667s,    000h 20m 52.827s
685,    1448,    1254275,    000h 00m 01.448s,    000h 20m 54.275s
686,    1580,    1255855,    000h 00m 01.580s,    000h 20m 55.855s
687,    1666,    1257521,    000h 00m 01.666s,    000h 20m 57.521s
688,    1477,    1258998,    000h 00m 01.477s,    000h 20m 58.998s
689,    1681,    1260679,    000h 00m 01.681s,    000h 21m 00.679s
690,    1445,    1262124,    000h 00m 01.445s,    000h 21m 02.124s
691,    1620,    1263744,    000h 00m 01.620s,    000h 21m 03.744s
692,    1660,    1265404,    000h 00m 01.660s,    000h 21m 05.404s
693,    1585,    1266989,    000h 00m 01.585s,    000h 21m 06.989s
694,    1742,    1268731,    000h 00m 01.742s,    000h 21m 08.731s
695,    1644,    1270375,    000h 00m 01.644s,    000h 21m 10.375s
696,    1448,    1271823,    000h 00m 01.448s,    000h 21m 11.823s
697,    1634,    1273457,    000h 00m 01.634s,    000h 21m 13.457s
698,    1744,    1275201,    000h 00m 01.744s,    000h 21m 15.201s
699,    1440,    1276641,    000h 00m 01.440s,    000h 21m 16.641s
700,    1590,    1278231,    000h 00m 01.590s,    000h 21m 18.231s
701,    1690,    1279921,    000h 00m 01.690s,    000h 21m 19.921s
702,    1534,    1281455,    000h 00m 01.534s,    000h 21m 21.455s
703,    1527,    1282982,    000h 00m 01.527s,    000h 21m 22.982s
704,    1656,    1284638,    000h 00m 01.656s,    000h 21m 24.638s
705,    1701,    1286339,    000h 00m 01.701s,    000h 21m 26.339s
706,    1450,    1287789,    000h 00m 01.450s,    000h 21m 27.789s
707,    1693,    1289482,    000h 00m 01.693s,    000h 21m 29.482s
708,    1616,    1291098,    000h 00m 01.616s,    000h 21m 31.098s
709,    1553,    1292651,    000h 00m 01.553s,    000h 21m 32.651s
710,    1442,    1294093,    000h 00m 01.442s,    000h 21m 34.093s
711,    1482,    1295575,    000h 00m 01.482s,    000h 21m 35.575s
712,    1455,    1297030,    000h 00m 01.455s,    000h 21m 37.030s
713,    1419,    1298449,    000h 00m 01.419s,    000h 21m 38.449s
714,    1530,    1299979,    000h 00m 01.530s,    000h 21m 39.979s
715,    1463,    1301442,    000h 00m 01.463s,    000h 21m 41.442s
716,    1729,    1303171,    000h 00m 01.729s,    000h 21m 43.171s
717,    1610,    1304781,    000h 00m 01.610s,    000h 21m 44.781s
718,    1665,    1306446,    000h 00m 01.665s,    000h 21m 46.446s
719,    1662,    1308108,    000h 00m 01.662s,    000h 21m 48.108s
720,    1450,    1309558,    000h 00m 01.450s,    000h 21m 49.558s
721,    1494,    1311052,    000h 00m 01.494s,    000h 21m 51.052s
722,    1456,    1312508,    000h 00m 01.456s,    000h 21m 52.508s
723,    1639,    1314147,    000h 00m 01.639s,    000h 21m 54.147s
724,    1623,    1315770,    000h 00m 01.623s,    000h 21m 55.770s
725,    1708,    1317478,    000h 00m 01.708s,    000h 21m 57.478s
726,    1434,    1318912,    000h 00m 01.434s,    000h 21m 58.912s
727,    1495,    1320407,    000h 00m 01.495s,    000h 22m 00.407s
728,    1437,    1321844,    000h 00m 01.437s,    000h 22m 01.844s
729,    1738,    1323582,    000h 00m 01.738s,    000h 22m 03.582s
730,    1405,    1324987,    000h 00m 01.405s,    000h 22m 04.987s
731,    1699,    1326686,    000h 00m 01.699s,    000h 22m 06.686s
732,    1741,    1328427,    000h 00m 01.741s,    000h 22m 08.427s
733,    1510,    1329937,    000h 00m 01.510s,    000h 22m 09.937s
734,    1672,    1331609,    000h 00m 01.672s,    000h 22m 11.609s
735,    1447,    1333056,    000h 00m 01.447s,    000h 22m 13.056s
736,    1651,    1334707,    000h 00m 01.651s,    000h 22m 14.707s
737,    1422,    1336129,    000h 00m 01.422s,    000h 22m 16.129s
738,    1581,    1337710,    000h 00m 01.581s,    000h 22m 17.710s
739,    1540,    1339250,    000h 00m 01.540s,    000h 22m 19.250s
740,    1454,    1340704,    000h 00m 01.454s,    000h 22m 20.704s
741,    1492,    1342196,    000h 00m 01.492s,    000h 22m 22.196s
742,    1660,    1343856,    000h 00m 01.660s,    000h 22m 23.856s
743,    1686,    1345542,    000h 00m 01.686s,    000h 22m 25.542s
744,    1677,    1347219,    000h 00m 01.677s,    000h 22m 27.219s
745,    1449,    1348668,    000h 00m 01.449s,    000h 22m 28.668s
746,    1469,    1350137,    000h 00m 01.469s,    000h 22m 30.137s
747,    1494,    1351631,    000h 00m 01.494s,    000h 22m 31.631s
748,    1694,    1353325,    000h 00m 01.694s,    000h 22m 33.325s
749,    1566,    1354891,    000h 00m 01.566s,    000h 22m 34.891s
750,    1443,    1356334,    000h 00m 01.443s,    000h 22m 36.334s
751,    1505,    1357839,    000h 00m 01.505s,    000h 22m 37.839s
752,    1695,    1359534,    000h 00m 01.695s,    000h 22m 39.534s
753,    1422,    1360956,    000h 00m 01.422s,    000h 22m 40.956s
754,    1641,    1362597,    000h 00m 01.641s,    000h 22m 42.597s
755,    1729,    1364326,    000h 00m 01.729s,    000h 22m 44.326s
756,    1619,    1365945,    000h 00m 01.619s,    000h 22m 45.945s
757,    1579,    1367524,    000h 00m 01.579s,    000h 22m 47.524s
758,    1629,    1369153,    000h 00m 01.629s,    000h 22m 49.153s
759,    1562,    1370715,    000h 00m 01.562s,    000h 22m 50.715s
760,    1503,    1372218,    000h 00m 01.503s,    000h 22m 52.218s
761,    1701,    1373919,    000h 00m 01.701s,    000h 22m 53.919s
762,    1727,    1375646,    000h 00m 01.727s,    000h 22m 55.646s
763,    1663,    1377309,    000h 00m 01.663s,    000h 22m 57.309s
764,    1595,    1378904,    000h 00m 01.595s,    000h 22m 58.904s
765,    1749,    1380653,    000h 00m 01.749s,    000h 23m 00.653s
766,    1664,    1382317,    000h 00m 01.664s,    000h 23m 02.317s
767,    1414,    1383731,    000h 00m 01.414s,    000h 23m 03.731s
768,    1473,    1385204,    000h 00m 01.473s,    000h 23m 05.204s
769,    1459,    1386663,    000h 00m 01.459s,    000h 23m 06.663s
770,    1673,    1388336,    000h 00m 01.673s,    000h 23m 08.336s
771,    1683,    1390019,    000h 00m 01.683s,    000h 23m 10.019s
772,    1432,    1391451,    000h 00m 01.432s,    000h 23m 11.451s
773,    1716,    1393167,    000h 00m 01.716s,    000h 23m 13.167s
774,    1524,    1394691,    000h 00m 01.524s,    000h 23m 14.691s
775,    1516,    1396207,    000h 00m 01.516s,    000h 23m 16.207s
776,    1647,    1397854,    000h 00m 01.647s,    000h 23m 17.854s
777,    1473,    1399327,    000h 00m 01.473s,    000h 23m 19.327s
778,    1725,    1401052,    000h 00m 01.725s,    000h 23m 21.052s
779,    1474,    1402526,    000h 00m 01.474s,    000h 23m 22.526s
780,    1733,    1404259,    000h 00m 01.733s,    000h 23m 24.259s
781,    1493,    1405752,    000h 00m 01.493s,    000h 23m 25.752s
782,    1578,    1407330,    000h 00m 01.578s,    000h 23m 27.330s
783,    1505,    1408835,    000h 00m 01.505s,    000h 23m 28.835s
784,    1476,    1410311,    000h 00m 01.476s,    000h 23m 30.311s
785,    1463,    1411774,    000h 00m 01.463s,    000h 23m 31.774s
786,    1437,    1413211,    000h 00m 01.437s,    000h 23m 33.211s
787,    1559,    1414770,    000h 00m 01.559s,    000h 23m 34.770s
788,    1451,    1416221,    000h 00m 01.451s,    000h 23m 36.221s
789,    1687,    1417908,    000h 00m 01.687s,    000h 23m 37.908s
790,    1622,    1419530,    000h 00m 01.622s,    000h 23m 39.530s
791,    1492,    1421022,    000h 00m 01.492s,    000h 23m 41.022s
792,    1537,    1422559,    000h 00m 01.537s,    000h 23m 42.559s
793,    1434,    1423993,    000h 00m 01.434s,    000h 23m 43.993s
794,    1451,    1425444,    000h 00m 01.451s,    000h 23m 45.444s
795,    1560,    1427004,    000h 00m 01.560s,    000h 23m 47.004s
796,    1441,    1428445,    000h 00m 01.441s,    000h 23m 48.445s
797,    1495,    1429940,    000h 00m 01.495s,    000h 23m 49.940s
798,    1728,    1431668,    000h 00m 01.728s,    000h 23m 51.668s
799,    1577,    1433245,    000h 00m 01.577s,    000h 23m 53.245s
800,    1666,    1434911,    000h 00m 01.666s,    000h 23m 54.911s
801,    1461,    1436372,    000h 00m 01.461s,    000h 23m 56.372s
802,    1414,    1437786,    000h 00m 01.414s,    000h 23m 57.786s
803,    1466,    1439252,    000h 00m 01.466s,    000h 23m 59.252s
804,    1435,    1440687,    000h 00m 01.435s,    000h 24m 00.687s
805,    1643,    1442330,    000h 00m 01.643s,    000h 24m 02.330s
806,    1387,    1443717,    000h 00m 01.387s,    000h 24m 03.717s
807,    1545,    1445262,    000h 00m 01.545s,    000h 24m 05.262s
808,    1668,    1446930,    000h 00m 01.668s,    000h 24m 06.930s
809,    1467,    1448397,    000h 00m 01.467s,    000h 24m 08.397s
810,    1647,    1450044,    000h 00m 01.647s,    000h 24m 10.044s
811,    1666,    1451710,    000h 00m 01.666s,    000h 24m 11.710s
812,    1545,    1453255,    000h 00m 01.545s,    000h 24m 13.255s
813,    1636,    1454891,    000h 00m 01.636s,    000h 24m 14.891s
814,    1499,    1456390,    000h 00m 01.499s,    000h 24m 16.390s
815,    1750,    1458140,    000h 00m 01.750s,    000h 24m 18.140s
816,    1635,    1459775,    000h 00m 01.635s,    000h 24m 19.775s
817,    1633,    1461408,    000h 00m 01.633s,    000h 24m 21.408s
818,    1548,    1462956,    000h 00m 01.548s,    000h 24m 22.956s
819,    1565,    1464521,    000h 00m 01.565s,    000h 24m 24.521s
820,    1695,    1466216,    000h 00m 01.695s,    000h 24m 26.216s
821,    1603,    1467819,    000h 00m 01.603s,    000h 24m 27.819s
822,    1654,    1469473,    000h 00m 01.654s,    000h 24m 29.473s
823,    1426,    1470899,    000h 00m 01.426s,    000h 24m 30.899s
824,    1497,    1472396,    000h 00m 01.497s,    000h 24m 32.396s
825,    1541,    1473937,    000h 00m 01.541s,    000h 24m 33.937s
826,    1464,    1475401,    000h 00m 01.464s,    000h 24m 35.401s
827,    1522,    1476923,    000h 00m 01.522s,    000h 24m 36.923s
828,    1595,    1478518,    000h 00m 01.595s,    000h 24m 38.518s
829,    1626,    1480144,    000h 00m 01.626s,    000h 24m 40.144s
830,    1514,    1481658,    000h 00m 01.514s,    000h 24m 41.658s
831,    1676,    1483334,    000h 00m 01.676s,    000h 24m 43.334s
832,    1683,    1485017,    000h 00m 01.683s,    000h 24m 45.017s
833,    1432,    1486449,    000h 00m 01.432s,    000h 24m 46.449s
834,    1571,    1488020,    000h 00m 01.571s,    000h 24m 48.020s
835,    1480,    1489500,    000h 00m 01.480s,    000h 24m 49.500s
836,    1726,    1491226,    000h 00m 01.726s,    000h 24m 51.226s
837,    1445,    1492671,    000h 00m 01.445s,    000h 24m 52.671s
838,    1481,    1494152,    000h 00m 01.481s,    000h 24m 54.152s
839,    1710,    1495862,    000h 00m 01.710s,    000h 24m 55.862s
840,    1580,    1497442,    000h 00m 01.580s,    000h 24m 57.442s
841,    1568,    1499010,    000h 00m 01.568s,    000h 24m 59.010s
842,    1749,    1500759,    000h 00m 01.749s,    000h 25m 00.759s
843,    1561,    1502320,    000h 00m 01.561s,    000h 25m 02.320s
844,    1442,    1503762,    000h 00m 01.442s,    000h 25m 03.762s
845,    1743,    1505505,    000h 00m 01.743s,    000h 25m 05.505s
846,    1514,    1507019,    000h 00m 01.514s,    000h 25m 07.019s
847,    1534,    1508553,    000h 00m 01.534s,    000h 25m 08.553s
848,    1533,    1510086,    000h 00m 01.533s,    000h 25m 10.086s
849,    1693,    1511779,    000h 00m 01.693s,    000h 25m 11.779s
850,    1498,    1513277,    000h 00m 01.498s,    000h 25m 13.277s
851,    1542,    1514819,    000h 00m 01.542s,    000h 25m 14.819s
852,    1685,    1516504,    000h 00m 01.685s,    000h 25m 16.504s
853,    1452,    1517956,    000h 00m 01.452s,    000h 25m 17.956s
854,    1618,    1519574,    000h 00m 01.618s,    000h 25m 19.574s
855,    1661,    1521235,    000h 00m 01.661s,    000h 25m 21.235s
856,    1492,    1522727,    000h 00m 01.492s,    000h 25m 22.727s
857,    1655,    1524382,    000h 00m 01.655s,    000h 25m 24.382s
858,    1668,    1526050,    000h 00m 01.668s,    000h 25m 26.050s
859,    1683,    1527733,    000h 00m 01.683s,    000h 25m 27.733s
860,    1477,    1529210,    000h 00m 01.477s,    000h 25m 29.210s
861,    1417,    1530627,    000h 00m 01.417s,    000h 25m 30.627s
862,    1638,    1532265,    000h 00m 01.638s,    000h 25m 32.265s
863,    1637,    1533902,    000h 00m 01.637s,    000h 25m 33.902s
864,    1552,    1535454,    000h 00m 01.552s,    000h 25m 35.454s
865,    1660,    1537114,    000h 00m 01.660s,    000h 25m 37.114s
866,    1618,    1538732,    000h 00m 01.618s,    000h 25m 38.732s
867,    1412,    1540144,    000h 00m 01.412s,    000h 25m 40.144s
868,    1611,    1541755,    000h 00m 01.611s,    000h 25m 41.755s
869,    1524,    1543279,    000h 00m 01.524s,    000h 25m 43.279s
870,    1587,    1544866,    000h 00m 01.587s,    000h 25m 44.866s
871,    1536,    1546402,    000h 00m 01.536s,    000h 25m 46.402s
872,    1573,    1547975,    000h 00m 01.573s,    000h 25m 47.975s
873,    1692,    1549667,    000h 00m 01.692s,    000h 25m 49.667s
874,    1691,    1551358,    000h 00m 01.691s,    000h 25m 51.358s
875,    1698,    1553056,    000h 00m 01.698s,    000h 25m 53.056s
876,    1647,    1554703,    000h 00m 01.647s,    000h 25m 54.703s
877,    1638,    1556341,    000h 00m 01.638s,    000h 25m 56.341s
878,    1663,    1558004,    000h 00m 01.663s,    000h 25m 58.004s
879,    1606,    1559610,    000h 00m 01.606s,    000h 25m 59.610s
880,    1657,    1561267,    000h 00m 01.657s,    000h 26m 01.267s
881,    1440,    1562707,    000h 00m 01.440s,    000h 26m 02.707s
882,    1514,    1564221,    000h 00m 01.514s,    000h 26m 04.221s
883,    1451,    1565672,    000h 00m 01.451s,    000h 26m 05.672s
884,    1483,    1567155,    000h 00m 01.483s,    000h 26m 07.155s
885,    1660,    1568815,    000h 00m 01.660s,    000h 26m 08.815s
886,    1650,    1570465,    000h 00m 01.650s,    000h 26m 10.465s
887,    1626,    1572091,    000h 00m 01.626s,    000h 26m 12.091s
888,    1504,    1573595,    000h 00m 01.504s,    000h 26m 13.595s
889,    1542,    1575137,    000h 00m 01.542s,    000h 26m 15.137s
890,    1407,    1576544,    000h 00m 01.407s,    000h 26m 16.544s
891,    1596,    1578140,    000h 00m 01.596s,    000h 26m 18.140s
892,    1586,    1579726,    000h 00m 01.586s,    000h 26m 19.726s
893,    1590,    1581316,    000h 00m 01.590s,    000h 26m 21.316s
894,    1712,    1583028,    000h 00m 01.712s,    000h 26m 23.028s
895,    1424,    1584452,    000h 00m 01.424s,    000h 26m 24.452s
896,    1643,    1586095,    000h 00m 01.643s,    000h 26m 26.095s
897,    1473,    1587568,    000h 00m 01.473s,    000h 26m 27.568s
898,    1584,    1589152,    000h 00m 01.584s,    000h 26m 29.152s
899,    1448,    1590600,    000h 00m 01.448s,    000h 26m 30.600s
900,    1511,    1592111,    000h 00m 01.511s,    000h 26m 32.111s
901,    1692,    1593803,    000h 00m 01.692s,    000h 26m 33.803s
902,    1694,    1595497,    000h 00m 01.694s,    000h 26m 35.497s
903,    1437,    1596934,    000h 00m 01.437s,    000h 26m 36.934s
904,    1505,    1598439,    000h 00m 01.505s,    000h 26m 38.439s
905,    1715,    1600154,    000h 00m 01.715s,    000h 26m 40.154s
906,    1400,    1601554,    000h 00m 01.400s,    000h 26m 41.554s
907,    1440,    1602994,    000h 00m 01.440s,    000h 26m 42.994s
908,    1580,    1604574,    000h 00m 01.580s,    000h 26m 44.574s
909,    1452,    1606026,    000h 00m 01.452s,    000h 26m 46.026s
910,    1508,    1607534,    000h 00m 01.508s,    000h 26m 47.534s
911,    1742,    1609276,    000h 00m 01.742s,    000h 26m 49.276s
912,    1519,    1610795,    000h 00m 01.519s,    000h 26m 50.795s
913,    1537,    1612332,    000h 00m 01.537s,    000h 26m 52.332s
914,    1658,    1613990,    000h 00m 01.658s,    000h 26m 53.990s
915,    1532,    1615522,    000h 00m 01.532s,    000h 26m 55.522s
916,    1727,    1617249,    000h 00m 01.727s,    000h 26m 57.249s
917,    1595,    1618844,    000h 00m 01.595s,    000h 26m 58.844s
918,    1616,    1620460,    000h 00m 01.616s,    000h 27m 00.460s
919,    1701,    1622161,    000h 00m 01.701s,    000h 27m 02.161s
920,    1399,    1623560,    000h 00m 01.399s,    000h 27m 03.560s
921,    1472,    1625032,    000h 00m 01.472s,    000h 27m 05.032s
922,    1502,    1626534,    000h 00m 01.502s,    000h 27m 06.534s
923,    1607,    1628141,    000h 00m 01.607s,    000h 27m 08.141s
924,    1670,    1629811,    000h 00m 01.670s,    000h 27m 09.811s
925,    1452,    1631263,    000h 00m 01.452s,    000h 27m 11.263s
926,    1552,    1632815,    000h 00m 01.552s,    000h 27m 12.815s
927,    1692,    1634507,    000h 00m 01.692s,    000h 27m 14.507s
928,    1414,    1635921,    000h 00m 01.414s,    000h 27m 15.921s
929,    1566,    1637487,    000h 00m 01.566s,    000h 27m 17.487s
930,    1567,    1639054,    000h 00m 01.567s,    000h 27m 19.054s
931,    1643,    1640697,    000h 00m 01.643s,    000h 27m 20.697s
932,    1592,    1642289,    000h 00m 01.592s,    000h 27m 22.289s
933,    1680,    1643969,    000h 00m 01.680s,    000h 27m 23.969s
934,    1611,    1645580,    000h 00m 01.611s,    000h 27m 25.580s
935,    1662,    1647242,    000h 00m 01.662s,    000h 27m 27.242s
936,    1679,    1648921,    000h 00m 01.679s,    000h 27m 28.921s
937,    1535,    1650456,    000h 00m 01.535s,    000h 27m 30.456s
938,    1673,    1652129,    000h 00m 01.673s,    000h 27m 32.129s
939,    1441,    1653570,    000h 00m 01.441s,    000h 27m 33.570s
940,    1496,    1655066,    000h 00m 01.496s,    000h 27m 35.066s
941,    1647,    1656713,    000h 00m 01.647s,    000h 27m 36.713s
942,    1712,    1658425,    000h 00m 01.712s,    000h 27m 38.425s
943,    1543,    1659968,    000h 00m 01.543s,    000h 27m 39.968s
944,    1506,    1661474,    000h 00m 01.506s,    000h 27m 41.474s
945,    1673,    1663147,    000h 00m 01.673s,    000h 27m 43.147s
946,    1527,    1664674,    000h 00m 01.527s,    000h 27m 44.674s
947,    1515,    1666189,    000h 00m 01.515s,    000h 27m 46.189s
948,    1725,    1667914,    000h 00m 01.725s,    000h 27m 47.914s
949,    1725,    1669639,    000h 00m 01.725s,    000h 27m 49.639s
950,    1434,    1671073,    000h 00m 01.434s,    000h 27m 51.073s
951,    1731,    1672804,    000h 00m 01.731s,    000h 27m 52.804s
952,    1718,    1674522,    000h 00m 01.718s,    000h 27m 54.522s
953,    1630,    1676152,    000h 00m 01.630s,    000h 27m 56.152s
954,    1647,    1677799,    000h 00m 01.647s,    000h 27m 57.799s
955,    1516,    1679315,    000h 00m 01.516s,    000h 27m 59.315s
956,    1680,    1680995,    000h 00m 01.680s,    000h 28m 00.995s
957,    1618,    1682613,    000h 00m 01.618s,    000h 28m 02.613s
958,    1753,    1684366,    000h 00m 01.753s,    000h 28m 04.366s
959,    1579,    1685945,    000h 00m 01.579s,    000h 28m 05.945s
960,    1377,    1687322,    000h 00m 01.377s,    000h 28m 07.322s
961,    1556,    1688878,    000h 00m 01.556s,    000h 28m 08.878s
962,    1679,    1690557,    000h 00m 01.679s,    000h 28m 10.557s
963,    1702,    1692259,    000h 00m 01.702s,    000h 28m 12.259s
964,    1442,    1693701,    000h 00m 01.442s,    000h 28m 13.701s
965,    1651,    1695352,    000h 00m 01.651s,    000h 28m 15.352s
966,    1695,    1697047,    000h 00m 01.695s,    000h 28m 17.047s
967,    1581,    1698628,    000h 00m 01.581s,    000h 28m 18.628s
968,    1622,    1700250,    000h 00m 01.622s,    000h 28m 20.250s
969,    1512,    1701762,    000h 00m 01.512s,    000h 28m 21.762s
970,    1587,    1703349,    000h 00m 01.587s,    000h 28m 23.349s
971,    1445,    1704794,    000h 00m 01.445s,    000h 28m 24.794s
972,    1416,    1706210,    000h 00m 01.416s,    000h 28m 26.210s
973,    1675,    1707885,    000h 00m 01.675s,    000h 28m 27.885s
974,    1482,    1709367,    000h 00m 01.482s,    000h 28m 29.367s
975,    1558,    1710925,    000h 00m 01.558s,    000h 28m 30.925s
976,    1427,    1712352,    000h 00m 01.427s,    000h 28m 32.352s
977,    1645,    1713997,    000h 00m 01.645s,    000h 28m 33.997s
978,    1472,    1715469,    000h 00m 01.472s,    000h 28m 35.469s
979,    1729,    1717198,    000h 00m 01.729s,    000h 28m 37.198s
980,    1678,    1718876,    000h 00m 01.678s,    000h 28m 38.876s
981,    1477,    1720353,    000h 00m 01.477s,    000h 28m 40.353s
982,    1462,    1721815,    000h 00m 01.462s,    000h 28m 41.815s
983,    1637,    1723452,    000h 00m 01.637s,    000h 28m 43.452s
984,    1665,    1725117,    000h 00m 01.665s,    000h 28m 45.117s
985,    1657,    1726774,    000h 00m 01.657s,    000h 28m 46.774s
986,    1655,    1728429,    000h 00m 01.655s,    000h 28m 48.429s
987,    1818,    1730247,    000h 00m 01.818s,    000h 28m 50.247s
988,    1601,    1731848,    000h 00m 01.601s,    000h 28m 51.848s
989,    1567,    1733415,    000h 00m 01.567s,    000h 28m 53.415s
990,    1503,    1734918,    000h 00m 01.503s,    000h 28m 54.918s
991,    1560,    1736478,    000h 00m 01.560s,    000h 28m 56.478s
992,    1641,    1738119,    000h 00m 01.641s,    000h 28m 58.119s
993,    1593,    1739712,    000h 00m 01.593s,    000h 28m 59.712s
994,    1667,    1741379,    000h 00m 01.667s,    000h 29m 01.379s
995,    1534,    1742913,    000h 00m 01.534s,    000h 29m 02.913s
996,    1680,    1744593,    000h 00m 01.680s,    000h 29m 04.593s
997,    1683,    1746276,    000h 00m 01.683s,    000h 29m 06.276s
998,    1474,    1747750,    000h 00m 01.474s,    000h 29m 07.750s
999,    1688,    1749438,    000h 00m 01.688s,    000h 29m 09.438s
1000,    1442,    1750880,    000h 00m 01.442s,    000h 29m 10.880s
1001,    1642,    1752522,    000h 00m 01.642s,    000h 29m 12.522s
1002,    1502,    1754024,    000h 00m 01.502s,    000h 29m 14.024s
1003,    1462,    1755486,    000h 00m 01.462s,    000h 29m 15.486s
1004,    1729,    1757215,    000h 00m 01.729s,    000h 29m 17.215s
1005,    1486,    1758701,    000h 00m 01.486s,    000h 29m 18.701s
1006,    1620,    1760321,    000h 00m 01.620s,    000h 29m 20.321s
1007,    1487,    1761808,    000h 00m 01.487s,    000h 29m 21.808s
1008,    1537,    1763345,    000h 00m 01.537s,    000h 29m 23.345s
1009,    1617,    1764962,    000h 00m 01.617s,    000h 29m 24.962s
1010,    1401,    1766363,    000h 00m 01.401s,    000h 29m 26.363s
1011,    1661,    1768024,    000h 00m 01.661s,    000h 29m 28.024s
1012,    1416,    1769440,    000h 00m 01.416s,    000h 29m 29.440s
1013,    1746,    1771186,    000h 00m 01.746s,    000h 29m 31.186s
1014,    1685,    1772871,    000h 00m 01.685s,    000h 29m 32.871s
1015,    1386,    1774257,    000h 00m 01.386s,    000h 29m 34.257s
1016,    1664,    1775921,    000h 00m 01.664s,    000h 29m 35.921s
1017,    1399,    1777320,    000h 00m 01.399s,    000h 29m 37.320s
1018,    1616,    1778936,    000h 00m 01.616s,    000h 29m 38.936s
1019,    1514,    1780450,    000h 00m 01.514s,    000h 29m 40.450s
1020,    1616,    1782066,    000h 00m 01.616s,    000h 29m 42.066s
1021,    1503,    1783569,    000h 00m 01.503s,    000h 29m 43.569s
1022,    1688,    1785257,    000h 00m 01.688s,    000h 29m 45.257s
1023,    1505,    1786762,    000h 00m 01.505s,    000h 29m 46.762s
1024,    1495,    1788257,    000h 00m 01.495s,    000h 29m 48.257s
1025,    1460,    1789717,    000h 00m 01.460s,    000h 29m 49.717s
