pass,    time (ms),    total time (ms),    time,     total_time
1,    1720,    1720,    000h 00m 01.720s,    000h 00m 01.720s
2,    1777,    3497,    000h 00m 01.777s,    000h 00m 03.497s
3,    1686,    5183,    000h 00m 01.686s,    000h 00m 05.183s
4,    1729,    6912,    000h 00m 01.729s,    000h 00m 06.912s
5,    1582,    8494,    000h 00m 01.582s,    000h 00m 08.494s
6,    1685,    10179,    000h 00m 01.685s,    000h 00m 10.179s
7,    1756,    11935,    000h 00m 01.756s,    000h 00m 11.935s
8,    1308,    13243,    000h 00m 01.308s,    000h 00m 13.243s
9,    1667,    14910,    000h 00m 01.667s,    000h 00m 14.910s
10,    1747,    16657,    000h 00m 01.747s,    000h 00m 16.657s
11,    1622,    18279,    000h 00m 01.622s,    000h 00m 18.279s
12,    1632,    19911,    000h 00m 01.632s,    000h 00m 19.911s
13,    1531,    21442,    000h 00m 01.531s,    000h 00m 21.442s
14,    1701,    23143,    000h 00m 01.701s,    000h 00m 23.143s
15,    1738,    24881,    000h 00m 01.738s,    000h 00m 24.881s
16,    1576,    26457,    000h 00m 01.576s,    000h 00m 26.457s
17,    1581,    28038,    000h 00m 01.581s,    000h 00m 28.038s
18,    1378,    29416,    000h 00m 01.378s,    000h 00m 29.416s
19,    1758,    31174,    000h 00m 01.758s,    000h 00m 31.174s
20,    1611,    32785,    000h 00m 01.611s,    000h 00m 32.785s
21,    1574,    34359,    000h 00m 01.574s,    000h 00m 34.359s
22,    1661,    36020,    000h 00m 01.661s,    000h 00m 36.020s
23,    1722,    37742,    000h 00m 01.722s,    000h 00m 37.742s
24,    1710,    39452,    000h 00m 01.710s,    000h 00m 39.452s
25,    1709,    41161,    000h 00m 01.709s,    000h 00m 41.161s
26,    1661,    42822,    000h 00m 01.661s,    000h 00m 42.822s
27,    1620,    44442,    000h 00m 01.620s,    000h 00m 44.442s
28,    1345,    45787,    000h 00m 01.345s,    000h 00m 45.787s
29,    1631,    47418,    000h 00m 01.631s,    000h 00m 47.418s
30,    1688,    49106,    000h 00m 01.688s,    000h 00m 49.106s
31,    1725,    50831,    000h 00m 01.725s,    000h 00m 50.831s
32,    1489,    52320,    000h 00m 01.489s,    000h 00m 52.320s
33,    1740,    54060,    000h 00m 01.740s,    000h 00m 54.060s
34,    1553,    55613,    000h 00m 01.553s,    000h 00m 55.613s
35,    1560,    57173,    000h 00m 01.560s,    000h 00m 57.173s
36,    1685,    58858,    000h 00m 01.685s,    000h 00m 58.858s
37,    1542,    60400,    000h 00m 01.542s,    000h 01m 00.400s
38,    1694,    62094,    000h 00m 01.694s,    000h 01m 02.094s
39,    1685,    63779,    000h 00m 01.685s,    000h 01m 03.779s
40,    1764,    65543,    000h 00m 01.764s,    000h 01m 05.543s
41,    1740,    67283,    000h 00m 01.740s,    000h 01m 07.283s
42,    1597,    68880,    000h 00m 01.597s,    000h 01m 08.880s
43,    1617,    70497,    000h 00m 01.617s,    000h 01m 10.497s
44,    1568,    72065,    000h 00m 01.568s,    000h 01m 12.065s
45,    1370,    73435,    000h 00m 01.370s,    000h 01m 13.435s
46,    1534,    74969,    000h 00m 01.534s,    000h 01m 14.969s
47,    1703,    76672,    000h 00m 01.703s,    000h 01m 16.672s
48,    1564,    78236,    000h 00m 01.564s,    000h 01m 18.236s
49,    1570,    79806,    000h 00m 01.570s,    000h 01m 19.806s
50,    1723,    81529,    000h 00m 01.723s,    000h 01m 21.529s
51,    1739,    83268,    000h 00m 01.739s,    000h 01m 23.268s
52,    1676,    84944,    000h 00m 01.676s,    000h 01m 24.944s
53,    1718,    86662,    000h 00m 01.718s,    000h 01m 26.662s
54,    1587,    88249,    000h 00m 01.587s,    000h 01m 28.249s
55,    1617,    89866,    000h 00m 01.617s,    000h 01m 29.866s
56,    1658,    91524,    000h 00m 01.658s,    000h 01m 31.524s
57,    1564,    93088,    000h 00m 01.564s,    000h 01m 33.088s
58,    1681,    94769,    000h 00m 01.681s,    000h 01m 34.769s
59,    1586,    96355,    000h 00m 01.586s,    000h 01m 36.355s
60,    1730,    98085,    000h 00m 01.730s,    000h 01m 38.085s
61,    1708,    99793,    000h 00m 01.708s,    000h 01m 39.793s
62,    1720,    101513,    000h 00m 01.720s,    000h 01m 41.513s
63,    1723,    103236,    000h 00m 01.723s,    000h 01m 43.236s
64,    1737,    104973,    000h 00m 01.737s,    000h 01m 44.973s
65,    1679,    106652,    000h 00m 01.679s,    000h 01m 46.652s
66,    1718,    108370,    000h 00m 01.718s,    000h 01m 48.370s
67,    1576,    109946,    000h 00m 01.576s,    000h 01m 49.946s
68,    1533,    111479,    000h 00m 01.533s,    000h 01m 51.479s
69,    1622,    113101,    000h 00m 01.622s,    000h 01m 53.101s
70,    1647,    114748,    000h 00m 01.647s,    000h 01m 54.748s
71,    1743,    116491,    000h 00m 01.743s,    000h 01m 56.491s
72,    1720,    118211,    000h 00m 01.720s,    000h 01m 58.211s
73,    1746,    119957,    000h 00m 01.746s,    000h 01m 59.957s
74,    1599,    121556,    000h 00m 01.599s,    000h 02m 01.556s
75,    1667,    123223,    000h 00m 01.667s,    000h 02m 03.223s
76,    1743,    124966,    000h 00m 01.743s,    000h 02m 04.966s
77,    1538,    126504,    000h 00m 01.538s,    000h 02m 06.504s
78,    1716,    128220,    000h 00m 01.716s,    000h 02m 08.220s
79,    1712,    129932,    000h 00m 01.712s,    000h 02m 09.932s
80,    1679,    131611,    000h 00m 01.679s,    000h 02m 11.611s
81,    1713,    133324,    000h 00m 01.713s,    000h 02m 13.324s
82,    1543,    134867,    000h 00m 01.543s,    000h 02m 14.867s
83,    1571,    136438,    000h 00m 01.571s,    000h 02m 16.438s
84,    1747,    138185,    000h 00m 01.747s,    000h 02m 18.185s
85,    1680,    139865,    000h 00m 01.680s,    000h 02m 19.865s
86,    1673,    141538,    000h 00m 01.673s,    000h 02m 21.538s
87,    1727,    143265,    000h 00m 01.727s,    000h 02m 23.265s
88,    1737,    145002,    000h 00m 01.737s,    000h 02m 25.002s
89,    1785,    146787,    000h 00m 01.785s,    000h 02m 26.787s
90,    1565,    148352,    000h 00m 01.565s,    000h 02m 28.352s
91,    1606,    149958,    000h 00m 01.606s,    000h 02m 29.958s
92,    1565,    151523,    000h 00m 01.565s,    000h 02m 31.523s
93,    1625,    153148,    000h 00m 01.625s,    000h 02m 33.148s
94,    1624,    154772,    000h 00m 01.624s,    000h 02m 34.772s
95,    1706,    156478,    000h 00m 01.706s,    000h 02m 36.478s
96,    1758,    158236,    000h 00m 01.758s,    000h 02m 38.236s
97,    1539,    159775,    000h 00m 01.539s,    000h 02m 39.775s
98,    1658,    161433,    000h 00m 01.658s,    000h 02m 41.433s
99,    1572,    163005,    000h 00m 01.572s,    000h 02m 43.005s
100,    1658,    164663,    000h 00m 01.658s,    000h 02m 44.663s
101,    1724,    166387,    000h 00m 01.724s,    000h 02m 46.387s
102,    1616,    168003,    000h 00m 01.616s,    000h 02m 48.003s
103,    1457,    169460,    000h 00m 01.457s,    000h 02m 49.460s
104,    1573,    171033,    000h 00m 01.573s,    000h 02m 51.033s
105,    1717,    172750,    000h 00m 01.717s,    000h 02m 52.750s
106,    1742,    174492,    000h 00m 01.742s,    000h 02m 54.492s
107,    1685,    176177,    000h 00m 01.685s,    000h 02m 56.177s
108,    1756,    177933,    000h 00m 01.756s,    000h 02m 57.933s
109,    1713,    179646,    000h 00m 01.713s,    000h 02m 59.646s
110,    1754,    181400,    000h 00m 01.754s,    000h 03m 01.400s
111,    1641,    183041,    000h 00m 01.641s,    000h 03m 03.041s
112,    1742,    184783,    000h 00m 01.742s,    000h 03m 04.783s
113,    1720,    186503,    000h 00m 01.720s,    000h 03m 06.503s
114,    1725,    188228,    000h 00m 01.725s,    000h 03m 08.228s
115,    1553,    189781,    000h 00m 01.553s,    000h 03m 09.781s
116,    1659,    191440,    000h 00m 01.659s,    000h 03m 11.440s
117,    1703,    193143,    000h 00m 01.703s,    000h 03m 13.143s
118,    1738,    194881,    000h 00m 01.738s,    000h 03m 14.881s
119,    1639,    196520,    000h 00m 01.639s,    000h 03m 16.520s
120,    1712,    198232,    000h 00m 01.712s,    000h 03m 18.232s
121,    1578,    199810,    000h 00m 01.578s,    000h 03m 19.810s
122,    1555,    201365,    000h 00m 01.555s,    000h 03m 21.365s
123,    1578,    202943,    000h 00m 01.578s,    000h 03m 22.943s
124,    1561,    204504,    000h 00m 01.561s,    000h 03m 24.504s
125,    1658,    206162,    000h 00m 01.658s,    000h 03m 26.162s
126,    1663,    207825,    000h 00m 01.663s,    000h 03m 27.825s
127,    1631,    209456,    000h 00m 01.631s,    000h 03m 29.456s
128,    1580,    211036,    000h 00m 01.580s,    000h 03m 31.036s
129,    1740,    212776,    000h 00m 01.740s,    000h 03m 32.776s
130,    1644,    214420,    000h 00m 01.644s,    000h 03m 34.420s
131,    1744,    216164,    000h 00m 01.744s,    000h 03m 36.164s
132,    1571,    217735,    000h 00m 01.571s,    000h 03m 37.735s
133,    1572,    219307,    000h 00m 01.572s,    000h 03m 39.307s
134,    1579,    220886,    000h 00m 01.579s,    000h 03m 40.886s
135,    1606,    222492,    000h 00m 01.606s,    000h 03m 42.492s
136,    1704,    224196,    000h 00m 01.704s,    000h 03m 44.196s
137,    1586,    225782,    000h 00m 01.586s,    000h 03m 45.782s
138,    1674,    227456,    000h 00m 01.674s,    000h 03m 47.456s
139,    1622,    229078,    000h 00m 01.622s,    000h 03m 49.078s
140,    1740,    230818,    000h 00m 01.740s,    000h 03m 50.818s
141,    1767,    232585,    000h 00m 01.767s,    000h 03m 52.585s
142,    1560,    234145,    000h 00m 01.560s,    000h 03m 54.145s
143,    1723,    235868,    000h 00m 01.723s,    000h 03m 55.868s
144,    1755,    237623,    000h 00m 01.755s,    000h 03m 57.623s
145,    1648,    239271,    000h 00m 01.648s,    000h 03m 59.271s
146,    1665,    240936,    000h 00m 01.665s,    000h 04m 00.936s
147,    1701,    242637,    000h 00m 01.701s,    000h 04m 02.637s
148,    1681,    244318,    000h 00m 01.681s,    000h 04m 04.318s
149,    1764,    246082,    000h 00m 01.764s,    000h 04m 06.082s
150,    1549,    247631,    000h 00m 01.549s,    000h 04m 07.631s
151,    1755,    249386,    000h 00m 01.755s,    000h 04m 09.386s
152,    1651,    251037,    000h 00m 01.651s,    000h 04m 11.037s
153,    1597,    252634,    000h 00m 01.597s,    000h 04m 12.634s
154,    1707,    254341,    000h 00m 01.707s,    000h 04m 14.341s
155,    1549,    255890,    000h 00m 01.549s,    000h 04m 15.890s
156,    1707,    257597,    000h 00m 01.707s,    000h 04m 17.597s
157,    1595,    259192,    000h 00m 01.595s,    000h 04m 19.192s
158,    1520,    260712,    000h 00m 01.520s,    000h 04m 20.712s
159,    1768,    262480,    000h 00m 01.768s,    000h 04m 22.480s
160,    1670,    264150,    000h 00m 01.670s,    000h 04m 24.150s
161,    1736,    265886,    000h 00m 01.736s,    000h 04m 25.886s
162,    1591,    267477,    000h 00m 01.591s,    000h 04m 27.477s
163,    1604,    269081,    000h 00m 01.604s,    000h 04m 29.081s
164,    1562,    270643,    000h 00m 01.562s,    000h 04m 30.643s
165,    1766,    272409,    000h 00m 01.766s,    000h 04m 32.409s
166,    1726,    274135,    000h 00m 01.726s,    000h 04m 34.135s
167,    1593,    275728,    000h 00m 01.593s,    000h 04m 35.728s
168,    1804,    277532,    000h 00m 01.804s,    000h 04m 37.532s
169,    1657,    279189,    000h 00m 01.657s,    000h 04m 39.189s
170,    1718,    280907,    000h 00m 01.718s,    000h 04m 40.907s
171,    1750,    282657,    000h 00m 01.750s,    000h 04m 42.657s
172,    1750,    284407,    000h 00m 01.750s,    000h 04m 44.407s
173,    1673,    286080,    000h 00m 01.673s,    000h 04m 46.080s
174,    1616,    287696,    000h 00m 01.616s,    000h 04m 47.696s
175,    1571,    289267,    000h 00m 01.571s,    000h 04m 49.267s
176,    1593,    290860,    000h 00m 01.593s,    000h 04m 50.860s
177,    1562,    292422,    000h 00m 01.562s,    000h 04m 52.422s
178,    1639,    294061,    000h 00m 01.639s,    000h 04m 54.061s
179,    1619,    295680,    000h 00m 01.619s,    000h 04m 55.680s
180,    1526,    297206,    000h 00m 01.526s,    000h 04m 57.206s
181,    1601,    298807,    000h 00m 01.601s,    000h 04m 58.807s
182,    1573,    300380,    000h 00m 01.573s,    000h 05m 00.380s
183,    1773,    302153,    000h 00m 01.773s,    000h 05m 02.153s
184,    1525,    303678,    000h 00m 01.525s,    000h 05m 03.678s
185,    1740,    305418,    000h 00m 01.740s,    000h 05m 05.418s
186,    1665,    307083,    000h 00m 01.665s,    000h 05m 07.083s
187,    1745,    308828,    000h 00m 01.745s,    000h 05m 08.828s
188,    1538,    310366,    000h 00m 01.538s,    000h 05m 10.366s
189,    1693,    312059,    000h 00m 01.693s,    000h 05m 12.059s
190,    1747,    313806,    000h 00m 01.747s,    000h 05m 13.806s
191,    1680,    315486,    000h 00m 01.680s,    000h 05m 15.486s
192,    1563,    317049,    000h 00m 01.563s,    000h 05m 17.049s
193,    1721,    318770,    000h 00m 01.721s,    000h 05m 18.770s
194,    1733,    320503,    000h 00m 01.733s,    000h 05m 20.503s
195,    1656,    322159,    000h 00m 01.656s,    000h 05m 22.159s
196,    1718,    323877,    000h 00m 01.718s,    000h 05m 23.877s
197,    1573,    325450,    000h 00m 01.573s,    000h 05m 25.450s
198,    1646,    327096,    000h 00m 01.646s,    000h 05m 27.096s
199,    1756,    328852,    000h 00m 01.756s,    000h 05m 28.852s
200,    1760,    330612,    000h 00m 01.760s,    000h 05m 30.612s
201,    1719,    332331,    000h 00m 01.719s,    000h 05m 32.331s
202,    1753,    334084,    000h 00m 01.753s,    000h 05m 34.084s
203,    1652,    335736,    000h 00m 01.652s,    000h 05m 35.736s
204,    1654,    337390,    000h 00m 01.654s,    000h 05m 37.390s
205,    1729,    339119,    000h 00m 01.729s,    000h 05m 39.119s
206,    1649,    340768,    000h 00m 01.649s,    000h 05m 40.768s
207,    1623,    342391,    000h 00m 01.623s,    000h 05m 42.391s
208,    1552,    343943,    000h 00m 01.552s,    000h 05m 43.943s
209,    1762,    345705,    000h 00m 01.762s,    000h 05m 45.705s
210,    1551,    347256,    000h 00m 01.551s,    000h 05m 47.256s
211,    1694,    348950,    000h 00m 01.694s,    000h 05m 48.950s
212,    1610,    350560,    000h 00m 01.610s,    000h 05m 50.560s
213,    1555,    352115,    000h 00m 01.555s,    000h 05m 52.115s
214,    1682,    353797,    000h 00m 01.682s,    000h 05m 53.797s
215,    1749,    355546,    000h 00m 01.749s,    000h 05m 55.546s
216,    1558,    357104,    000h 00m 01.558s,    000h 05m 57.104s
217,    1365,    358469,    000h 00m 01.365s,    000h 05m 58.469s
218,    1555,    360024,    000h 00m 01.555s,    000h 06m 00.024s
219,    1579,    361603,    000h 00m 01.579s,    000h 06m 01.603s
220,    1733,    363336,    000h 00m 01.733s,    000h 06m 03.336s
221,    1593,    364929,    000h 00m 01.593s,    000h 06m 04.929s
222,    1727,    366656,    000h 00m 01.727s,    000h 06m 06.656s
223,    1750,    368406,    000h 00m 01.750s,    000h 06m 08.406s
224,    1753,    370159,    000h 00m 01.753s,    000h 06m 10.159s
225,    1735,    371894,    000h 00m 01.735s,    000h 06m 11.894s
226,    1593,    373487,    000h 00m 01.593s,    000h 06m 13.487s
227,    1638,    375125,    000h 00m 01.638s,    000h 06m 15.125s
228,    1655,    376780,    000h 00m 01.655s,    000h 06m 16.780s
229,    1356,    378136,    000h 00m 01.356s,    000h 06m 18.136s
230,    1602,    379738,    000h 00m 01.602s,    000h 06m 19.738s
231,    1742,    381480,    000h 00m 01.742s,    000h 06m 21.480s
232,    1313,    382793,    000h 00m 01.313s,    000h 06m 22.793s
233,    1637,    384430,    000h 00m 01.637s,    000h 06m 24.430s
234,    1534,    385964,    000h 00m 01.534s,    000h 06m 25.964s
235,    1569,    387533,    000h 00m 01.569s,    000h 06m 27.533s
236,    1732,    389265,    000h 00m 01.732s,    000h 06m 29.265s
237,    1637,    390902,    000h 00m 01.637s,    000h 06m 30.902s
238,    1760,    392662,    000h 00m 01.760s,    000h 06m 32.662s
239,    1583,    394245,    000h 00m 01.583s,    000h 06m 34.245s
240,    1695,    395940,    000h 00m 01.695s,    000h 06m 35.940s
241,    1599,    397539,    000h 00m 01.599s,    000h 06m 37.539s
242,    1731,    399270,    000h 00m 01.731s,    000h 06m 39.270s
243,    1737,    401007,    000h 00m 01.737s,    000h 06m 41.007s
244,    1645,    402652,    000h 00m 01.645s,    000h 06m 42.652s
245,    1730,    404382,    000h 00m 01.730s,    000h 06m 44.382s
246,    1744,    406126,    000h 00m 01.744s,    000h 06m 46.126s
247,    1759,    407885,    000h 00m 01.759s,    000h 06m 47.885s
248,    1766,    409651,    000h 00m 01.766s,    000h 06m 49.651s
249,    1732,    411383,    000h 00m 01.732s,    000h 06m 51.383s
250,    1692,    413075,    000h 00m 01.692s,    000h 06m 53.075s
251,    1686,    414761,    000h 00m 01.686s,    000h 06m 54.761s
252,    1609,    416370,    000h 00m 01.609s,    000h 06m 56.370s
253,    1749,    418119,    000h 00m 01.749s,    000h 06m 58.119s
254,    1580,    419699,    000h 00m 01.580s,    000h 06m 59.699s
255,    1732,    421431,    000h 00m 01.732s,    000h 07m 01.431s
256,    1737,    423168,    000h 00m 01.737s,    000h 07m 03.168s
257,    1736,    424904,    000h 00m 01.736s,    000h 07m 04.904s
258,    1550,    426454,    000h 00m 01.550s,    000h 07m 06.454s
259,    1551,    428005,    000h 00m 01.551s,    000h 07m 08.005s
260,    1687,    429692,    000h 00m 01.687s,    000h 07m 09.692s
261,    1678,    431370,    000h 00m 01.678s,    000h 07m 11.370s
262,    1659,    433029,    000h 00m 01.659s,    000h 07m 13.029s
263,    1746,    434775,    000h 00m 01.746s,    000h 07m 14.775s
264,    1800,    436575,    000h 00m 01.800s,    000h 07m 16.575s
265,    1635,    438210,    000h 00m 01.635s,    000h 07m 18.210s
266,    1559,    439769,    000h 00m 01.559s,    000h 07m 19.769s
267,    1636,    441405,    000h 00m 01.636s,    000h 07m 21.405s
268,    1733,    443138,    000h 00m 01.733s,    000h 07m 23.138s
269,    1423,    444561,    000h 00m 01.423s,    000h 07m 24.561s
270,    1710,    446271,    000h 00m 01.710s,    000h 07m 26.271s
271,    1750,    448021,    000h 00m 01.750s,    000h 07m 28.021s
272,    1540,    449561,    000h 00m 01.540s,    000h 07m 29.561s
273,    1738,    451299,    000h 00m 01.738s,    000h 07m 31.299s
274,    1700,    452999,    000h 00m 01.700s,    000h 07m 32.999s
275,    1562,    454561,    000h 00m 01.562s,    000h 07m 34.561s
276,    1540,    456101,    000h 00m 01.540s,    000h 07m 36.101s
277,    1750,    457851,    000h 00m 01.750s,    000h 07m 37.851s
278,    1550,    459401,    000h 00m 01.550s,    000h 07m 39.401s
279,    1726,    461127,    000h 00m 01.726s,    000h 07m 41.127s
280,    1689,    462816,    000h 00m 01.689s,    000h 07m 42.816s
281,    1765,    464581,    000h 00m 01.765s,    000h 07m 44.581s
282,    1583,    466164,    000h 00m 01.583s,    000h 07m 46.164s
283,    1778,    467942,    000h 00m 01.778s,    000h 07m 47.942s
284,    1723,    469665,    000h 00m 01.723s,    000h 07m 49.665s
285,    1598,    471263,    000h 00m 01.598s,    000h 07m 51.263s
286,    1506,    472769,    000h 00m 01.506s,    000h 07m 52.769s
287,    1552,    474321,    000h 00m 01.552s,    000h 07m 54.321s
288,    1713,    476034,    000h 00m 01.713s,    000h 07m 56.034s
289,    1645,    477679,    000h 00m 01.645s,    000h 07m 57.679s
290,    1629,    479308,    000h 00m 01.629s,    000h 07m 59.308s
291,    1669,    480977,    000h 00m 01.669s,    000h 08m 00.977s
292,    1620,    482597,    000h 00m 01.620s,    000h 08m 02.597s
293,    1726,    484323,    000h 00m 01.726s,    000h 08m 04.323s
294,    1625,    485948,    000h 00m 01.625s,    000h 08m 05.948s
295,    1708,    487656,    000h 00m 01.708s,    000h 08m 07.656s
296,    1722,    489378,    000h 00m 01.722s,    000h 08m 09.378s
297,    1601,    490979,    000h 00m 01.601s,    000h 08m 10.979s
298,    1673,    492652,    000h 00m 01.673s,    000h 08m 12.652s
299,    1716,    494368,    000h 00m 01.716s,    000h 08m 14.368s
300,    1689,    496057,    000h 00m 01.689s,    000h 08m 16.057s
301,    1551,    497608,    000h 00m 01.551s,    000h 08m 17.608s
302,    1732,    499340,    000h 00m 01.732s,    000h 08m 19.340s
303,    1697,    501037,    000h 00m 01.697s,    000h 08m 21.037s
304,    1547,    502584,    000h 00m 01.547s,    000h 08m 22.584s
305,    1743,    504327,    000h 00m 01.743s,    000h 08m 24.327s
306,    1683,    506010,    000h 00m 01.683s,    000h 08m 26.010s
307,    1565,    507575,    000h 00m 01.565s,    000h 08m 27.575s
308,    1577,    509152,    000h 00m 01.577s,    000h 08m 29.152s
309,    1737,    510889,    000h 00m 01.737s,    000h 08m 30.889s
310,    1381,    512270,    000h 00m 01.381s,    000h 08m 32.270s
311,    1674,    513944,    000h 00m 01.674s,    000h 08m 33.944s
312,    1687,    515631,    000h 00m 01.687s,    000h 08m 35.631s
313,    1669,    517300,    000h 00m 01.669s,    000h 08m 37.300s
314,    1680,    518980,    000h 00m 01.680s,    000h 08m 38.980s
315,    1773,    520753,    000h 00m 01.773s,    000h 08m 40.753s
316,    1612,    522365,    000h 00m 01.612s,    000h 08m 42.365s
317,    1745,    524110,    000h 00m 01.745s,    000h 08m 44.110s
318,    1679,    525789,    000h 00m 01.679s,    000h 08m 45.789s
319,    1576,    527365,    000h 00m 01.576s,    000h 08m 47.365s
320,    1611,    528976,    000h 00m 01.611s,    000h 08m 48.976s
321,    1700,    530676,    000h 00m 01.700s,    000h 08m 50.676s
322,    1568,    532244,    000h 00m 01.568s,    000h 08m 52.244s
323,    1756,    534000,    000h 00m 01.756s,    000h 08m 54.000s
324,    1580,    535580,    000h 00m 01.580s,    000h 08m 55.580s
325,    1677,    537257,    000h 00m 01.677s,    000h 08m 57.257s
326,    1349,    538606,    000h 00m 01.349s,    000h 08m 58.606s
327,    1750,    540356,    000h 00m 01.750s,    000h 09m 00.356s
328,    1733,    542089,    000h 00m 01.733s,    000h 09m 02.089s
329,    1745,    543834,    000h 00m 01.745s,    000h 09m 03.834s
330,    1743,    545577,    000h 00m 01.743s,    000h 09m 05.577s
331,    1696,    547273,    000h 00m 01.696s,    000h 09m 07.273s
332,    1730,    549003,    000h 00m 01.730s,    000h 09m 09.003s
333,    1705,    550708,    000h 00m 01.705s,    000h 09m 10.708s
334,    1654,    552362,    000h 00m 01.654s,    000h 09m 12.362s
335,    1751,    554113,    000h 00m 01.751s,    000h 09m 14.113s
336,    1591,    555704,    000h 00m 01.591s,    000h 09m 15.704s
337,    1557,    557261,    000h 00m 01.557s,    000h 09m 17.261s
338,    1555,    558816,    000h 00m 01.555s,    000h 09m 18.816s
339,    1692,    560508,    000h 00m 01.692s,    000h 09m 20.508s
340,    1727,    562235,    000h 00m 01.727s,    000h 09m 22.235s
341,    1700,    563935,    000h 00m 01.700s,    000h 09m 23.935s
342,    1490,    565425,    000h 00m 01.490s,    000h 09m 25.425s
343,    1736,    567161,    000h 00m 01.736s,    000h 09m 27.161s
344,    1681,    568842,    000h 00m 01.681s,    000h 09m 28.842s
345,    1488,    570330,    000h 00m 01.488s,    000h 09m 30.330s
346,    1383,    571713,    000h 00m 01.383s,    000h 09m 31.713s
347,    1572,    573285,    000h 00m 01.572s,    000h 09m 33.285s
348,    1706,    574991,    000h 00m 01.706s,    000h 09m 34.991s
349,    1746,    576737,    000h 00m 01.746s,    000h 09m 36.737s
350,    1544,    578281,    000h 00m 01.544s,    000h 09m 38.281s
351,    1583,    579864,    000h 00m 01.583s,    000h 09m 39.864s
352,    1593,    581457,    000h 00m 01.593s,    000h 09m 41.457s
353,    1788,    583245,    000h 00m 01.788s,    000h 09m 43.245s
354,    1669,    584914,    000h 00m 01.669s,    000h 09m 44.914s
355,    1772,    586686,    000h 00m 01.772s,    000h 09m 46.686s
356,    1741,    588427,    000h 00m 01.741s,    000h 09m 48.427s
357,    1648,    590075,    000h 00m 01.648s,    000h 09m 50.075s
358,    1617,    591692,    000h 00m 01.617s,    000h 09m 51.692s
359,    1578,    593270,    000h 00m 01.578s,    000h 09m 53.270s
360,    1511,    594781,    000h 00m 01.511s,    000h 09m 54.781s
361,    1607,    596388,    000h 00m 01.607s,    000h 09m 56.388s
362,    1767,    598155,    000h 00m 01.767s,    000h 09m 58.155s
363,    1554,    599709,    000h 00m 01.554s,    000h 09m 59.709s
364,    1579,    601288,    000h 00m 01.579s,    000h 10m 01.288s
365,    1713,    603001,    000h 00m 01.713s,    000h 10m 03.001s
366,    1618,    604619,    000h 00m 01.618s,    000h 10m 04.619s
367,    1749,    606368,    000h 00m 01.749s,    000h 10m 06.368s
368,    1715,    608083,    000h 00m 01.715s,    000h 10m 08.083s
369,    1739,    609822,    000h 00m 01.739s,    000h 10m 09.822s
370,    1778,    611600,    000h 00m 01.778s,    000h 10m 11.600s
371,    1357,    612957,    000h 00m 01.357s,    000h 10m 12.957s
372,    1601,    614558,    000h 00m 01.601s,    000h 10m 14.558s
373,    1630,    616188,    000h 00m 01.630s,    000h 10m 16.188s
374,    1670,    617858,    000h 00m 01.670s,    000h 10m 17.858s
375,    1547,    619405,    000h 00m 01.547s,    000h 10m 19.405s
376,    1586,    620991,    000h 00m 01.586s,    000h 10m 20.991s
377,    1623,    622614,    000h 00m 01.623s,    000h 10m 22.614s
378,    1717,    624331,    000h 00m 01.717s,    000h 10m 24.331s
379,    1561,    625892,    000h 00m 01.561s,    000h 10m 25.892s
380,    1590,    627482,    000h 00m 01.590s,    000h 10m 27.482s
381,    1758,    629240,    000h 00m 01.758s,    000h 10m 29.240s
382,    1343,    630583,    000h 00m 01.343s,    000h 10m 30.583s
383,    1682,    632265,    000h 00m 01.682s,    000h 10m 32.265s
384,    1754,    634019,    000h 00m 01.754s,    000h 10m 34.019s
385,    1357,    635376,    000h 00m 01.357s,    000h 10m 35.376s
386,    1477,    636853,    000h 00m 01.477s,    000h 10m 36.853s
387,    1569,    638422,    000h 00m 01.569s,    000h 10m 38.422s
388,    1738,    640160,    000h 00m 01.738s,    000h 10m 40.160s
389,    1580,    641740,    000h 00m 01.580s,    000h 10m 41.740s
390,    1603,    643343,    000h 00m 01.603s,    000h 10m 43.343s
391,    1736,    645079,    000h 00m 01.736s,    000h 10m 45.079s
392,    1573,    646652,    000h 00m 01.573s,    000h 10m 46.652s
393,    1694,    648346,    000h 00m 01.694s,    000h 10m 48.346s
394,    1627,    649973,    000h 00m 01.627s,    000h 10m 49.973s
395,    1754,    651727,    000h 00m 01.754s,    000h 10m 51.727s
396,    1716,    653443,    000h 00m 01.716s,    000h 10m 53.443s
397,    1662,    655105,    000h 00m 01.662s,    000h 10m 55.105s
398,    1705,    656810,    000h 00m 01.705s,    000h 10m 56.810s
399,    1310,    658120,    000h 00m 01.310s,    000h 10m 58.120s
400,    1602,    659722,    000h 00m 01.602s,    000h 10m 59.722s
401,    1717,    661439,    000h 00m 01.717s,    000h 11m 01.439s
402,    1646,    663085,    000h 00m 01.646s,    000h 11m 03.085s
403,    1683,    664768,    000h 00m 01.683s,    000h 11m 04.768s
404,    1767,    666535,    000h 00m 01.767s,    000h 11m 06.535s
405,    1662,    668197,    000h 00m 01.662s,    000h 11m 08.197s
406,    1714,    669911,    000h 00m 01.714s,    000h 11m 09.911s
407,    1569,    671480,    000h 00m 01.569s,    000h 11m 11.480s
408,    1642,    673122,    000h 00m 01.642s,    000h 11m 13.122s
409,    1557,    674679,    000h 00m 01.557s,    000h 11m 14.679s
410,    1644,    676323,    000h 00m 01.644s,    000h 11m 16.323s
411,    1601,    677924,    000h 00m 01.601s,    000h 11m 17.924s
412,    1794,    679718,    000h 00m 01.794s,    000h 11m 19.718s
413,    1725,    681443,    000h 00m 01.725s,    000h 11m 21.443s
414,    1662,    683105,    000h 00m 01.662s,    000h 11m 23.105s
415,    1709,    684814,    000h 00m 01.709s,    000h 11m 24.814s
416,    1746,    686560,    000h 00m 01.746s,    000h 11m 26.560s
417,    1716,    688276,    000h 00m 01.716s,    000h 11m 28.276s
418,    1710,    689986,    000h 00m 01.710s,    000h 11m 29.986s
419,    1570,    691556,    000h 00m 01.570s,    000h 11m 31.556s
420,    1747,    693303,    000h 00m 01.747s,    000h 11m 33.303s
421,    1359,    694662,    000h 00m 01.359s,    000h 11m 34.662s
422,    1735,    696397,    000h 00m 01.735s,    000h 11m 36.397s
423,    1630,    698027,    000h 00m 01.630s,    000h 11m 38.027s
424,    1729,    699756,    000h 00m 01.729s,    000h 11m 39.756s
425,    1570,    701326,    000h 00m 01.570s,    000h 11m 41.326s
426,    1730,    703056,    000h 00m 01.730s,    000h 11m 43.056s
427,    1706,    704762,    000h 00m 01.706s,    000h 11m 44.762s
428,    1724,    706486,    000h 00m 01.724s,    000h 11m 46.486s
429,    1648,    708134,    000h 00m 01.648s,    000h 11m 48.134s
430,    1607,    709741,    000h 00m 01.607s,    000h 11m 49.741s
431,    1367,    711108,    000h 00m 01.367s,    000h 11m 51.108s
432,    1658,    712766,    000h 00m 01.658s,    000h 11m 52.766s
433,    1749,    714515,    000h 00m 01.749s,    000h 11m 54.515s
434,    1703,    716218,    000h 00m 01.703s,    000h 11m 56.218s
435,    1762,    717980,    000h 00m 01.762s,    000h 11m 57.980s
436,    1551,    719531,    000h 00m 01.551s,    000h 11m 59.531s
437,    1689,    721220,    000h 00m 01.689s,    000h 12m 01.220s
438,    1671,    722891,    000h 00m 01.671s,    000h 12m 02.891s
439,    1562,    724453,    000h 00m 01.562s,    000h 12m 04.453s
440,    1577,    726030,    000h 00m 01.577s,    000h 12m 06.030s
441,    1654,    727684,    000h 00m 01.654s,    000h 12m 07.684s
442,    1661,    729345,    000h 00m 01.661s,    000h 12m 09.345s
443,    1611,    730956,    000h 00m 01.611s,    000h 12m 10.956s
444,    1741,    732697,    000h 00m 01.741s,    000h 12m 12.697s
445,    1553,    734250,    000h 00m 01.553s,    000h 12m 14.250s
446,    1671,    735921,    000h 00m 01.671s,    000h 12m 15.921s
447,    1753,    737674,    000h 00m 01.753s,    000h 12m 17.674s
448,    1764,    739438,    000h 00m 01.764s,    000h 12m 19.438s
449,    1551,    740989,    000h 00m 01.551s,    000h 12m 20.989s
450,    1754,    742743,    000h 00m 01.754s,    000h 12m 22.743s
451,    1696,    744439,    000h 00m 01.696s,    000h 12m 24.439s
452,    1549,    745988,    000h 00m 01.549s,    000h 12m 25.988s
453,    1602,    747590,    000h 00m 01.602s,    000h 12m 27.590s
454,    1693,    749283,    000h 00m 01.693s,    000h 12m 29.283s
455,    1726,    751009,    000h 00m 01.726s,    000h 12m 31.009s
456,    1551,    752560,    000h 00m 01.551s,    000h 12m 32.560s
457,    1734,    754294,    000h 00m 01.734s,    000h 12m 34.294s
458,    1647,    755941,    000h 00m 01.647s,    000h 12m 35.941s
459,    1783,    757724,    000h 00m 01.783s,    000h 12m 37.724s
460,    1711,    759435,    000h 00m 01.711s,    000h 12m 39.435s
461,    1535,    760970,    000h 00m 01.535s,    000h 12m 40.970s
462,    1533,    762503,    000h 00m 01.533s,    000h 12m 42.503s
463,    1727,    764230,    000h 00m 01.727s,    000h 12m 44.230s
464,    1688,    765918,    000h 00m 01.688s,    000h 12m 45.918s
465,    1621,    767539,    000h 00m 01.621s,    000h 12m 47.539s
466,    1581,    769120,    000h 00m 01.581s,    000h 12m 49.120s
467,    1592,    770712,    000h 00m 01.592s,    000h 12m 50.712s
468,    1790,    772502,    000h 00m 01.790s,    000h 12m 52.502s
469,    1685,    774187,    000h 00m 01.685s,    000h 12m 54.187s
470,    1759,    775946,    000h 00m 01.759s,    000h 12m 55.946s
471,    1594,    777540,    000h 00m 01.594s,    000h 12m 57.540s
472,    1677,    779217,    000h 00m 01.677s,    000h 12m 59.217s
473,    1571,    780788,    000h 00m 01.571s,    000h 13m 00.788s
474,    1729,    782517,    000h 00m 01.729s,    000h 13m 02.517s
475,    1721,    784238,    000h 00m 01.721s,    000h 13m 04.238s
476,    1567,    785805,    000h 00m 01.567s,    000h 13m 05.805s
477,    1738,    787543,    000h 00m 01.738s,    000h 13m 07.543s
478,    1770,    789313,    000h 00m 01.770s,    000h 13m 09.313s
479,    1744,    791057,    000h 00m 01.744s,    000h 13m 11.057s
480,    1551,    792608,    000h 00m 01.551s,    000h 13m 12.608s
481,    1650,    794258,    000h 00m 01.650s,    000h 13m 14.258s
482,    1672,    795930,    000h 00m 01.672s,    000h 13m 15.930s
483,    1590,    797520,    000h 00m 01.590s,    000h 13m 17.520s
484,    1525,    799045,    000h 00m 01.525s,    000h 13m 19.045s
485,    1758,    800803,    000h 00m 01.758s,    000h 13m 20.803s
486,    1691,    802494,    000h 00m 01.691s,    000h 13m 22.494s
487,    1606,    804100,    000h 00m 01.606s,    000h 13m 24.100s
488,    1378,    805478,    000h 00m 01.378s,    000h 13m 25.478s
489,    1802,    807280,    000h 00m 01.802s,    000h 13m 27.280s
490,    1792,    809072,    000h 00m 01.792s,    000h 13m 29.072s
491,    1743,    810815,    000h 00m 01.743s,    000h 13m 30.815s
492,    1682,    812497,    000h 00m 01.682s,    000h 13m 32.497s
493,    1571,    814068,    000h 00m 01.571s,    000h 13m 34.068s
494,    1722,    815790,    000h 00m 01.722s,    000h 13m 35.790s
495,    1740,    817530,    000h 00m 01.740s,    000h 13m 37.530s
496,    1693,    819223,    000h 00m 01.693s,    000h 13m 39.223s
497,    1681,    820904,    000h 00m 01.681s,    000h 13m 40.904s
498,    1738,    822642,    000h 00m 01.738s,    000h 13m 42.642s
499,    1780,    824422,    000h 00m 01.780s,    000h 13m 44.422s
500,    1720,    826142,    000h 00m 01.720s,    000h 13m 46.142s
501,    1649,    827791,    000h 00m 01.649s,    000h 13m 47.791s
502,    1732,    829523,    000h 00m 01.732s,    000h 13m 49.523s
503,    1563,    831086,    000h 00m 01.563s,    000h 13m 51.086s
504,    1324,    832410,    000h 00m 01.324s,    000h 13m 52.410s
505,    1585,    833995,    000h 00m 01.585s,    000h 13m 53.995s
506,    1551,    835546,    000h 00m 01.551s,    000h 13m 55.546s
507,    1752,    837298,    000h 00m 01.752s,    000h 13m 57.298s
508,    1704,    839002,    000h 00m 01.704s,    000h 13m 59.002s
509,    1702,    840704,    000h 00m 01.702s,    000h 14m 00.704s
510,    1644,    842348,    000h 00m 01.644s,    000h 14m 02.348s
511,    1747,    844095,    000h 00m 01.747s,    000h 14m 04.095s
512,    1688,    845783,    000h 00m 01.688s,    000h 14m 05.783s
513,    1544,    847327,    000h 00m 01.544s,    000h 14m 07.327s
514,    1719,    849046,    000h 00m 01.719s,    000h 14m 09.046s
515,    1531,    850577,    000h 00m 01.531s,    000h 14m 10.577s
516,    1643,    852220,    000h 00m 01.643s,    000h 14m 12.220s
517,    1589,    853809,    000h 00m 01.589s,    000h 14m 13.809s
518,    1650,    855459,    000h 00m 01.650s,    000h 14m 15.459s
519,    1722,    857181,    000h 00m 01.722s,    000h 14m 17.181s
520,    1347,    858528,    000h 00m 01.347s,    000h 14m 18.528s
521,    1599,    860127,    000h 00m 01.599s,    000h 14m 20.127s
522,    1696,    861823,    000h 00m 01.696s,    000h 14m 21.823s
523,    1555,    863378,    000h 00m 01.555s,    000h 14m 23.378s
524,    1561,    864939,    000h 00m 01.561s,    000h 14m 24.939s
525,    1318,    866257,    000h 00m 01.318s,    000h 14m 26.257s
526,    1662,    867919,    000h 00m 01.662s,    000h 14m 27.919s
527,    1600,    869519,    000h 00m 01.600s,    000h 14m 29.519s
528,    1611,    871130,    000h 00m 01.611s,    000h 14m 31.130s
529,    1439,    872569,    000h 00m 01.439s,    000h 14m 32.569s
530,    1565,    874134,    000h 00m 01.565s,    000h 14m 34.134s
531,    1700,    875834,    000h 00m 01.700s,    000h 14m 35.834s
532,    1706,    877540,    000h 00m 01.706s,    000h 14m 37.540s
533,    1531,    879071,    000h 00m 01.531s,    000h 14m 39.071s
534,    1638,    880709,    000h 00m 01.638s,    000h 14m 40.709s
535,    1757,    882466,    000h 00m 01.757s,    000h 14m 42.466s
536,    1705,    884171,    000h 00m 01.705s,    000h 14m 44.171s
537,    1591,    885762,    000h 00m 01.591s,    000h 14m 45.762s
538,    1745,    887507,    000h 00m 01.745s,    000h 14m 47.507s
539,    1678,    889185,    000h 00m 01.678s,    000h 14m 49.185s
540,    1646,    890831,    000h 00m 01.646s,    000h 14m 50.831s
541,    1743,    892574,    000h 00m 01.743s,    000h 14m 52.574s
542,    1705,    894279,    000h 00m 01.705s,    000h 14m 54.279s
543,    1628,    895907,    000h 00m 01.628s,    000h 14m 55.907s
544,    1674,    897581,    000h 00m 01.674s,    000h 14m 57.581s
545,    1759,    899340,    000h 00m 01.759s,    000h 14m 59.340s
546,    1655,    900995,    000h 00m 01.655s,    000h 15m 00.995s
547,    1638,    902633,    000h 00m 01.638s,    000h 15m 02.633s
548,    1684,    904317,    000h 00m 01.684s,    000h 15m 04.317s
549,    1617,    905934,    000h 00m 01.617s,    000h 15m 05.934s
550,    1649,    907583,    000h 00m 01.649s,    000h 15m 07.583s
551,    1734,    909317,    000h 00m 01.734s,    000h 15m 09.317s
552,    1664,    910981,    000h 00m 01.664s,    000h 15m 10.981s
553,    1728,    912709,    000h 00m 01.728s,    000h 15m 12.709s
554,    1708,    914417,    000h 00m 01.708s,    000h 15m 14.417s
555,    1646,    916063,    000h 00m 01.646s,    000h 15m 16.063s
556,    1701,    917764,    000h 00m 01.701s,    000h 15m 17.764s
557,    1711,    919475,    000h 00m 01.711s,    000h 15m 19.475s
558,    1705,    921180,    000h 00m 01.705s,    000h 15m 21.180s
559,    1369,    922549,    000h 00m 01.369s,    000h 15m 22.549s
560,    1722,    924271,    000h 00m 01.722s,    000h 15m 24.271s
561,    1564,    925835,    000h 00m 01.564s,    000h 15m 25.835s
562,    1606,    927441,    000h 00m 01.606s,    000h 15m 27.441s
563,    1757,    929198,    000h 00m 01.757s,    000h 15m 29.198s
564,    1558,    930756,    000h 00m 01.558s,    000h 15m 30.756s
565,    1360,    932116,    000h 00m 01.360s,    000h 15m 32.116s
566,    1715,    933831,    000h 00m 01.715s,    000h 15m 33.831s
567,    1761,    935592,    000h 00m 01.761s,    000h 15m 35.592s
568,    1566,    937158,    000h 00m 01.566s,    000h 15m 37.158s
569,    1593,    938751,    000h 00m 01.593s,    000h 15m 38.751s
570,    1736,    940487,    000h 00m 01.736s,    000h 15m 40.487s
571,    1684,    942171,    000h 00m 01.684s,    000h 15m 42.171s
572,    1728,    943899,    000h 00m 01.728s,    000h 15m 43.899s
573,    1725,    945624,    000h 00m 01.725s,    000h 15m 45.624s
574,    1688,    947312,    000h 00m 01.688s,    000h 15m 47.312s
575,    1649,    948961,    000h 00m 01.649s,    000h 15m 48.961s
576,    1603,    950564,    000h 00m 01.603s,    000h 15m 50.564s
577,    1642,    952206,    000h 00m 01.642s,    000h 15m 52.206s
578,    1748,    953954,    000h 00m 01.748s,    000h 15m 53.954s
579,    1625,    955579,    000h 00m 01.625s,    000h 15m 55.579s
580,    1709,    957288,    000h 00m 01.709s,    000h 15m 57.288s
581,    1632,    958920,    000h 00m 01.632s,    000h 15m 58.920s
582,    1679,    960599,    000h 00m 01.679s,    000h 16m 00.599s
583,    1757,    962356,    000h 00m 01.757s,    000h 16m 02.356s
584,    1598,    963954,    000h 00m 01.598s,    000h 16m 03.954s
585,    1702,    965656,    000h 00m 01.702s,    000h 16m 05.656s
586,    1745,    967401,    000h 00m 01.745s,    000h 16m 07.401s
587,    1738,    969139,    000h 00m 01.738s,    000h 16m 09.139s
588,    1688,    970827,    000h 00m 01.688s,    000h 16m 10.827s
589,    1720,    972547,    000h 00m 01.720s,    000h 16m 12.547s
590,    1731,    974278,    000h 00m 01.731s,    000h 16m 14.278s
591,    1587,    975865,    000h 00m 01.587s,    000h 16m 15.865s
592,    1572,    977437,    000h 00m 01.572s,    000h 16m 17.437s
593,    1627,    979064,    000h 00m 01.627s,    000h 16m 19.064s
594,    1747,    980811,    000h 00m 01.747s,    000h 16m 20.811s
595,    1578,    982389,    000h 00m 01.578s,    000h 16m 22.389s
596,    1639,    984028,    000h 00m 01.639s,    000h 16m 24.028s
597,    1567,    985595,    000h 00m 01.567s,    000h 16m 25.595s
598,    1573,    987168,    000h 00m 01.573s,    000h 16m 27.168s
599,    1651,    988819,    000h 00m 01.651s,    000h 16m 28.819s
600,    1730,    990549,    000h 00m 01.730s,    000h 16m 30.549s
601,    1674,    992223,    000h 00m 01.674s,    000h 16m 32.223s
602,    1668,    993891,    000h 00m 01.668s,    000h 16m 33.891s
603,    1761,    995652,    000h 00m 01.761s,    000h 16m 35.652s
604,    1737,    997389,    000h 00m 01.737s,    000h 16m 37.389s
605,    1674,    999063,    000h 00m 01.674s,    000h 16m 39.063s
606,    1570,    1000633,    000h 00m 01.570s,    000h 16m 40.633s
607,    1653,    1002286,    000h 00m 01.653s,    000h 16m 42.286s
608,    1707,    1003993,    000h 00m 01.707s,    000h 16m 43.993s
609,    1697,    1005690,    000h 00m 01.697s,    000h 16m 45.690s
610,    1701,    1007391,    000h 00m 01.701s,    000h 16m 47.391s
611,    1690,    1009081,    000h 00m 01.690s,    000h 16m 49.081s
612,    1544,    1010625,    000h 00m 01.544s,    000h 16m 50.625s
613,    1719,    1012344,    000h 00m 01.719s,    000h 16m 52.344s
614,    1691,    1014035,    000h 00m 01.691s,    000h 16m 54.035s
615,    1749,    1015784,    000h 00m 01.749s,    000h 16m 55.784s
616,    1552,    1017336,    000h 00m 01.552s,    000h 16m 57.336s
617,    1761,    1019097,    000h 00m 01.761s,    000h 16m 59.097s
618,    1732,    1020829,    000h 00m 01.732s,    000h 17m 00.829s
619,    1761,    1022590,    000h 00m 01.761s,    000h 17m 02.590s
620,    1706,    1024296,    000h 00m 01.706s,    000h 17m 04.296s
621,    1557,    1025853,    000h 00m 01.557s,    000h 17m 05.853s
622,    1745,    1027598,    000h 00m 01.745s,    000h 17m 07.598s
623,    1545,    1029143,    000h 00m 01.545s,    000h 17m 09.143s
624,    1707,    1030850,    000h 00m 01.707s,    000h 17m 10.850s
625,    1597,    1032447,    000h 00m 01.597s,    000h 17m 12.447s
626,    1715,    1034162,    000h 00m 01.715s,    000h 17m 14.162s
627,    1620,    1035782,    000h 00m 01.620s,    000h 17m 15.782s
628,    1558,    1037340,    000h 00m 01.558s,    000h 17m 17.340s
629,    1718,    1039058,    000h 00m 01.718s,    000h 17m 19.058s
630,    1745,    1040803,    000h 00m 01.745s,    000h 17m 20.803s
631,    1550,    1042353,    000h 00m 01.550s,    000h 17m 22.353s
632,    1718,    1044071,    000h 00m 01.718s,    000h 17m 24.071s
633,    1563,    1045634,    000h 00m 01.563s,    000h 17m 25.634s
634,    1695,    1047329,    000h 00m 01.695s,    000h 17m 27.329s
635,    1617,    1048946,    000h 00m 01.617s,    000h 17m 28.946s
636,    1372,    1050318,    000h 00m 01.372s,    000h 17m 30.318s
637,    1541,    1051859,    000h 00m 01.541s,    000h 17m 31.859s
638,    1749,    1053608,    000h 00m 01.749s,    000h 17m 33.608s
639,    1729,    1055337,    000h 00m 01.729s,    000h 17m 35.337s
640,    1568,    1056905,    000h 00m 01.568s,    000h 17m 36.905s
641,    1752,    1058657,    000h 00m 01.752s,    000h 17m 38.657s
642,    1735,    1060392,    000h 00m 01.735s,    000h 17m 40.392s
643,    1617,    1062009,    000h 00m 01.617s,    000h 17m 42.009s
644,    1354,    1063363,    000h 00m 01.354s,    000h 17m 43.363s
645,    1768,    1065131,    000h 00m 01.768s,    000h 17m 45.131s
646,    1563,    1066694,    000h 00m 01.563s,    000h 17m 46.694s
647,    1707,    1068401,    000h 00m 01.707s,    000h 17m 48.401s
648,    1739,    1070140,    000h 00m 01.739s,    000h 17m 50.140s
649,    1745,    1071885,    000h 00m 01.745s,    000h 17m 51.885s
650,    1754,    1073639,    000h 00m 01.754s,    000h 17m 53.639s
651,    1606,    1075245,    000h 00m 01.606s,    000h 17m 55.245s
652,    1600,    1076845,    000h 00m 01.600s,    000h 17m 56.845s
653,    1564,    1078409,    000h 00m 01.564s,    000h 17m 58.409s
654,    1758,    1080167,    000h 00m 01.758s,    000h 18m 00.167s
655,    1668,    1081835,    000h 00m 01.668s,    000h 18m 01.835s
656,    1553,    1083388,    000h 00m 01.553s,    000h 18m 03.388s
657,    1742,    1085130,    000h 00m 01.742s,    000h 18m 05.130s
658,    1605,    1086735,    000h 00m 01.605s,    000h 18m 06.735s
659,    1734,    1088469,    000h 00m 01.734s,    000h 18m 08.469s
660,    1703,    1090172,    000h 00m 01.703s,    000h 18m 10.172s
661,    1592,    1091764,    000h 00m 01.592s,    000h 18m 11.764s
662,    1532,    1093296,    000h 00m 01.532s,    000h 18m 13.296s
663,    1734,    1095030,    000h 00m 01.734s,    000h 18m 15.030s
664,    1723,    1096753,    000h 00m 01.723s,    000h 18m 16.753s
665,    1727,    1098480,    000h 00m 01.727s,    000h 18m 18.480s
666,    1560,    1100040,    000h 00m 01.560s,    000h 18m 20.040s
667,    1697,    1101737,    000h 00m 01.697s,    000h 18m 21.737s
668,    1730,    1103467,    000h 00m 01.730s,    000h 18m 23.467s
669,    1717,    1105184,    000h 00m 01.717s,    000h 18m 25.184s
670,    1763,    1106947,    000h 00m 01.763s,    000h 18m 26.947s
671,    1788,    1108735,    000h 00m 01.788s,    000h 18m 28.735s
672,    1604,    1110339,    000h 00m 01.604s,    000h 18m 30.339s
673,    1668,    1112007,    000h 00m 01.668s,    000h 18m 32.007s
674,    1610,    1113617,    000h 00m 01.610s,    000h 18m 33.617s
675,    1701,    1115318,    000h 00m 01.701s,    000h 18m 35.318s
676,    1693,    1117011,    000h 00m 01.693s,    000h 18m 37.011s
677,    1690,    1118701,    000h 00m 01.690s,    000h 18m 38.701s
678,    1672,    1120373,    000h 00m 01.672s,    000h 18m 40.373s
679,    1690,    1122063,    000h 00m 01.690s,    000h 18m 42.063s
680,    1720,    1123783,    000h 00m 01.720s,    000h 18m 43.783s
681,    1750,    1125533,    000h 00m 01.750s,    000h 18m 45.533s
682,    1648,    1127181,    000h 00m 01.648s,    000h 18m 47.181s
683,    1683,    1128864,    000h 00m 01.683s,    000h 18m 48.864s
684,    1616,    1130480,    000h 00m 01.616s,    000h 18m 50.480s
685,    1669,    1132149,    000h 00m 01.669s,    000h 18m 52.149s
686,    1600,    1133749,    000h 00m 01.600s,    000h 18m 53.749s
687,    1638,    1135387,    000h 00m 01.638s,    000h 18m 55.387s
688,    1758,    1137145,    000h 00m 01.758s,    000h 18m 57.145s
689,    1662,    1138807,    000h 00m 01.662s,    000h 18m 58.807s
690,    1748,    1140555,    000h 00m 01.748s,    000h 19m 00.555s
691,    1757,    1142312,    000h 00m 01.757s,    000h 19m 02.312s
692,    1728,    1144040,    000h 00m 01.728s,    000h 19m 04.040s
693,    1704,    1145744,    000h 00m 01.704s,    000h 19m 05.744s
694,    1638,    1147382,    000h 00m 01.638s,    000h 19m 07.382s
695,    1652,    1149034,    000h 00m 01.652s,    000h 19m 09.034s
696,    1732,    1150766,    000h 00m 01.732s,    000h 19m 10.766s
697,    1783,    1152549,    000h 00m 01.783s,    000h 19m 12.549s
698,    1693,    1154242,    000h 00m 01.693s,    000h 19m 14.242s
699,    1732,    1155974,    000h 00m 01.732s,    000h 19m 15.974s
700,    1601,    1157575,    000h 00m 01.601s,    000h 19m 17.575s
701,    1758,    1159333,    000h 00m 01.758s,    000h 19m 19.333s
702,    1749,    1161082,    000h 00m 01.749s,    000h 19m 21.082s
703,    1741,    1162823,    000h 00m 01.741s,    000h 19m 22.823s
704,    1741,    1164564,    000h 00m 01.741s,    000h 19m 24.564s
705,    1603,    1166167,    000h 00m 01.603s,    000h 19m 26.167s
706,    1607,    1167774,    000h 00m 01.607s,    000h 19m 27.774s
707,    1569,    1169343,    000h 00m 01.569s,    000h 19m 29.343s
708,    1771,    1171114,    000h 00m 01.771s,    000h 19m 31.114s
709,    1630,    1172744,    000h 00m 01.630s,    000h 19m 32.744s
710,    1753,    1174497,    000h 00m 01.753s,    000h 19m 34.497s
711,    1632,    1176129,    000h 00m 01.632s,    000h 19m 36.129s
712,    1739,    1177868,    000h 00m 01.739s,    000h 19m 37.868s
713,    1732,    1179600,    000h 00m 01.732s,    000h 19m 39.600s
714,    1538,    1181138,    000h 00m 01.538s,    000h 19m 41.138s
715,    1768,    1182906,    000h 00m 01.768s,    000h 19m 42.906s
716,    1731,    1184637,    000h 00m 01.731s,    000h 19m 44.637s
717,    1753,    1186390,    000h 00m 01.753s,    000h 19m 46.390s
718,    1729,    1188119,    000h 00m 01.729s,    000h 19m 48.119s
719,    1639,    1189758,    000h 00m 01.639s,    000h 19m 49.758s
720,    1623,    1191381,    000h 00m 01.623s,    000h 19m 51.381s
721,    1643,    1193024,    000h 00m 01.643s,    000h 19m 53.024s
722,    1740,    1194764,    000h 00m 01.740s,    000h 19m 54.764s
723,    1595,    1196359,    000h 00m 01.595s,    000h 19m 56.359s
724,    1337,    1197696,    000h 00m 01.337s,    000h 19m 57.696s
725,    1706,    1199402,    000h 00m 01.706s,    000h 19m 59.402s
726,    1745,    1201147,    000h 00m 01.745s,    000h 20m 01.147s
727,    1748,    1202895,    000h 00m 01.748s,    000h 20m 02.895s
728,    1685,    1204580,    000h 00m 01.685s,    000h 20m 04.580s
729,    1721,    1206301,    000h 00m 01.721s,    000h 20m 06.301s
730,    1789,    1208090,    000h 00m 01.789s,    000h 20m 08.090s
731,    1607,    1209697,    000h 00m 01.607s,    000h 20m 09.697s
732,    1598,    1211295,    000h 00m 01.598s,    000h 20m 11.295s
733,    1735,    1213030,    000h 00m 01.735s,    000h 20m 13.030s
734,    1708,    1214738,    000h 00m 01.708s,    000h 20m 14.738s
735,    1606,    1216344,    000h 00m 01.606s,    000h 20m 16.344s
736,    1735,    1218079,    000h 00m 01.735s,    000h 20m 18.079s
737,    1643,    1219722,    000h 00m 01.643s,    000h 20m 19.722s
738,    1714,    1221436,    000h 00m 01.714s,    000h 20m 21.436s
739,    1729,    1223165,    000h 00m 01.729s,    000h 20m 23.165s
740,    1683,    1224848,    000h 00m 01.683s,    000h 20m 24.848s
741,    1534,    1226382,    000h 00m 01.534s,    000h 20m 26.382s
742,    1646,    1228028,    000h 00m 01.646s,    000h 20m 28.028s
743,    1751,    1229779,    000h 00m 01.751s,    000h 20m 29.779s
744,    1613,    1231392,    000h 00m 01.613s,    000h 20m 31.392s
745,    1679,    1233071,    000h 00m 01.679s,    000h 20m 33.071s
746,    1707,    1234778,    000h 00m 01.707s,    000h 20m 34.778s
747,    1682,    1236460,    000h 00m 01.682s,    000h 20m 36.460s
748,    1732,    1238192,    000h 00m 01.732s,    000h 20m 38.192s
749,    1698,    1239890,    000h 00m 01.698s,    000h 20m 39.890s
750,    1559,    1241449,    000h 00m 01.559s,    000h 20m 41.449s
751,    1694,    1243143,    000h 00m 01.694s,    000h 20m 43.143s
752,    1697,    1244840,    000h 00m 01.697s,    000h 20m 44.840s
753,    1758,    1246598,    000h 00m 01.758s,    000h 20m 46.598s
754,    1731,    1248329,    000h 00m 01.731s,    000h 20m 48.329s
755,    1609,    1249938,    000h 00m 01.609s,    000h 20m 49.938s
756,    1746,    1251684,    000h 00m 01.746s,    000h 20m 51.684s
757,    1316,    1253000,    000h 00m 01.316s,    000h 20m 53.000s
758,    1663,    1254663,    000h 00m 01.663s,    000h 20m 54.663s
759,    1674,    1256337,    000h 00m 01.674s,    000h 20m 56.337s
760,    1741,    1258078,    000h 00m 01.741s,    000h 20m 58.078s
761,    1601,    1259679,    000h 00m 01.601s,    000h 20m 59.679s
762,    1691,    1261370,    000h 00m 01.691s,    000h 21m 01.370s
763,    1566,    1262936,    000h 00m 01.566s,    000h 21m 02.936s
764,    1530,    1264466,    000h 00m 01.530s,    000h 21m 04.466s
765,    1706,    1266172,    000h 00m 01.706s,    000h 21m 06.172s
766,    1754,    1267926,    000h 00m 01.754s,    000h 21m 07.926s
767,    1739,    1269665,    000h 00m 01.739s,    000h 21m 09.665s
768,    1663,    1271328,    000h 00m 01.663s,    000h 21m 11.328s
769,    1622,    1272950,    000h 00m 01.622s,    000h 21m 12.950s
770,    1689,    1274639,    000h 00m 01.689s,    000h 21m 14.639s
771,    1751,    1276390,    000h 00m 01.751s,    000h 21m 16.390s
772,    1312,    1277702,    000h 00m 01.312s,    000h 21m 17.702s
773,    1705,    1279407,    000h 00m 01.705s,    000h 21m 19.407s
774,    1752,    1281159,    000h 00m 01.752s,    000h 21m 21.159s
775,    1737,    1282896,    000h 00m 01.737s,    000h 21m 22.896s
776,    1732,    1284628,    000h 00m 01.732s,    000h 21m 24.628s
777,    1753,    1286381,    000h 00m 01.753s,    000h 21m 26.381s
778,    1603,    1287984,    000h 00m 01.603s,    000h 21m 27.984s
779,    1731,    1289715,    000h 00m 01.731s,    000h 21m 29.715s
780,    1570,    1291285,    000h 00m 01.570s,    000h 21m 31.285s
781,    1354,    1292639,    000h 00m 01.354s,    000h 21m 32.639s
782,    1656,    1294295,    000h 00m 01.656s,    000h 21m 34.295s
783,    1590,    1295885,    000h 00m 01.590s,    000h 21m 35.885s
784,    1745,    1297630,    000h 00m 01.745s,    000h 21m 37.630s
785,    1728,    1299358,    000h 00m 01.728s,    000h 21m 39.358s
786,    1596,    1300954,    000h 00m 01.596s,    000h 21m 40.954s
787,    1699,    1302653,    000h 00m 01.699s,    000h 21m 42.653s
788,    1675,    1304328,    000h 00m 01.675s,    000h 21m 44.328s
789,    1804,    1306132,    000h 00m 01.804s,    000h 21m 46.132s
790,    1567,    1307699,    000h 00m 01.567s,    000h 21m 47.699s
791,    1721,    1309420,    000h 00m 01.721s,    000h 21m 49.420s
792,    1331,    1310751,    000h 00m 01.331s,    000h 21m 50.751s
793,    1601,    1312352,    000h 00m 01.601s,    000h 21m 52.352s
794,    1694,    1314046,    000h 00m 01.694s,    000h 21m 54.046s
795,    1355,    1315401,    000h 00m 01.355s,    000h 21m 55.401s
796,    1567,    1316968,    000h 00m 01.567s,    000h 21m 56.968s
797,    1766,    1318734,    000h 00m 01.766s,    000h 21m 58.734s
798,    1686,    1320420,    000h 00m 01.686s,    000h 22m 00.420s
799,    1727,    1322147,    000h 00m 01.727s,    000h 22m 02.147s
800,    1565,    1323712,    000h 00m 01.565s,    000h 22m 03.712s
801,    1763,    1325475,    000h 00m 01.763s,    000h 22m 05.475s
802,    1562,    1327037,    000h 00m 01.562s,    000h 22m 07.037s
803,    1658,    1328695,    000h 00m 01.658s,    000h 22m 08.695s
804,    1623,    1330318,    000h 00m 01.623s,    000h 22m 10.318s
805,    1779,    1332097,    000h 00m 01.779s,    000h 22m 12.097s
806,    1724,    1333821,    000h 00m 01.724s,    000h 22m 13.821s
807,    1695,    1335516,    000h 00m 01.695s,    000h 22m 15.516s
808,    1741,    1337257,    000h 00m 01.741s,    000h 22m 17.257s
809,    1721,    1338978,    000h 00m 01.721s,    000h 22m 18.978s
810,    1685,    1340663,    000h 00m 01.685s,    000h 22m 20.663s
811,    1664,    1342327,    000h 00m 01.664s,    000h 22m 22.327s
812,    1564,    1343891,    000h 00m 01.564s,    000h 22m 23.891s
813,    1583,    1345474,    000h 00m 01.583s,    000h 22m 25.474s
814,    1769,    1347243,    000h 00m 01.769s,    000h 22m 27.243s
815,    1586,    1348829,    000h 00m 01.586s,    000h 22m 28.829s
816,    1661,    1350490,    000h 00m 01.661s,    000h 22m 30.490s
817,    1550,    1352040,    000h 00m 01.550s,    000h 22m 32.040s
818,    1690,    1353730,    000h 00m 01.690s,    000h 22m 33.730s
819,    1581,    1355311,    000h 00m 01.581s,    000h 22m 35.311s
820,    1342,    1356653,    000h 00m 01.342s,    000h 22m 36.653s
821,    1427,    1358080,    000h 00m 01.427s,    000h 22m 38.080s
822,    1601,    1359681,    000h 00m 01.601s,    000h 22m 39.681s
823,    1747,    1361428,    000h 00m 01.747s,    000h 22m 41.428s
824,    1762,    1363190,    000h 00m 01.762s,    000h 22m 43.190s
825,    1764,    1364954,    000h 00m 01.764s,    000h 22m 44.954s
826,    1771,    1366725,    000h 00m 01.771s,    000h 22m 46.725s
827,    1748,    1368473,    000h 00m 01.748s,    000h 22m 48.473s
828,    1669,    1370142,    000h 00m 01.669s,    000h 22m 50.142s
829,    1671,    1371813,    000h 00m 01.671s,    000h 22m 51.813s
830,    1562,    1373375,    000h 00m 01.562s,    000h 22m 53.375s
831,    1737,    1375112,    000h 00m 01.737s,    000h 22m 55.112s
832,    1757,    1376869,    000h 00m 01.757s,    000h 22m 56.869s
833,    1704,    1378573,    000h 00m 01.704s,    000h 22m 58.573s
834,    1766,    1380339,    000h 00m 01.766s,    000h 23m 00.339s
835,    1778,    1382117,    000h 00m 01.778s,    000h 23m 02.117s
836,    1566,    1383683,    000h 00m 01.566s,    000h 23m 03.683s
837,    1730,    1385413,    000h 00m 01.730s,    000h 23m 05.413s
838,    1602,    1387015,    000h 00m 01.602s,    000h 23m 07.015s
839,    1746,    1388761,    000h 00m 01.746s,    000h 23m 08.761s
840,    1722,    1390483,    000h 00m 01.722s,    000h 23m 10.483s
841,    1738,    1392221,    000h 00m 01.738s,    000h 23m 12.221s
842,    1576,    1393797,    000h 00m 01.576s,    000h 23m 13.797s
843,    1704,    1395501,    000h 00m 01.704s,    000h 23m 15.501s
844,    1723,    1397224,    000h 00m 01.723s,    000h 23m 17.224s
845,    1717,    1398941,    000h 00m 01.717s,    000h 23m 18.941s
846,    1615,    1400556,    000h 00m 01.615s,    000h 23m 20.556s
847,    1616,    1402172,    000h 00m 01.616s,    000h 23m 22.172s
848,    1426,    1403598,    000h 00m 01.426s,    000h 23m 23.598s
849,    1568,    1405166,    000h 00m 01.568s,    000h 23m 25.166s
850,    1614,    1406780,    000h 00m 01.614s,    000h 23m 26.780s
851,    1689,    1408469,    000h 00m 01.689s,    000h 23m 28.469s
852,    1605,    1410074,    000h 00m 01.605s,    000h 23m 30.074s
853,    1650,    1411724,    000h 00m 01.650s,    000h 23m 31.724s
854,    1678,    1413402,    000h 00m 01.678s,    000h 23m 33.402s
855,    1663,    1415065,    000h 00m 01.663s,    000h 23m 35.065s
856,    1762,    1416827,    000h 00m 01.762s,    000h 23m 36.827s
857,    1338,    1418165,    000h 00m 01.338s,    000h 23m 38.165s
858,    1523,    1419688,    000h 00m 01.523s,    000h 23m 39.688s
859,    1726,    1421414,    000h 00m 01.726s,    000h 23m 41.414s
860,    1581,    1422995,    000h 00m 01.581s,    000h 23m 42.995s
861,    1695,    1424690,    000h 00m 01.695s,    000h 23m 44.690s
862,    1554,    1426244,    000h 00m 01.554s,    000h 23m 46.244s
863,    1652,    1427896,    000h 00m 01.652s,    000h 23m 47.896s
864,    1777,    1429673,    000h 00m 01.777s,    000h 23m 49.673s
865,    1583,    1431256,    000h 00m 01.583s,    000h 23m 51.256s
866,    1596,    1432852,    000h 00m 01.596s,    000h 23m 52.852s
867,    1627,    1434479,    000h 00m 01.627s,    000h 23m 54.479s
868,    1752,    1436231,    000h 00m 01.752s,    000h 23m 56.231s
869,    1328,    1437559,    000h 00m 01.328s,    000h 23m 57.559s
870,    1679,    1439238,    000h 00m 01.679s,    000h 23m 59.238s
871,    1749,    1440987,    000h 00m 01.749s,    000h 24m 00.987s
872,    1722,    1442709,    000h 00m 01.722s,    000h 24m 02.709s
873,    1557,    1444266,    000h 00m 01.557s,    000h 24m 04.266s
874,    1630,    1445896,    000h 00m 01.630s,    000h 24m 05.896s
875,    1742,    1447638,    000h 00m 01.742s,    000h 24m 07.638s
876,    1695,    1449333,    000h 00m 01.695s,    000h 24m 09.333s
877,    1758,    1451091,    000h 00m 01.758s,    000h 24m 11.091s
878,    1640,    1452731,    000h 00m 01.640s,    000h 24m 12.731s
879,    1780,    1454511,    000h 00m 01.780s,    000h 24m 14.511s
880,    1645,    1456156,    000h 00m 01.645s,    000h 24m 16.156s
881,    1735,    1457891,    000h 00m 01.735s,    000h 24m 17.891s
882,    1364,    1459255,    000h 00m 01.364s,    000h 24m 19.255s
883,    1660,    1460915,    000h 00m 01.660s,    000h 24m 20.915s
884,    1548,    1462463,    000h 00m 01.548s,    000h 24m 22.463s
885,    1786,    1464249,    000h 00m 01.786s,    000h 24m 24.249s
886,    1580,    1465829,    000h 00m 01.580s,    000h 24m 25.829s
887,    1537,    1467366,    000h 00m 01.537s,    000h 24m 27.366s
888,    1744,    1469110,    000h 00m 01.744s,    000h 24m 29.110s
889,    1677,    1470787,    000h 00m 01.677s,    000h 24m 30.787s
890,    1685,    1472472,    000h 00m 01.685s,    000h 24m 32.472s
891,    1394,    1473866,    000h 00m 01.394s,    000h 24m 33.866s
892,    1787,    1475653,    000h 00m 01.787s,    000h 24m 35.653s
893,    1692,    1477345,    000h 00m 01.692s,    000h 24m 37.345s
894,    1652,    1478997,    000h 00m 01.652s,    000h 24m 38.997s
895,    1526,    1480523,    000h 00m 01.526s,    000h 24m 40.523s
896,    1758,    1482281,    000h 00m 01.758s,    000h 24m 42.281s
897,    1748,    1484029,    000h 00m 01.748s,    000h 24m 44.029s
898,    1741,    1485770,    000h 00m 01.741s,    000h 24m 45.770s
899,    1658,    1487428,    000h 00m 01.658s,    000h 24m 47.428s
900,    1626,    1489054,    000h 00m 01.626s,    000h 24m 49.054s
901,    1722,    1490776,    000h 00m 01.722s,    000h 24m 50.776s
902,    1598,    1492374,    000h 00m 01.598s,    000h 24m 52.374s
903,    1682,    1494056,    000h 00m 01.682s,    000h 24m 54.056s
904,    1579,    1495635,    000h 00m 01.579s,    000h 24m 55.635s
905,    1616,    1497251,    000h 00m 01.616s,    000h 24m 57.251s
906,    1542,    1498793,    000h 00m 01.542s,    000h 24m 58.793s
907,    1743,    1500536,    000h 00m 01.743s,    000h 25m 00.536s
908,    1742,    1502278,    000h 00m 01.742s,    000h 25m 02.278s
909,    1547,    1503825,    000h 00m 01.547s,    000h 25m 03.825s
910,    1579,    1505404,    000h 00m 01.579s,    000h 25m 05.404s
911,    1735,    1507139,    000h 00m 01.735s,    000h 25m 07.139s
912,    1388,    1508527,    000h 00m 01.388s,    000h 25m 08.527s
913,    1727,    1510254,    000h 00m 01.727s,    000h 25m 10.254s
914,    1729,    1511983,    000h 00m 01.729s,    000h 25m 11.983s
915,    1644,    1513627,    000h 00m 01.644s,    000h 25m 13.627s
916,    1742,    1515369,    000h 00m 01.742s,    000h 25m 15.369s
917,    1598,    1516967,    000h 00m 01.598s,    000h 25m 16.967s
918,    1543,    1518510,    000h 00m 01.543s,    000h 25m 18.510s
919,    1616,    1520126,    000h 00m 01.616s,    000h 25m 20.126s
920,    1642,    1521768,    000h 00m 01.642s,    000h 25m 21.768s
921,    1579,    1523347,    000h 00m 01.579s,    000h 25m 23.347s
922,    1362,    1524709,    000h 00m 01.362s,    000h 25m 24.709s
923,    1638,    1526347,    000h 00m 01.638s,    000h 25m 26.347s
924,    1742,    1528089,    000h 00m 01.742s,    000h 25m 28.089s
925,    1686,    1529775,    000h 00m 01.686s,    000h 25m 29.775s
926,    1625,    1531400,    000h 00m 01.625s,    000h 25m 31.400s
927,    1751,    1533151,    000h 00m 01.751s,    000h 25m 33.151s
928,    1646,    1534797,    000h 00m 01.646s,    000h 25m 34.797s
929,    1673,    1536470,    000h 00m 01.673s,    000h 25m 36.470s
930,    1599,    1538069,    000h 00m 01.599s,    000h 25m 38.069s
931,    1570,    1539639,    000h 00m 01.570s,    000h 25m 39.639s
932,    1658,    1541297,    000h 00m 01.658s,    000h 25m 41.297s
933,    1769,    1543066,    000h 00m 01.769s,    000h 25m 43.066s
934,    1731,    1544797,    000h 00m 01.731s,    000h 25m 44.797s
935,    1606,    1546403,    000h 00m 01.606s,    000h 25m 46.403s
936,    1726,    1548129,    000h 00m 01.726s,    000h 25m 48.129s
937,    1761,    1549890,    000h 00m 01.761s,    000h 25m 49.890s
938,    1570,    1551460,    000h 00m 01.570s,    000h 25m 51.460s
939,    1542,    1553002,    000h 00m 01.542s,    000h 25m 53.002s
940,    1751,    1554753,    000h 00m 01.751s,    000h 25m 54.753s
941,    1578,    1556331,    000h 00m 01.578s,    000h 25m 56.331s
942,    1763,    1558094,    000h 00m 01.763s,    000h 25m 58.094s
943,    1757,    1559851,    000h 00m 01.757s,    000h 25m 59.851s
944,    1559,    1561410,    000h 00m 01.559s,    000h 26m 01.410s
945,    1685,    1563095,    000h 00m 01.685s,    000h 26m 03.095s
946,    1705,    1564800,    000h 00m 01.705s,    000h 26m 04.800s
947,    1596,    1566396,    000h 00m 01.596s,    000h 26m 06.396s
948,    1717,    1568113,    000h 00m 01.717s,    000h 26m 08.113s
949,    1717,    1569830,    000h 00m 01.717s,    000h 26m 09.830s
950,    1583,    1571413,    000h 00m 01.583s,    000h 26m 11.413s
951,    1746,    1573159,    000h 00m 01.746s,    000h 26m 13.159s
952,    1714,    1574873,    000h 00m 01.714s,    000h 26m 14.873s
953,    1671,    1576544,    000h 00m 01.671s,    000h 26m 16.544s
954,    1748,    1578292,    000h 00m 01.748s,    000h 26m 18.292s
955,    1772,    1580064,    000h 00m 01.772s,    000h 26m 20.064s
956,    1749,    1581813,    000h 00m 01.749s,    000h 26m 21.813s
957,    1682,    1583495,    000h 00m 01.682s,    000h 26m 23.495s
958,    1610,    1585105,    000h 00m 01.610s,    000h 26m 25.105s
959,    1678,    1586783,    000h 00m 01.678s,    000h 26m 26.783s
960,    1547,    1588330,    000h 00m 01.547s,    000h 26m 28.330s
961,    1743,    1590073,    000h 00m 01.743s,    000h 26m 30.073s
962,    1701,    1591774,    000h 00m 01.701s,    000h 26m 31.774s
963,    1710,    1593484,    000h 00m 01.710s,    000h 26m 33.484s
964,    1565,    1595049,    000h 00m 01.565s,    000h 26m 35.049s
965,    1686,    1596735,    000h 00m 01.686s,    000h 26m 36.735s
966,    1569,    1598304,    000h 00m 01.569s,    000h 26m 38.304s
967,    1596,    1599900,    000h 00m 01.596s,    000h 26m 39.900s
968,    1644,    1601544,    000h 00m 01.644s,    000h 26m 41.544s
969,    1551,    1603095,    000h 00m 01.551s,    000h 26m 43.095s
970,    1668,    1604763,    000h 00m 01.668s,    000h 26m 44.763s
971,    1652,    1606415,    000h 00m 01.652s,    000h 26m 46.415s
972,    1708,    1608123,    000h 00m 01.708s,    000h 26m 48.123s
973,    1589,    1609712,    000h 00m 01.589s,    000h 26m 49.712s
974,    1691,    1611403,    000h 00m 01.691s,    000h 26m 51.403s
975,    1730,    1613133,    000h 00m 01.730s,    000h 26m 53.133s
976,    1770,    1614903,    000h 00m 01.770s,    000h 26m 54.903s
977,    1725,    1616628,    000h 00m 01.725s,    000h 26m 56.628s
978,    1652,    1618280,    000h 00m 01.652s,    000h 26m 58.280s
979,    1722,    1620002,    000h 00m 01.722s,    000h 27m 00.002s
980,    1561,    1621563,    000h 00m 01.561s,    000h 27m 01.563s
981,    1735,    1623298,    000h 00m 01.735s,    000h 27m 03.298s
982,    1733,    1625031,    000h 00m 01.733s,    000h 27m 05.031s
983,    1725,    1626756,    000h 00m 01.725s,    000h 27m 06.756s
984,    1764,    1628520,    000h 00m 01.764s,    000h 27m 08.520s
985,    1650,    1630170,    000h 00m 01.650s,    000h 27m 10.170s
986,    1709,    1631879,    000h 00m 01.709s,    000h 27m 11.879s
987,    1719,    1633598,    000h 00m 01.719s,    000h 27m 13.598s
988,    1759,    1635357,    000h 00m 01.759s,    000h 27m 15.357s
989,    1622,    1636979,    000h 00m 01.622s,    000h 27m 16.979s
990,    1648,    1638627,    000h 00m 01.648s,    000h 27m 18.627s
991,    1644,    1640271,    000h 00m 01.644s,    000h 27m 20.271s
992,    1774,    1642045,    000h 00m 01.774s,    000h 27m 22.045s
993,    1734,    1643779,    000h 00m 01.734s,    000h 27m 23.779s
994,    1636,    1645415,    000h 00m 01.636s,    000h 27m 25.415s
995,    1742,    1647157,    000h 00m 01.742s,    000h 27m 27.157s
996,    1667,    1648824,    000h 00m 01.667s,    000h 27m 28.824s
997,    1706,    1650530,    000h 00m 01.706s,    000h 27m 30.530s
998,    1657,    1652187,    000h 00m 01.657s,    000h 27m 32.187s
999,    1593,    1653780,    000h 00m 01.593s,    000h 27m 33.780s
1000,    1700,    1655480,    000h 00m 01.700s,    000h 27m 35.480s
1001,    1545,    1657025,    000h 00m 01.545s,    000h 27m 37.025s
1002,    1729,    1658754,    000h 00m 01.729s,    000h 27m 38.754s
1003,    1709,    1660463,    000h 00m 01.709s,    000h 27m 40.463s
1004,    1567,    1662030,    000h 00m 01.567s,    000h 27m 42.030s
1005,    1647,    1663677,    000h 00m 01.647s,    000h 27m 43.677s
1006,    1618,    1665295,    000h 00m 01.618s,    000h 27m 45.295s
1007,    1654,    1666949,    000h 00m 01.654s,    000h 27m 46.949s
1008,    1741,    1668690,    000h 00m 01.741s,    000h 27m 48.690s
1009,    1720,    1670410,    000h 00m 01.720s,    000h 27m 50.410s
1010,    1680,    1672090,    000h 00m 01.680s,    000h 27m 52.090s
1011,    1481,    1673571,    000h 00m 01.481s,    000h 27m 53.571s
1012,    1681,    1675252,    000h 00m 01.681s,    000h 27m 55.252s
1013,    1711,    1676963,    000h 00m 01.711s,    000h 27m 56.963s
1014,    1770,    1678733,    000h 00m 01.770s,    000h 27m 58.733s
1015,    1596,    1680329,    000h 00m 01.596s,    000h 28m 00.329s
1016,    1697,    1682026,    000h 00m 01.697s,    000h 28m 02.026s
1017,    1760,    1683786,    000h 00m 01.760s,    000h 28m 03.786s
1018,    1633,    1685419,    000h 00m 01.633s,    000h 28m 05.419s
1019,    1634,    1687053,    000h 00m 01.634s,    000h 28m 07.053s
1020,    1694,    1688747,    000h 00m 01.694s,    000h 28m 08.747s
1021,    1605,    1690352,    000h 00m 01.605s,    000h 28m 10.352s
1022,    1649,    1692001,    000h 00m 01.649s,    000h 28m 12.001s
1023,    1567,    1693568,    000h 00m 01.567s,    000h 28m 13.568s
1024,    1673,    1695241,    000h 00m 01.673s,    000h 28m 15.241s
1025,    1647,    1696888,    000h 00m 01.647s,    000h 28m 16.888s
