pass,    time (ms),    total time (ms),    time,     total_time
1,    1528,    1528,    000h 00m 01.528s,    000h 00m 01.528s
2,    1451,    2979,    000h 00m 01.451s,    000h 00m 02.979s
3,    1698,    4677,    000h 00m 01.698s,    000h 00m 04.677s
4,    1595,    6272,    000h 00m 01.595s,    000h 00m 06.272s
5,    1493,    7765,    000h 00m 01.493s,    000h 00m 07.765s
6,    1599,    9364,    000h 00m 01.599s,    000h 00m 09.364s
7,    1688,    11052,    000h 00m 01.688s,    000h 00m 11.052s
8,    1603,    12655,    000h 00m 01.603s,    000h 00m 12.655s
9,    1606,    14261,    000h 00m 01.606s,    000h 00m 14.261s
10,    1443,    15704,    000h 00m 01.443s,    000h 00m 15.704s
11,    1554,    17258,    000h 00m 01.554s,    000h 00m 17.258s
12,    1487,    18745,    000h 00m 01.487s,    000h 00m 18.745s
13,    1668,    20413,    000h 00m 01.668s,    000h 00m 20.413s
14,    1625,    22038,    000h 00m 01.625s,    000h 00m 22.038s
15,    1698,    23736,    000h 00m 01.698s,    000h 00m 23.736s
16,    1455,    25191,    000h 00m 01.455s,    000h 00m 25.191s
17,    1489,    26680,    000h 00m 01.489s,    000h 00m 26.680s
18,    1432,    28112,    000h 00m 01.432s,    000h 00m 28.112s
19,    1553,    29665,    000h 00m 01.553s,    000h 00m 29.665s
20,    1459,    31124,    000h 00m 01.459s,    000h 00m 31.124s
21,    1450,    32574,    000h 00m 01.450s,    000h 00m 32.574s
22,    1473,    34047,    000h 00m 01.473s,    000h 00m 34.047s
23,    1397,    35444,    000h 00m 01.397s,    000h 00m 35.444s
24,    2418,    37862,    000h 00m 02.418s,    000h 00m 37.862s
25,    12832,    50694,    000h 00m 12.832s,    000h 00m 50.694s
26,    2669,    53363,    000h 00m 02.669s,    000h 00m 53.363s
27,    22269,    75632,    000h 00m 22.269s,    000h 01m 15.632s
28,    22869,    98501,    000h 00m 22.869s,    000h 01m 38.501s
29,    22137,    120638,    000h 00m 22.137s,    000h 02m 00.638s
30,    21469,    142107,    000h 00m 21.469s,    000h 02m 22.107s
31,    22055,    164162,    000h 00m 22.055s,    000h 02m 44.162s
32,    23966,    188128,    000h 00m 23.966s,    000h 03m 08.128s
33,    23087,    211215,    000h 00m 23.087s,    000h 03m 31.215s
34,    24366,    235581,    000h 00m 24.366s,    000h 03m 55.581s
35,    20869,    256450,    000h 00m 20.869s,    000h 04m 16.450s
36,    25344,    281794,    000h 00m 25.344s,    000h 04m 41.794s
37,    21706,    303500,    000h 00m 21.706s,    000h 05m 03.500s
38,    24617,    328117,    000h 00m 24.617s,    000h 05m 28.117s
39,    25514,    353631,    000h 00m 25.514s,    000h 05m 53.631s
40,    22472,    376103,    000h 00m 22.472s,    000h 06m 16.103s
41,    23998,    400101,    000h 00m 23.998s,    000h 06m 40.101s
42,    25122,    425223,    000h 00m 25.122s,    000h 07m 05.223s
43,    25662,    450885,    000h 00m 25.662s,    000h 07m 30.885s
44,    21792,    472677,    000h 00m 21.792s,    000h 07m 52.677s
45,    3572,    476249,    000h 00m 03.572s,    000h 07m 56.249s
46,    2123,    478372,    000h 00m 02.123s,    000h 07m 58.372s
47,    1694,    480066,    000h 00m 01.694s,    000h 08m 00.066s
48,    1506,    481572,    000h 00m 01.506s,    000h 08m 01.572s
49,    1603,    483175,    000h 00m 01.603s,    000h 08m 03.175s
50,    1472,    484647,    000h 00m 01.472s,    000h 08m 04.647s
51,    1486,    486133,    000h 00m 01.486s,    000h 08m 06.133s
52,    1477,    487610,    000h 00m 01.477s,    000h 08m 07.610s
53,    1563,    489173,    000h 00m 01.563s,    000h 08m 09.173s
54,    1596,    490769,    000h 00m 01.596s,    000h 08m 10.769s
55,    1423,    492192,    000h 00m 01.423s,    000h 08m 12.192s
56,    1527,    493719,    000h 00m 01.527s,    000h 08m 13.719s
57,    1551,    495270,    000h 00m 01.551s,    000h 08m 15.270s
58,    1446,    496716,    000h 00m 01.446s,    000h 08m 16.716s
59,    1666,    498382,    000h 00m 01.666s,    000h 08m 18.382s
60,    1721,    500103,    000h 00m 01.721s,    000h 08m 20.103s
61,    1632,    501735,    000h 00m 01.632s,    000h 08m 21.735s
62,    1576,    503311,    000h 00m 01.576s,    000h 08m 23.311s
63,    1526,    504837,    000h 00m 01.526s,    000h 08m 24.837s
64,    1513,    506350,    000h 00m 01.513s,    000h 08m 26.350s
65,    1628,    507978,    000h 00m 01.628s,    000h 08m 27.978s
66,    1424,    509402,    000h 00m 01.424s,    000h 08m 29.402s
67,    1633,    511035,    000h 00m 01.633s,    000h 08m 31.035s
68,    1643,    512678,    000h 00m 01.643s,    000h 08m 32.678s
69,    1449,    514127,    000h 00m 01.449s,    000h 08m 34.127s
70,    1444,    515571,    000h 00m 01.444s,    000h 08m 35.571s
71,    1490,    517061,    000h 00m 01.490s,    000h 08m 37.061s
72,    1546,    518607,    000h 00m 01.546s,    000h 08m 38.607s
73,    1693,    520300,    000h 00m 01.693s,    000h 08m 40.300s
74,    1532,    521832,    000h 00m 01.532s,    000h 08m 41.832s
75,    1692,    523524,    000h 00m 01.692s,    000h 08m 43.524s
76,    1462,    524986,    000h 00m 01.462s,    000h 08m 44.986s
77,    1617,    526603,    000h 00m 01.617s,    000h 08m 46.603s
78,    1583,    528186,    000h 00m 01.583s,    000h 08m 48.186s
79,    1452,    529638,    000h 00m 01.452s,    000h 08m 49.638s
80,    1480,    531118,    000h 00m 01.480s,    000h 08m 51.118s
81,    1599,    532717,    000h 00m 01.599s,    000h 08m 52.717s
82,    1610,    534327,    000h 00m 01.610s,    000h 08m 54.327s
83,    1443,    535770,    000h 00m 01.443s,    000h 08m 55.770s
84,    1549,    537319,    000h 00m 01.549s,    000h 08m 57.319s
85,    1635,    538954,    000h 00m 01.635s,    000h 08m 58.954s
86,    1691,    540645,    000h 00m 01.691s,    000h 09m 00.645s
87,    1480,    542125,    000h 00m 01.480s,    000h 09m 02.125s
88,    1624,    543749,    000h 00m 01.624s,    000h 09m 03.749s
89,    1720,    545469,    000h 00m 01.720s,    000h 09m 05.469s
90,    1698,    547167,    000h 00m 01.698s,    000h 09m 07.167s
91,    1629,    548796,    000h 00m 01.629s,    000h 09m 08.796s
92,    1616,    550412,    000h 00m 01.616s,    000h 09m 10.412s
93,    1605,    552017,    000h 00m 01.605s,    000h 09m 12.017s
94,    1631,    553648,    000h 00m 01.631s,    000h 09m 13.648s
95,    1519,    555167,    000h 00m 01.519s,    000h 09m 15.167s
96,    1711,    556878,    000h 00m 01.711s,    000h 09m 16.878s
97,    1586,    558464,    000h 00m 01.586s,    000h 09m 18.464s
98,    1620,    560084,    000h 00m 01.620s,    000h 09m 20.084s
99,    1650,    561734,    000h 00m 01.650s,    000h 09m 21.734s
100,    1684,    563418,    000h 00m 01.684s,    000h 09m 23.418s
101,    1646,    565064,    000h 00m 01.646s,    000h 09m 25.064s
102,    1578,    566642,    000h 00m 01.578s,    000h 09m 26.642s
103,    1555,    568197,    000h 00m 01.555s,    000h 09m 28.197s
104,    1463,    569660,    000h 00m 01.463s,    000h 09m 29.660s
105,    1657,    571317,    000h 00m 01.657s,    000h 09m 31.317s
106,    1716,    573033,    000h 00m 01.716s,    000h 09m 33.033s
107,    1507,    574540,    000h 00m 01.507s,    000h 09m 34.540s
108,    1471,    576011,    000h 00m 01.471s,    000h 09m 36.011s
109,    1537,    577548,    000h 00m 01.537s,    000h 09m 37.548s
110,    1614,    579162,    000h 00m 01.614s,    000h 09m 39.162s
111,    1413,    580575,    000h 00m 01.413s,    000h 09m 40.575s
112,    1571,    582146,    000h 00m 01.571s,    000h 09m 42.146s
113,    1714,    583860,    000h 00m 01.714s,    000h 09m 43.860s
114,    1693,    585553,    000h 00m 01.693s,    000h 09m 45.553s
115,    1764,    587317,    000h 00m 01.764s,    000h 09m 47.317s
116,    1443,    588760,    000h 00m 01.443s,    000h 09m 48.760s
117,    1533,    590293,    000h 00m 01.533s,    000h 09m 50.293s
118,    1588,    591881,    000h 00m 01.588s,    000h 09m 51.881s
119,    1686,    593567,    000h 00m 01.686s,    000h 09m 53.567s
120,    1462,    595029,    000h 00m 01.462s,    000h 09m 55.029s
121,    1620,    596649,    000h 00m 01.620s,    000h 09m 56.649s
122,    1569,    598218,    000h 00m 01.569s,    000h 09m 58.218s
123,    1614,    599832,    000h 00m 01.614s,    000h 09m 59.832s
124,    1704,    601536,    000h 00m 01.704s,    000h 10m 01.536s
125,    1665,    603201,    000h 00m 01.665s,    000h 10m 03.201s
126,    1505,    604706,    000h 00m 01.505s,    000h 10m 04.706s
127,    1666,    606372,    000h 00m 01.666s,    000h 10m 06.372s
128,    1571,    607943,    000h 00m 01.571s,    000h 10m 07.943s
129,    1446,    609389,    000h 00m 01.446s,    000h 10m 09.389s
130,    1679,    611068,    000h 00m 01.679s,    000h 10m 11.068s
131,    1507,    612575,    000h 00m 01.507s,    000h 10m 12.575s
132,    1711,    614286,    000h 00m 01.711s,    000h 10m 14.286s
133,    1650,    615936,    000h 00m 01.650s,    000h 10m 15.936s
134,    1515,    617451,    000h 00m 01.515s,    000h 10m 17.451s
135,    1674,    619125,    000h 00m 01.674s,    000h 10m 19.125s
136,    1712,    620837,    000h 00m 01.712s,    000h 10m 20.837s
137,    1618,    622455,    000h 00m 01.618s,    000h 10m 22.455s
138,    1400,    623855,    000h 00m 01.400s,    000h 10m 23.855s
139,    1540,    625395,    000h 00m 01.540s,    000h 10m 25.395s
140,    1539,    626934,    000h 00m 01.539s,    000h 10m 26.934s
141,    1400,    628334,    000h 00m 01.400s,    000h 10m 28.334s
142,    1580,    629914,    000h 00m 01.580s,    000h 10m 29.914s
143,    1547,    631461,    000h 00m 01.547s,    000h 10m 31.461s
144,    1464,    632925,    000h 00m 01.464s,    000h 10m 32.925s
145,    1715,    634640,    000h 00m 01.715s,    000h 10m 34.640s
146,    1674,    636314,    000h 00m 01.674s,    000h 10m 36.314s
147,    1643,    637957,    000h 00m 01.643s,    000h 10m 37.957s
148,    1555,    639512,    000h 00m 01.555s,    000h 10m 39.512s
149,    1460,    640972,    000h 00m 01.460s,    000h 10m 40.972s
150,    1716,    642688,    000h 00m 01.716s,    000h 10m 42.688s
151,    1507,    644195,    000h 00m 01.507s,    000h 10m 44.195s
152,    1478,    645673,    000h 00m 01.478s,    000h 10m 45.673s
153,    1645,    647318,    000h 00m 01.645s,    000h 10m 47.318s
154,    1469,    648787,    000h 00m 01.469s,    000h 10m 48.787s
155,    1552,    650339,    000h 00m 01.552s,    000h 10m 50.339s
156,    1699,    652038,    000h 00m 01.699s,    000h 10m 52.038s
157,    1471,    653509,    000h 00m 01.471s,    000h 10m 53.509s
158,    1612,    655121,    000h 00m 01.612s,    000h 10m 55.121s
159,    1741,    656862,    000h 00m 01.741s,    000h 10m 56.862s
160,    1582,    658444,    000h 00m 01.582s,    000h 10m 58.444s
161,    1536,    659980,    000h 00m 01.536s,    000h 10m 59.980s
162,    1465,    661445,    000h 00m 01.465s,    000h 11m 01.445s
163,    1580,    663025,    000h 00m 01.580s,    000h 11m 03.025s
164,    1421,    664446,    000h 00m 01.421s,    000h 11m 04.446s
165,    1523,    665969,    000h 00m 01.523s,    000h 11m 05.969s
166,    1559,    667528,    000h 00m 01.559s,    000h 11m 07.528s
167,    1561,    669089,    000h 00m 01.561s,    000h 11m 09.089s
168,    1614,    670703,    000h 00m 01.614s,    000h 11m 10.703s
169,    1738,    672441,    000h 00m 01.738s,    000h 11m 12.441s
170,    1435,    673876,    000h 00m 01.435s,    000h 11m 13.876s
171,    1599,    675475,    000h 00m 01.599s,    000h 11m 15.475s
172,    1608,    677083,    000h 00m 01.608s,    000h 11m 17.083s
173,    1553,    678636,    000h 00m 01.553s,    000h 11m 18.636s
174,    1621,    680257,    000h 00m 01.621s,    000h 11m 20.257s
175,    1704,    681961,    000h 00m 01.704s,    000h 11m 21.961s
176,    1567,    683528,    000h 00m 01.567s,    000h 11m 23.528s
177,    1728,    685256,    000h 00m 01.728s,    000h 11m 25.256s
178,    1651,    686907,    000h 00m 01.651s,    000h 11m 26.907s
179,    1534,    688441,    000h 00m 01.534s,    000h 11m 28.441s
180,    1727,    690168,    000h 00m 01.727s,    000h 11m 30.168s
181,    1490,    691658,    000h 00m 01.490s,    000h 11m 31.658s
182,    1711,    693369,    000h 00m 01.711s,    000h 11m 33.369s
183,    1398,    694767,    000h 00m 01.398s,    000h 11m 34.767s
184,    1556,    696323,    000h 00m 01.556s,    000h 11m 36.323s
185,    1490,    697813,    000h 00m 01.490s,    000h 11m 37.813s
186,    1559,    699372,    000h 00m 01.559s,    000h 11m 39.372s
187,    1421,    700793,    000h 00m 01.421s,    000h 11m 40.793s
188,    1627,    702420,    000h 00m 01.627s,    000h 11m 42.420s
189,    1615,    704035,    000h 00m 01.615s,    000h 11m 44.035s
190,    1689,    705724,    000h 00m 01.689s,    000h 11m 45.724s
191,    1657,    707381,    000h 00m 01.657s,    000h 11m 47.381s
192,    1429,    708810,    000h 00m 01.429s,    000h 11m 48.810s
193,    1662,    710472,    000h 00m 01.662s,    000h 11m 50.472s
194,    1589,    712061,    000h 00m 01.589s,    000h 11m 52.061s
195,    1596,    713657,    000h 00m 01.596s,    000h 11m 53.657s
196,    1736,    715393,    000h 00m 01.736s,    000h 11m 55.393s
197,    1744,    717137,    000h 00m 01.744s,    000h 11m 57.137s
198,    1731,    718868,    000h 00m 01.731s,    000h 11m 58.868s
199,    1432,    720300,    000h 00m 01.432s,    000h 12m 00.300s
200,    1472,    721772,    000h 00m 01.472s,    000h 12m 01.772s
201,    1535,    723307,    000h 00m 01.535s,    000h 12m 03.307s
202,    1625,    724932,    000h 00m 01.625s,    000h 12m 04.932s
203,    1593,    726525,    000h 00m 01.593s,    000h 12m 06.525s
204,    1502,    728027,    000h 00m 01.502s,    000h 12m 08.027s
205,    1682,    729709,    000h 00m 01.682s,    000h 12m 09.709s
206,    1569,    731278,    000h 00m 01.569s,    000h 12m 11.278s
207,    1708,    732986,    000h 00m 01.708s,    000h 12m 12.986s
208,    1637,    734623,    000h 00m 01.637s,    000h 12m 14.623s
209,    1690,    736313,    000h 00m 01.690s,    000h 12m 16.313s
210,    1735,    738048,    000h 00m 01.735s,    000h 12m 18.048s
211,    1378,    739426,    000h 00m 01.378s,    000h 12m 19.426s
212,    1720,    741146,    000h 00m 01.720s,    000h 12m 21.146s
213,    1655,    742801,    000h 00m 01.655s,    000h 12m 22.801s
214,    1582,    744383,    000h 00m 01.582s,    000h 12m 24.383s
215,    1550,    745933,    000h 00m 01.550s,    000h 12m 25.933s
216,    1497,    747430,    000h 00m 01.497s,    000h 12m 27.430s
217,    1498,    748928,    000h 00m 01.498s,    000h 12m 28.928s
218,    1411,    750339,    000h 00m 01.411s,    000h 12m 30.339s
219,    1599,    751938,    000h 00m 01.599s,    000h 12m 31.938s
220,    1680,    753618,    000h 00m 01.680s,    000h 12m 33.618s
221,    1661,    755279,    000h 00m 01.661s,    000h 12m 35.279s
222,    1518,    756797,    000h 00m 01.518s,    000h 12m 36.797s
223,    1585,    758382,    000h 00m 01.585s,    000h 12m 38.382s
224,    1411,    759793,    000h 00m 01.411s,    000h 12m 39.793s
225,    1487,    761280,    000h 00m 01.487s,    000h 12m 41.280s
226,    1543,    762823,    000h 00m 01.543s,    000h 12m 42.823s
227,    1471,    764294,    000h 00m 01.471s,    000h 12m 44.294s
228,    1655,    765949,    000h 00m 01.655s,    000h 12m 45.949s
229,    1552,    767501,    000h 00m 01.552s,    000h 12m 47.501s
230,    1720,    769221,    000h 00m 01.720s,    000h 12m 49.221s
231,    1682,    770903,    000h 00m 01.682s,    000h 12m 50.903s
232,    1431,    772334,    000h 00m 01.431s,    000h 12m 52.334s
233,    1682,    774016,    000h 00m 01.682s,    000h 12m 54.016s
234,    1691,    775707,    000h 00m 01.691s,    000h 12m 55.707s
235,    1589,    777296,    000h 00m 01.589s,    000h 12m 57.296s
236,    1728,    779024,    000h 00m 01.728s,    000h 12m 59.024s
237,    1534,    780558,    000h 00m 01.534s,    000h 13m 00.558s
238,    1565,    782123,    000h 00m 01.565s,    000h 13m 02.123s
239,    1672,    783795,    000h 00m 01.672s,    000h 13m 03.795s
240,    1522,    785317,    000h 00m 01.522s,    000h 13m 05.317s
241,    1646,    786963,    000h 00m 01.646s,    000h 13m 06.963s
242,    1426,    788389,    000h 00m 01.426s,    000h 13m 08.389s
243,    1636,    790025,    000h 00m 01.636s,    000h 13m 10.025s
244,    1705,    791730,    000h 00m 01.705s,    000h 13m 11.730s
245,    1487,    793217,    000h 00m 01.487s,    000h 13m 13.217s
246,    1491,    794708,    000h 00m 01.491s,    000h 13m 14.708s
247,    1544,    796252,    000h 00m 01.544s,    000h 13m 16.252s
248,    1469,    797721,    000h 00m 01.469s,    000h 13m 17.721s
249,    1702,    799423,    000h 00m 01.702s,    000h 13m 19.423s
250,    1746,    801169,    000h 00m 01.746s,    000h 13m 21.169s
251,    1527,    802696,    000h 00m 01.527s,    000h 13m 22.696s
252,    1620,    804316,    000h 00m 01.620s,    000h 13m 24.316s
253,    1711,    806027,    000h 00m 01.711s,    000h 13m 26.027s
254,    1668,    807695,    000h 00m 01.668s,    000h 13m 27.695s
255,    1618,    809313,    000h 00m 01.618s,    000h 13m 29.313s
256,    1685,    810998,    000h 00m 01.685s,    000h 13m 30.998s
257,    1586,    812584,    000h 00m 01.586s,    000h 13m 32.584s
258,    1434,    814018,    000h 00m 01.434s,    000h 13m 34.018s
259,    1673,    815691,    000h 00m 01.673s,    000h 13m 35.691s
260,    1693,    817384,    000h 00m 01.693s,    000h 13m 37.384s
261,    1663,    819047,    000h 00m 01.663s,    000h 13m 39.047s
262,    1557,    820604,    000h 00m 01.557s,    000h 13m 40.604s
263,    1593,    822197,    000h 00m 01.593s,    000h 13m 42.197s
264,    1451,    823648,    000h 00m 01.451s,    000h 13m 43.648s
265,    1469,    825117,    000h 00m 01.469s,    000h 13m 45.117s
266,    1687,    826804,    000h 00m 01.687s,    000h 13m 46.804s
267,    1548,    828352,    000h 00m 01.548s,    000h 13m 48.352s
268,    1718,    830070,    000h 00m 01.718s,    000h 13m 50.070s
269,    1504,    831574,    000h 00m 01.504s,    000h 13m 51.574s
270,    1544,    833118,    000h 00m 01.544s,    000h 13m 53.118s
271,    1668,    834786,    000h 00m 01.668s,    000h 13m 54.786s
272,    1642,    836428,    000h 00m 01.642s,    000h 13m 56.428s
273,    1600,    838028,    000h 00m 01.600s,    000h 13m 58.028s
274,    1498,    839526,    000h 00m 01.498s,    000h 13m 59.526s
275,    1665,    841191,    000h 00m 01.665s,    000h 14m 01.191s
276,    1605,    842796,    000h 00m 01.605s,    000h 14m 02.796s
277,    1526,    844322,    000h 00m 01.526s,    000h 14m 04.322s
278,    1635,    845957,    000h 00m 01.635s,    000h 14m 05.957s
279,    1681,    847638,    000h 00m 01.681s,    000h 14m 07.638s
280,    1531,    849169,    000h 00m 01.531s,    000h 14m 09.169s
281,    1636,    850805,    000h 00m 01.636s,    000h 14m 10.805s
282,    1613,    852418,    000h 00m 01.613s,    000h 14m 12.418s
283,    1568,    853986,    000h 00m 01.568s,    000h 14m 13.986s
284,    1750,    855736,    000h 00m 01.750s,    000h 14m 15.736s
285,    1629,    857365,    000h 00m 01.629s,    000h 14m 17.365s
286,    1512,    858877,    000h 00m 01.512s,    000h 14m 18.877s
287,    1674,    860551,    000h 00m 01.674s,    000h 14m 20.551s
288,    1541,    862092,    000h 00m 01.541s,    000h 14m 22.092s
289,    1605,    863697,    000h 00m 01.605s,    000h 14m 23.697s
290,    1487,    865184,    000h 00m 01.487s,    000h 14m 25.184s
291,    1407,    866591,    000h 00m 01.407s,    000h 14m 26.591s
292,    1398,    867989,    000h 00m 01.398s,    000h 14m 27.989s
293,    1717,    869706,    000h 00m 01.717s,    000h 14m 29.706s
294,    1545,    871251,    000h 00m 01.545s,    000h 14m 31.251s
295,    1732,    872983,    000h 00m 01.732s,    000h 14m 32.983s
296,    1472,    874455,    000h 00m 01.472s,    000h 14m 34.455s
297,    1704,    876159,    000h 00m 01.704s,    000h 14m 36.159s
298,    1599,    877758,    000h 00m 01.599s,    000h 14m 37.758s
299,    1732,    879490,    000h 00m 01.732s,    000h 14m 39.490s
300,    1634,    881124,    000h 00m 01.634s,    000h 14m 41.124s
301,    1650,    882774,    000h 00m 01.650s,    000h 14m 42.774s
302,    1520,    884294,    000h 00m 01.520s,    000h 14m 44.294s
303,    1519,    885813,    000h 00m 01.519s,    000h 14m 45.813s
304,    1708,    887521,    000h 00m 01.708s,    000h 14m 47.521s
305,    1504,    889025,    000h 00m 01.504s,    000h 14m 49.025s
306,    1676,    890701,    000h 00m 01.676s,    000h 14m 50.701s
307,    1721,    892422,    000h 00m 01.721s,    000h 14m 52.422s
308,    1461,    893883,    000h 00m 01.461s,    000h 14m 53.883s
309,    1715,    895598,    000h 00m 01.715s,    000h 14m 55.598s
310,    1495,    897093,    000h 00m 01.495s,    000h 14m 57.093s
311,    1629,    898722,    000h 00m 01.629s,    000h 14m 58.722s
312,    1576,    900298,    000h 00m 01.576s,    000h 15m 00.298s
313,    1576,    901874,    000h 00m 01.576s,    000h 15m 01.874s
314,    1553,    903427,    000h 00m 01.553s,    000h 15m 03.427s
315,    1516,    904943,    000h 00m 01.516s,    000h 15m 04.943s
316,    1673,    906616,    000h 00m 01.673s,    000h 15m 06.616s
317,    1603,    908219,    000h 00m 01.603s,    000h 15m 08.219s
318,    1528,    909747,    000h 00m 01.528s,    000h 15m 09.747s
319,    1457,    911204,    000h 00m 01.457s,    000h 15m 11.204s
320,    1628,    912832,    000h 00m 01.628s,    000h 15m 12.832s
321,    1592,    914424,    000h 00m 01.592s,    000h 15m 14.424s
322,    1597,    916021,    000h 00m 01.597s,    000h 15m 16.021s
323,    1659,    917680,    000h 00m 01.659s,    000h 15m 17.680s
324,    1457,    919137,    000h 00m 01.457s,    000h 15m 19.137s
325,    1626,    920763,    000h 00m 01.626s,    000h 15m 20.763s
326,    1520,    922283,    000h 00m 01.520s,    000h 15m 22.283s
327,    1510,    923793,    000h 00m 01.510s,    000h 15m 23.793s
328,    1478,    925271,    000h 00m 01.478s,    000h 15m 25.271s
329,    1506,    926777,    000h 00m 01.506s,    000h 15m 26.777s
330,    1544,    928321,    000h 00m 01.544s,    000h 15m 28.321s
331,    1687,    930008,    000h 00m 01.687s,    000h 15m 30.008s
332,    1665,    931673,    000h 00m 01.665s,    000h 15m 31.673s
333,    1558,    933231,    000h 00m 01.558s,    000h 15m 33.231s
334,    1732,    934963,    000h 00m 01.732s,    000h 15m 34.963s
335,    1485,    936448,    000h 00m 01.485s,    000h 15m 36.448s
336,    1652,    938100,    000h 00m 01.652s,    000h 15m 38.100s
337,    1485,    939585,    000h 00m 01.485s,    000h 15m 39.585s
338,    1670,    941255,    000h 00m 01.670s,    000h 15m 41.255s
339,    1556,    942811,    000h 00m 01.556s,    000h 15m 42.811s
340,    1714,    944525,    000h 00m 01.714s,    000h 15m 44.525s
341,    1684,    946209,    000h 00m 01.684s,    000h 15m 46.209s
342,    1584,    947793,    000h 00m 01.584s,    000h 15m 47.793s
343,    1571,    949364,    000h 00m 01.571s,    000h 15m 49.364s
344,    1446,    950810,    000h 00m 01.446s,    000h 15m 50.810s
345,    1593,    952403,    000h 00m 01.593s,    000h 15m 52.403s
346,    1481,    953884,    000h 00m 01.481s,    000h 15m 53.884s
347,    1492,    955376,    000h 00m 01.492s,    000h 15m 55.376s
348,    1675,    957051,    000h 00m 01.675s,    000h 15m 57.051s
349,    1571,    958622,    000h 00m 01.571s,    000h 15m 58.622s
350,    1670,    960292,    000h 00m 01.670s,    000h 16m 00.292s
351,    1492,    961784,    000h 00m 01.492s,    000h 16m 01.784s
352,    1382,    963166,    000h 00m 01.382s,    000h 16m 03.166s
353,    1409,    964575,    000h 00m 01.409s,    000h 16m 04.575s
354,    1458,    966033,    000h 00m 01.458s,    000h 16m 06.033s
355,    1574,    967607,    000h 00m 01.574s,    000h 16m 07.607s
356,    1701,    969308,    000h 00m 01.701s,    000h 16m 09.308s
357,    1539,    970847,    000h 00m 01.539s,    000h 16m 10.847s
358,    1650,    972497,    000h 00m 01.650s,    000h 16m 12.497s
359,    1647,    974144,    000h 00m 01.647s,    000h 16m 14.144s
360,    1508,    975652,    000h 00m 01.508s,    000h 16m 15.652s
361,    1718,    977370,    000h 00m 01.718s,    000h 16m 17.370s
362,    1448,    978818,    000h 00m 01.448s,    000h 16m 18.818s
363,    1682,    980500,    000h 00m 01.682s,    000h 16m 20.500s
364,    1617,    982117,    000h 00m 01.617s,    000h 16m 22.117s
365,    1555,    983672,    000h 00m 01.555s,    000h 16m 23.672s
366,    1571,    985243,    000h 00m 01.571s,    000h 16m 25.243s
367,    1408,    986651,    000h 00m 01.408s,    000h 16m 26.651s
368,    1482,    988133,    000h 00m 01.482s,    000h 16m 28.133s
369,    1757,    989890,    000h 00m 01.757s,    000h 16m 29.890s
370,    1509,    991399,    000h 00m 01.509s,    000h 16m 31.399s
371,    1435,    992834,    000h 00m 01.435s,    000h 16m 32.834s
372,    1522,    994356,    000h 00m 01.522s,    000h 16m 34.356s
373,    1719,    996075,    000h 00m 01.719s,    000h 16m 36.075s
374,    1629,    997704,    000h 00m 01.629s,    000h 16m 37.704s
375,    1565,    999269,    000h 00m 01.565s,    000h 16m 39.269s
376,    1627,    1000896,    000h 00m 01.627s,    000h 16m 40.896s
377,    1654,    1002550,    000h 00m 01.654s,    000h 16m 42.550s
378,    1656,    1004206,    000h 00m 01.656s,    000h 16m 44.206s
379,    1722,    1005928,    000h 00m 01.722s,    000h 16m 45.928s
380,    1404,    1007332,    000h 00m 01.404s,    000h 16m 47.332s
381,    1719,    1009051,    000h 00m 01.719s,    000h 16m 49.051s
382,    1561,    1010612,    000h 00m 01.561s,    000h 16m 50.612s
383,    1515,    1012127,    000h 00m 01.515s,    000h 16m 52.127s
384,    1610,    1013737,    000h 00m 01.610s,    000h 16m 53.737s
385,    1581,    1015318,    000h 00m 01.581s,    000h 16m 55.318s
386,    1566,    1016884,    000h 00m 01.566s,    000h 16m 56.884s
387,    1667,    1018551,    000h 00m 01.667s,    000h 16m 58.551s
388,    1475,    1020026,    000h 00m 01.475s,    000h 17m 00.026s
389,    1716,    1021742,    000h 00m 01.716s,    000h 17m 01.742s
390,    1550,    1023292,    000h 00m 01.550s,    000h 17m 03.292s
391,    1698,    1024990,    000h 00m 01.698s,    000h 17m 04.990s
392,    1666,    1026656,    000h 00m 01.666s,    000h 17m 06.656s
393,    1656,    1028312,    000h 00m 01.656s,    000h 17m 08.312s
394,    1561,    1029873,    000h 00m 01.561s,    000h 17m 09.873s
395,    1471,    1031344,    000h 00m 01.471s,    000h 17m 11.344s
396,    1500,    1032844,    000h 00m 01.500s,    000h 17m 12.844s
397,    1468,    1034312,    000h 00m 01.468s,    000h 17m 14.312s
398,    1445,    1035757,    000h 00m 01.445s,    000h 17m 15.757s
399,    1482,    1037239,    000h 00m 01.482s,    000h 17m 17.239s
400,    1628,    1038867,    000h 00m 01.628s,    000h 17m 18.867s
401,    1559,    1040426,    000h 00m 01.559s,    000h 17m 20.426s
402,    1661,    1042087,    000h 00m 01.661s,    000h 17m 22.087s
403,    1516,    1043603,    000h 00m 01.516s,    000h 17m 23.603s
404,    1456,    1045059,    000h 00m 01.456s,    000h 17m 25.059s
405,    1697,    1046756,    000h 00m 01.697s,    000h 17m 26.756s
406,    1659,    1048415,    000h 00m 01.659s,    000h 17m 28.415s
407,    1669,    1050084,    000h 00m 01.669s,    000h 17m 30.084s
408,    1714,    1051798,    000h 00m 01.714s,    000h 17m 31.798s
409,    1506,    1053304,    000h 00m 01.506s,    000h 17m 33.304s
410,    1404,    1054708,    000h 00m 01.404s,    000h 17m 34.708s
411,    1744,    1056452,    000h 00m 01.744s,    000h 17m 36.452s
412,    1520,    1057972,    000h 00m 01.520s,    000h 17m 37.972s
413,    1624,    1059596,    000h 00m 01.624s,    000h 17m 39.596s
414,    1545,    1061141,    000h 00m 01.545s,    000h 17m 41.141s
415,    1464,    1062605,    000h 00m 01.464s,    000h 17m 42.605s
416,    1707,    1064312,    000h 00m 01.707s,    000h 17m 44.312s
417,    1470,    1065782,    000h 00m 01.470s,    000h 17m 45.782s
418,    1636,    1067418,    000h 00m 01.636s,    000h 17m 47.418s
419,    1453,    1068871,    000h 00m 01.453s,    000h 17m 48.871s
420,    1547,    1070418,    000h 00m 01.547s,    000h 17m 50.418s
421,    1569,    1071987,    000h 00m 01.569s,    000h 17m 51.987s
422,    1670,    1073657,    000h 00m 01.670s,    000h 17m 53.657s
423,    1408,    1075065,    000h 00m 01.408s,    000h 17m 55.065s
424,    1454,    1076519,    000h 00m 01.454s,    000h 17m 56.519s
425,    1446,    1077965,    000h 00m 01.446s,    000h 17m 57.965s
426,    1712,    1079677,    000h 00m 01.712s,    000h 17m 59.677s
427,    1604,    1081281,    000h 00m 01.604s,    000h 18m 01.281s
428,    1737,    1083018,    000h 00m 01.737s,    000h 18m 03.018s
429,    1528,    1084546,    000h 00m 01.528s,    000h 18m 04.546s
430,    1737,    1086283,    000h 00m 01.737s,    000h 18m 06.283s
431,    1474,    1087757,    000h 00m 01.474s,    000h 18m 07.757s
432,    1520,    1089277,    000h 00m 01.520s,    000h 18m 09.277s
433,    1738,    1091015,    000h 00m 01.738s,    000h 18m 11.015s
434,    1575,    1092590,    000h 00m 01.575s,    000h 18m 12.590s
435,    1718,    1094308,    000h 00m 01.718s,    000h 18m 14.308s
436,    1419,    1095727,    000h 00m 01.419s,    000h 18m 15.727s
437,    1665,    1097392,    000h 00m 01.665s,    000h 18m 17.392s
438,    1712,    1099104,    000h 00m 01.712s,    000h 18m 19.104s
439,    1709,    1100813,    000h 00m 01.709s,    000h 18m 20.813s
440,    1461,    1102274,    000h 00m 01.461s,    000h 18m 22.274s
441,    1537,    1103811,    000h 00m 01.537s,    000h 18m 23.811s
442,    1537,    1105348,    000h 00m 01.537s,    000h 18m 25.348s
443,    1730,    1107078,    000h 00m 01.730s,    000h 18m 27.078s
444,    1408,    1108486,    000h 00m 01.408s,    000h 18m 28.486s
445,    1662,    1110148,    000h 00m 01.662s,    000h 18m 30.148s
446,    1591,    1111739,    000h 00m 01.591s,    000h 18m 31.739s
447,    1525,    1113264,    000h 00m 01.525s,    000h 18m 33.264s
448,    1501,    1114765,    000h 00m 01.501s,    000h 18m 34.765s
449,    1461,    1116226,    000h 00m 01.461s,    000h 18m 36.226s
450,    1530,    1117756,    000h 00m 01.530s,    000h 18m 37.756s
451,    1433,    1119189,    000h 00m 01.433s,    000h 18m 39.189s
452,    1697,    1120886,    000h 00m 01.697s,    000h 18m 40.886s
453,    1745,    1122631,    000h 00m 01.745s,    000h 18m 42.631s
454,    1572,    1124203,    000h 00m 01.572s,    000h 18m 44.203s
455,    1550,    1125753,    000h 00m 01.550s,    000h 18m 45.753s
456,    1467,    1127220,    000h 00m 01.467s,    000h 18m 47.220s
457,    1430,    1128650,    000h 00m 01.430s,    000h 18m 48.650s
458,    1591,    1130241,    000h 00m 01.591s,    000h 18m 50.241s
459,    1706,    1131947,    000h 00m 01.706s,    000h 18m 51.947s
460,    1648,    1133595,    000h 00m 01.648s,    000h 18m 53.595s
461,    1450,    1135045,    000h 00m 01.450s,    000h 18m 55.045s
462,    1697,    1136742,    000h 00m 01.697s,    000h 18m 56.742s
463,    1727,    1138469,    000h 00m 01.727s,    000h 18m 58.469s
464,    1696,    1140165,    000h 00m 01.696s,    000h 19m 00.165s
465,    1725,    1141890,    000h 00m 01.725s,    000h 19m 01.890s
466,    1739,    1143629,    000h 00m 01.739s,    000h 19m 03.629s
467,    1779,    1145408,    000h 00m 01.779s,    000h 19m 05.408s
468,    1557,    1146965,    000h 00m 01.557s,    000h 19m 06.965s
469,    1709,    1148674,    000h 00m 01.709s,    000h 19m 08.674s
470,    1748,    1150422,    000h 00m 01.748s,    000h 19m 10.422s
471,    1474,    1151896,    000h 00m 01.474s,    000h 19m 11.896s
472,    1632,    1153528,    000h 00m 01.632s,    000h 19m 13.528s
473,    1402,    1154930,    000h 00m 01.402s,    000h 19m 14.930s
474,    1548,    1156478,    000h 00m 01.548s,    000h 19m 16.478s
475,    1552,    1158030,    000h 00m 01.552s,    000h 19m 18.030s
476,    1470,    1159500,    000h 00m 01.470s,    000h 19m 19.500s
477,    1439,    1160939,    000h 00m 01.439s,    000h 19m 20.939s
478,    1703,    1162642,    000h 00m 01.703s,    000h 19m 22.642s
479,    1522,    1164164,    000h 00m 01.522s,    000h 19m 24.164s
480,    1474,    1165638,    000h 00m 01.474s,    000h 19m 25.638s
481,    1457,    1167095,    000h 00m 01.457s,    000h 19m 27.095s
482,    1612,    1168707,    000h 00m 01.612s,    000h 19m 28.707s
483,    1645,    1170352,    000h 00m 01.645s,    000h 19m 30.352s
484,    1492,    1171844,    000h 00m 01.492s,    000h 19m 31.844s
485,    1685,    1173529,    000h 00m 01.685s,    000h 19m 33.529s
486,    1531,    1175060,    000h 00m 01.531s,    000h 19m 35.060s
487,    1482,    1176542,    000h 00m 01.482s,    000h 19m 36.542s
488,    1611,    1178153,    000h 00m 01.611s,    000h 19m 38.153s
489,    1450,    1179603,    000h 00m 01.450s,    000h 19m 39.603s
490,    1566,    1181169,    000h 00m 01.566s,    000h 19m 41.169s
491,    1656,    1182825,    000h 00m 01.656s,    000h 19m 42.825s
492,    1490,    1184315,    000h 00m 01.490s,    000h 19m 44.315s
493,    1660,    1185975,    000h 00m 01.660s,    000h 19m 45.975s
494,    1682,    1187657,    000h 00m 01.682s,    000h 19m 47.657s
495,    1736,    1189393,    000h 00m 01.736s,    000h 19m 49.393s
496,    1688,    1191081,    000h 00m 01.688s,    000h 19m 51.081s
497,    1615,    1192696,    000h 00m 01.615s,    000h 19m 52.696s
498,    1456,    1194152,    000h 00m 01.456s,    000h 19m 54.152s
499,    1524,    1195676,    000h 00m 01.524s,    000h 19m 55.676s
500,    1654,    1197330,    000h 00m 01.654s,    000h 19m 57.330s
501,    1471,    1198801,    000h 00m 01.471s,    000h 19m 58.801s
502,    1666,    1200467,    000h 00m 01.666s,    000h 20m 00.467s
503,    1737,    1202204,    000h 00m 01.737s,    000h 20m 02.204s
504,    1508,    1203712,    000h 00m 01.508s,    000h 20m 03.712s
505,    1630,    1205342,    000h 00m 01.630s,    000h 20m 05.342s
506,    1635,    1206977,    000h 00m 01.635s,    000h 20m 06.977s
507,    1503,    1208480,    000h 00m 01.503s,    000h 20m 08.480s
508,    1517,    1209997,    000h 00m 01.517s,    000h 20m 09.997s
509,    1529,    1211526,    000h 00m 01.529s,    000h 20m 11.526s
510,    1532,    1213058,    000h 00m 01.532s,    000h 20m 13.058s
511,    1536,    1214594,    000h 00m 01.536s,    000h 20m 14.594s
512,    1588,    1216182,    000h 00m 01.588s,    000h 20m 16.182s
513,    1580,    1217762,    000h 00m 01.580s,    000h 20m 17.762s
514,    1432,    1219194,    000h 00m 01.432s,    000h 20m 19.194s
515,    1648,    1220842,    000h 00m 01.648s,    000h 20m 20.842s
516,    1399,    1222241,    000h 00m 01.399s,    000h 20m 22.241s
517,    1728,    1223969,    000h 00m 01.728s,    000h 20m 23.969s
518,    1544,    1225513,    000h 00m 01.544s,    000h 20m 25.513s
519,    1438,    1226951,    000h 00m 01.438s,    000h 20m 26.951s
520,    1473,    1228424,    000h 00m 01.473s,    000h 20m 28.424s
521,    1416,    1229840,    000h 00m 01.416s,    000h 20m 29.840s
522,    1700,    1231540,    000h 00m 01.700s,    000h 20m 31.540s
523,    1463,    1233003,    000h 00m 01.463s,    000h 20m 33.003s
524,    1478,    1234481,    000h 00m 01.478s,    000h 20m 34.481s
525,    1498,    1235979,    000h 00m 01.498s,    000h 20m 35.979s
526,    1613,    1237592,    000h 00m 01.613s,    000h 20m 37.592s
527,    1631,    1239223,    000h 00m 01.631s,    000h 20m 39.223s
528,    1489,    1240712,    000h 00m 01.489s,    000h 20m 40.712s
529,    1509,    1242221,    000h 00m 01.509s,    000h 20m 42.221s
530,    1605,    1243826,    000h 00m 01.605s,    000h 20m 43.826s
531,    1487,    1245313,    000h 00m 01.487s,    000h 20m 45.313s
532,    1684,    1246997,    000h 00m 01.684s,    000h 20m 46.997s
533,    1511,    1248508,    000h 00m 01.511s,    000h 20m 48.508s
534,    1635,    1250143,    000h 00m 01.635s,    000h 20m 50.143s
535,    1489,    1251632,    000h 00m 01.489s,    000h 20m 51.632s
536,    1628,    1253260,    000h 00m 01.628s,    000h 20m 53.260s
537,    1718,    1254978,    000h 00m 01.718s,    000h 20m 54.978s
538,    1575,    1256553,    000h 00m 01.575s,    000h 20m 56.553s
539,    1725,    1258278,    000h 00m 01.725s,    000h 20m 58.278s
540,    1461,    1259739,    000h 00m 01.461s,    000h 20m 59.739s
541,    1473,    1261212,    000h 00m 01.473s,    000h 21m 01.212s
542,    1481,    1262693,    000h 00m 01.481s,    000h 21m 02.693s
543,    1477,    1264170,    000h 00m 01.477s,    000h 21m 04.170s
544,    1635,    1265805,    000h 00m 01.635s,    000h 21m 05.805s
545,    1625,    1267430,    000h 00m 01.625s,    000h 21m 07.430s
546,    1440,    1268870,    000h 00m 01.440s,    000h 21m 08.870s
547,    1502,    1270372,    000h 00m 01.502s,    000h 21m 10.372s
548,    1657,    1272029,    000h 00m 01.657s,    000h 21m 12.029s
549,    1530,    1273559,    000h 00m 01.530s,    000h 21m 13.559s
550,    1655,    1275214,    000h 00m 01.655s,    000h 21m 15.214s
551,    1578,    1276792,    000h 00m 01.578s,    000h 21m 16.792s
552,    1498,    1278290,    000h 00m 01.498s,    000h 21m 18.290s
553,    1636,    1279926,    000h 00m 01.636s,    000h 21m 19.926s
554,    1559,    1281485,    000h 00m 01.559s,    000h 21m 21.485s
555,    1470,    1282955,    000h 00m 01.470s,    000h 21m 22.955s
556,    1555,    1284510,    000h 00m 01.555s,    000h 21m 24.510s
557,    1722,    1286232,    000h 00m 01.722s,    000h 21m 26.232s
558,    1600,    1287832,    000h 00m 01.600s,    000h 21m 27.832s
559,    1503,    1289335,    000h 00m 01.503s,    000h 21m 29.335s
560,    1601,    1290936,    000h 00m 01.601s,    000h 21m 30.936s
561,    1646,    1292582,    000h 00m 01.646s,    000h 21m 32.582s
562,    1446,    1294028,    000h 00m 01.446s,    000h 21m 34.028s
563,    1601,    1295629,    000h 00m 01.601s,    000h 21m 35.629s
564,    1682,    1297311,    000h 00m 01.682s,    000h 21m 37.311s
565,    1636,    1298947,    000h 00m 01.636s,    000h 21m 38.947s
566,    1581,    1300528,    000h 00m 01.581s,    000h 21m 40.528s
567,    1499,    1302027,    000h 00m 01.499s,    000h 21m 42.027s
568,    1608,    1303635,    000h 00m 01.608s,    000h 21m 43.635s
569,    1597,    1305232,    000h 00m 01.597s,    000h 21m 45.232s
570,    1521,    1306753,    000h 00m 01.521s,    000h 21m 46.753s
571,    1461,    1308214,    000h 00m 01.461s,    000h 21m 48.214s
572,    1538,    1309752,    000h 00m 01.538s,    000h 21m 49.752s
573,    1516,    1311268,    000h 00m 01.516s,    000h 21m 51.268s
574,    1511,    1312779,    000h 00m 01.511s,    000h 21m 52.779s
575,    1596,    1314375,    000h 00m 01.596s,    000h 21m 54.375s
576,    1705,    1316080,    000h 00m 01.705s,    000h 21m 56.080s
577,    1652,    1317732,    000h 00m 01.652s,    000h 21m 57.732s
578,    1529,    1319261,    000h 00m 01.529s,    000h 21m 59.261s
579,    1677,    1320938,    000h 00m 01.677s,    000h 22m 00.938s
580,    1657,    1322595,    000h 00m 01.657s,    000h 22m 02.595s
581,    1668,    1324263,    000h 00m 01.668s,    000h 22m 04.263s
582,    1733,    1325996,    000h 00m 01.733s,    000h 22m 05.996s
583,    1455,    1327451,    000h 00m 01.455s,    000h 22m 07.451s
584,    1707,    1329158,    000h 00m 01.707s,    000h 22m 09.158s
585,    1626,    1330784,    000h 00m 01.626s,    000h 22m 10.784s
586,    1517,    1332301,    000h 00m 01.517s,    000h 22m 12.301s
587,    1612,    1333913,    000h 00m 01.612s,    000h 22m 13.913s
588,    1559,    1335472,    000h 00m 01.559s,    000h 22m 15.472s
589,    1517,    1336989,    000h 00m 01.517s,    000h 22m 16.989s
590,    1564,    1338553,    000h 00m 01.564s,    000h 22m 18.553s
591,    1615,    1340168,    000h 00m 01.615s,    000h 22m 20.168s
592,    1681,    1341849,    000h 00m 01.681s,    000h 22m 21.849s
593,    1612,    1343461,    000h 00m 01.612s,    000h 22m 23.461s
594,    1437,    1344898,    000h 00m 01.437s,    000h 22m 24.898s
595,    1616,    1346514,    000h 00m 01.616s,    000h 22m 26.514s
596,    1545,    1348059,    000h 00m 01.545s,    000h 22m 28.059s
597,    1559,    1349618,    000h 00m 01.559s,    000h 22m 29.618s
598,    1727,    1351345,    000h 00m 01.727s,    000h 22m 31.345s
599,    1554,    1352899,    000h 00m 01.554s,    000h 22m 32.899s
600,    1677,    1354576,    000h 00m 01.677s,    000h 22m 34.576s
601,    1710,    1356286,    000h 00m 01.710s,    000h 22m 36.286s
602,    1589,    1357875,    000h 00m 01.589s,    000h 22m 37.875s
603,    1650,    1359525,    000h 00m 01.650s,    000h 22m 39.525s
604,    1599,    1361124,    000h 00m 01.599s,    000h 22m 41.124s
605,    1643,    1362767,    000h 00m 01.643s,    000h 22m 42.767s
606,    1457,    1364224,    000h 00m 01.457s,    000h 22m 44.224s
607,    1592,    1365816,    000h 00m 01.592s,    000h 22m 45.816s
608,    1599,    1367415,    000h 00m 01.599s,    000h 22m 47.415s
609,    1569,    1368984,    000h 00m 01.569s,    000h 22m 48.984s
610,    1652,    1370636,    000h 00m 01.652s,    000h 22m 50.636s
611,    1673,    1372309,    000h 00m 01.673s,    000h 22m 52.309s
612,    1722,    1374031,    000h 00m 01.722s,    000h 22m 54.031s
613,    1499,    1375530,    000h 00m 01.499s,    000h 22m 55.530s
614,    1594,    1377124,    000h 00m 01.594s,    000h 22m 57.124s
615,    1595,    1378719,    000h 00m 01.595s,    000h 22m 58.719s
616,    1623,    1380342,    000h 00m 01.623s,    000h 23m 00.342s
617,    1485,    1381827,    000h 00m 01.485s,    000h 23m 01.827s
618,    1508,    1383335,    000h 00m 01.508s,    000h 23m 03.335s
619,    1452,    1384787,    000h 00m 01.452s,    000h 23m 04.787s
620,    1465,    1386252,    000h 00m 01.465s,    000h 23m 06.252s
621,    1642,    1387894,    000h 00m 01.642s,    000h 23m 07.894s
622,    1481,    1389375,    000h 00m 01.481s,    000h 23m 09.375s
623,    1710,    1391085,    000h 00m 01.710s,    000h 23m 11.085s
624,    1485,    1392570,    000h 00m 01.485s,    000h 23m 12.570s
625,    1582,    1394152,    000h 00m 01.582s,    000h 23m 14.152s
626,    1679,    1395831,    000h 00m 01.679s,    000h 23m 15.831s
627,    1435,    1397266,    000h 00m 01.435s,    000h 23m 17.266s
628,    1552,    1398818,    000h 00m 01.552s,    000h 23m 18.818s
629,    1529,    1400347,    000h 00m 01.529s,    000h 23m 20.347s
630,    1603,    1401950,    000h 00m 01.603s,    000h 23m 21.950s
631,    1652,    1403602,    000h 00m 01.652s,    000h 23m 23.602s
632,    1506,    1405108,    000h 00m 01.506s,    000h 23m 25.108s
633,    1679,    1406787,    000h 00m 01.679s,    000h 23m 26.787s
634,    1523,    1408310,    000h 00m 01.523s,    000h 23m 28.310s
635,    1420,    1409730,    000h 00m 01.420s,    000h 23m 29.730s
636,    1499,    1411229,    000h 00m 01.499s,    000h 23m 31.229s
637,    1657,    1412886,    000h 00m 01.657s,    000h 23m 32.886s
638,    1659,    1414545,    000h 00m 01.659s,    000h 23m 34.545s
639,    1653,    1416198,    000h 00m 01.653s,    000h 23m 36.198s
640,    1590,    1417788,    000h 00m 01.590s,    000h 23m 37.788s
641,    1538,    1419326,    000h 00m 01.538s,    000h 23m 39.326s
642,    1505,    1420831,    000h 00m 01.505s,    000h 23m 40.831s
643,    1506,    1422337,    000h 00m 01.506s,    000h 23m 42.337s
644,    1515,    1423852,    000h 00m 01.515s,    000h 23m 43.852s
645,    1448,    1425300,    000h 00m 01.448s,    000h 23m 45.300s
646,    1473,    1426773,    000h 00m 01.473s,    000h 23m 46.773s
647,    1557,    1428330,    000h 00m 01.557s,    000h 23m 48.330s
648,    1470,    1429800,    000h 00m 01.470s,    000h 23m 49.800s
649,    1436,    1431236,    000h 00m 01.436s,    000h 23m 51.236s
650,    1471,    1432707,    000h 00m 01.471s,    000h 23m 52.707s
651,    1508,    1434215,    000h 00m 01.508s,    000h 23m 54.215s
652,    1473,    1435688,    000h 00m 01.473s,    000h 23m 55.688s
653,    1578,    1437266,    000h 00m 01.578s,    000h 23m 57.266s
654,    1555,    1438821,    000h 00m 01.555s,    000h 23m 58.821s
655,    1471,    1440292,    000h 00m 01.471s,    000h 24m 00.292s
656,    1633,    1441925,    000h 00m 01.633s,    000h 24m 01.925s
657,    1397,    1443322,    000h 00m 01.397s,    000h 24m 03.322s
658,    1643,    1444965,    000h 00m 01.643s,    000h 24m 04.965s
659,    1498,    1446463,    000h 00m 01.498s,    000h 24m 06.463s
660,    1595,    1448058,    000h 00m 01.595s,    000h 24m 08.058s
661,    1503,    1449561,    000h 00m 01.503s,    000h 24m 09.561s
662,    1698,    1451259,    000h 00m 01.698s,    000h 24m 11.259s
663,    1585,    1452844,    000h 00m 01.585s,    000h 24m 12.844s
664,    1628,    1454472,    000h 00m 01.628s,    000h 24m 14.472s
665,    1471,    1455943,    000h 00m 01.471s,    000h 24m 15.943s
666,    1502,    1457445,    000h 00m 01.502s,    000h 24m 17.445s
667,    1658,    1459103,    000h 00m 01.658s,    000h 24m 19.103s
668,    1623,    1460726,    000h 00m 01.623s,    000h 24m 20.726s
669,    1734,    1462460,    000h 00m 01.734s,    000h 24m 22.460s
670,    1530,    1463990,    000h 00m 01.530s,    000h 24m 23.990s
671,    1547,    1465537,    000h 00m 01.547s,    000h 24m 25.537s
672,    1620,    1467157,    000h 00m 01.620s,    000h 24m 27.157s
673,    1639,    1468796,    000h 00m 01.639s,    000h 24m 28.796s
674,    1756,    1470552,    000h 00m 01.756s,    000h 24m 30.552s
675,    1438,    1471990,    000h 00m 01.438s,    000h 24m 31.990s
676,    1516,    1473506,    000h 00m 01.516s,    000h 24m 33.506s
677,    1590,    1475096,    000h 00m 01.590s,    000h 24m 35.096s
678,    1672,    1476768,    000h 00m 01.672s,    000h 24m 36.768s
679,    1678,    1478446,    000h 00m 01.678s,    000h 24m 38.446s
680,    1692,    1480138,    000h 00m 01.692s,    000h 24m 40.138s
681,    1391,    1481529,    000h 00m 01.391s,    000h 24m 41.529s
682,    1632,    1483161,    000h 00m 01.632s,    000h 24m 43.161s
683,    1498,    1484659,    000h 00m 01.498s,    000h 24m 44.659s
684,    1531,    1486190,    000h 00m 01.531s,    000h 24m 46.190s
685,    1687,    1487877,    000h 00m 01.687s,    000h 24m 47.877s
686,    1740,    1489617,    000h 00m 01.740s,    000h 24m 49.617s
687,    1661,    1491278,    000h 00m 01.661s,    000h 24m 51.278s
688,    1706,    1492984,    000h 00m 01.706s,    000h 24m 52.984s
689,    1718,    1494702,    000h 00m 01.718s,    000h 24m 54.702s
690,    1571,    1496273,    000h 00m 01.571s,    000h 24m 56.273s
691,    1620,    1497893,    000h 00m 01.620s,    000h 24m 57.893s
692,    1496,    1499389,    000h 00m 01.496s,    000h 24m 59.389s
693,    1620,    1501009,    000h 00m 01.620s,    000h 25m 01.009s
694,    1618,    1502627,    000h 00m 01.618s,    000h 25m 02.627s
695,    1659,    1504286,    000h 00m 01.659s,    000h 25m 04.286s
696,    1596,    1505882,    000h 00m 01.596s,    000h 25m 05.882s
697,    1444,    1507326,    000h 00m 01.444s,    000h 25m 07.326s
698,    1648,    1508974,    000h 00m 01.648s,    000h 25m 08.974s
699,    1598,    1510572,    000h 00m 01.598s,    000h 25m 10.572s
700,    1622,    1512194,    000h 00m 01.622s,    000h 25m 12.194s
701,    1695,    1513889,    000h 00m 01.695s,    000h 25m 13.889s
702,    1688,    1515577,    000h 00m 01.688s,    000h 25m 15.577s
703,    1578,    1517155,    000h 00m 01.578s,    000h 25m 17.155s
704,    1754,    1518909,    000h 00m 01.754s,    000h 25m 18.909s
705,    1450,    1520359,    000h 00m 01.450s,    000h 25m 20.359s
706,    1555,    1521914,    000h 00m 01.555s,    000h 25m 21.914s
707,    1656,    1523570,    000h 00m 01.656s,    000h 25m 23.570s
708,    1451,    1525021,    000h 00m 01.451s,    000h 25m 25.021s
709,    1386,    1526407,    000h 00m 01.386s,    000h 25m 26.407s
710,    1404,    1527811,    000h 00m 01.404s,    000h 25m 27.811s
711,    1609,    1529420,    000h 00m 01.609s,    000h 25m 29.420s
712,    1615,    1531035,    000h 00m 01.615s,    000h 25m 31.035s
713,    1536,    1532571,    000h 00m 01.536s,    000h 25m 32.571s
714,    1631,    1534202,    000h 00m 01.631s,    000h 25m 34.202s
715,    1499,    1535701,    000h 00m 01.499s,    000h 25m 35.701s
716,    1472,    1537173,    000h 00m 01.472s,    000h 25m 37.173s
717,    1383,    1538556,    000h 00m 01.383s,    000h 25m 38.556s
718,    1497,    1540053,    000h 00m 01.497s,    000h 25m 40.053s
719,    1497,    1541550,    000h 00m 01.497s,    000h 25m 41.550s
720,    1449,    1542999,    000h 00m 01.449s,    000h 25m 42.999s
721,    1573,    1544572,    000h 00m 01.573s,    000h 25m 44.572s
722,    1634,    1546206,    000h 00m 01.634s,    000h 25m 46.206s
723,    1405,    1547611,    000h 00m 01.405s,    000h 25m 47.611s
724,    1486,    1549097,    000h 00m 01.486s,    000h 25m 49.097s
725,    1635,    1550732,    000h 00m 01.635s,    000h 25m 50.732s
726,    1478,    1552210,    000h 00m 01.478s,    000h 25m 52.210s
727,    1477,    1553687,    000h 00m 01.477s,    000h 25m 53.687s
728,    1702,    1555389,    000h 00m 01.702s,    000h 25m 55.389s
729,    1447,    1556836,    000h 00m 01.447s,    000h 25m 56.836s
730,    1423,    1558259,    000h 00m 01.423s,    000h 25m 58.259s
731,    1679,    1559938,    000h 00m 01.679s,    000h 25m 59.938s
732,    1447,    1561385,    000h 00m 01.447s,    000h 26m 01.385s
733,    1545,    1562930,    000h 00m 01.545s,    000h 26m 02.930s
734,    1510,    1564440,    000h 00m 01.510s,    000h 26m 04.440s
735,    1492,    1565932,    000h 00m 01.492s,    000h 26m 05.932s
736,    1653,    1567585,    000h 00m 01.653s,    000h 26m 07.585s
737,    1666,    1569251,    000h 00m 01.666s,    000h 26m 09.251s
738,    1574,    1570825,    000h 00m 01.574s,    000h 26m 10.825s
739,    1501,    1572326,    000h 00m 01.501s,    000h 26m 12.326s
740,    1688,    1574014,    000h 00m 01.688s,    000h 26m 14.014s
741,    1535,    1575549,    000h 00m 01.535s,    000h 26m 15.549s
742,    1528,    1577077,    000h 00m 01.528s,    000h 26m 17.077s
743,    1387,    1578464,    000h 00m 01.387s,    000h 26m 18.464s
744,    1464,    1579928,    000h 00m 01.464s,    000h 26m 19.928s
745,    1483,    1581411,    000h 00m 01.483s,    000h 26m 21.411s
746,    1601,    1583012,    000h 00m 01.601s,    000h 26m 23.012s
747,    1415,    1584427,    000h 00m 01.415s,    000h 26m 24.427s
748,    1659,    1586086,    000h 00m 01.659s,    000h 26m 26.086s
749,    1579,    1587665,    000h 00m 01.579s,    000h 26m 27.665s
750,    1718,    1589383,    000h 00m 01.718s,    000h 26m 29.383s
751,    1638,    1591021,    000h 00m 01.638s,    000h 26m 31.021s
752,    1400,    1592421,    000h 00m 01.400s,    000h 26m 32.421s
753,    1553,    1593974,    000h 00m 01.553s,    000h 26m 33.974s
754,    1686,    1595660,    000h 00m 01.686s,    000h 26m 35.660s
755,    1441,    1597101,    000h 00m 01.441s,    000h 26m 37.101s
756,    1667,    1598768,    000h 00m 01.667s,    000h 26m 38.768s
757,    1464,    1600232,    000h 00m 01.464s,    000h 26m 40.232s
758,    1474,    1601706,    000h 00m 01.474s,    000h 26m 41.706s
759,    1639,    1603345,    000h 00m 01.639s,    000h 26m 43.345s
760,    1602,    1604947,    000h 00m 01.602s,    000h 26m 44.947s
761,    1580,    1606527,    000h 00m 01.580s,    000h 26m 46.527s
762,    1423,    1607950,    000h 00m 01.423s,    000h 26m 47.950s
763,    1561,    1609511,    000h 00m 01.561s,    000h 26m 49.511s
764,    1584,    1611095,    000h 00m 01.584s,    000h 26m 51.095s
765,    1671,    1612766,    000h 00m 01.671s,    000h 26m 52.766s
766,    1537,    1614303,    000h 00m 01.537s,    000h 26m 54.303s
767,    1522,    1615825,    000h 00m 01.522s,    000h 26m 55.825s
768,    1649,    1617474,    000h 00m 01.649s,    000h 26m 57.474s
769,    1510,    1618984,    000h 00m 01.510s,    000h 26m 58.984s
770,    1563,    1620547,    000h 00m 01.563s,    000h 27m 00.547s
771,    1599,    1622146,    000h 00m 01.599s,    000h 27m 02.146s
772,    1501,    1623647,    000h 00m 01.501s,    000h 27m 03.647s
773,    1678,    1625325,    000h 00m 01.678s,    000h 27m 05.325s
774,    1531,    1626856,    000h 00m 01.531s,    000h 27m 06.856s
775,    1586,    1628442,    000h 00m 01.586s,    000h 27m 08.442s
776,    1590,    1630032,    000h 00m 01.590s,    000h 27m 10.032s
777,    1407,    1631439,    000h 00m 01.407s,    000h 27m 11.439s
778,    1406,    1632845,    000h 00m 01.406s,    000h 27m 12.845s
779,    1452,    1634297,    000h 00m 01.452s,    000h 27m 14.297s
780,    1406,    1635703,    000h 00m 01.406s,    000h 27m 15.703s
781,    1503,    1637206,    000h 00m 01.503s,    000h 27m 17.206s
782,    1640,    1638846,    000h 00m 01.640s,    000h 27m 18.846s
783,    1618,    1640464,    000h 00m 01.618s,    000h 27m 20.464s
784,    1492,    1641956,    000h 00m 01.492s,    000h 27m 21.956s
785,    1671,    1643627,    000h 00m 01.671s,    000h 27m 23.627s
786,    1726,    1645353,    000h 00m 01.726s,    000h 27m 25.353s
787,    1661,    1647014,    000h 00m 01.661s,    000h 27m 27.014s
788,    1541,    1648555,    000h 00m 01.541s,    000h 27m 28.555s
789,    1388,    1649943,    000h 00m 01.388s,    000h 27m 29.943s
790,    1700,    1651643,    000h 00m 01.700s,    000h 27m 31.643s
791,    1559,    1653202,    000h 00m 01.559s,    000h 27m 33.202s
792,    1502,    1654704,    000h 00m 01.502s,    000h 27m 34.704s
793,    1481,    1656185,    000h 00m 01.481s,    000h 27m 36.185s
794,    1471,    1657656,    000h 00m 01.471s,    000h 27m 37.656s
795,    1542,    1659198,    000h 00m 01.542s,    000h 27m 39.198s
796,    1417,    1660615,    000h 00m 01.417s,    000h 27m 40.615s
797,    1390,    1662005,    000h 00m 01.390s,    000h 27m 42.005s
798,    1599,    1663604,    000h 00m 01.599s,    000h 27m 43.604s
799,    1719,    1665323,    000h 00m 01.719s,    000h 27m 45.323s
800,    1683,    1667006,    000h 00m 01.683s,    000h 27m 47.006s
801,    1445,    1668451,    000h 00m 01.445s,    000h 27m 48.451s
802,    1677,    1670128,    000h 00m 01.677s,    000h 27m 50.128s
803,    1709,    1671837,    000h 00m 01.709s,    000h 27m 51.837s
804,    1596,    1673433,    000h 00m 01.596s,    000h 27m 53.433s
805,    1649,    1675082,    000h 00m 01.649s,    000h 27m 55.082s
806,    1603,    1676685,    000h 00m 01.603s,    000h 27m 56.685s
807,    1585,    1678270,    000h 00m 01.585s,    000h 27m 58.270s
808,    1467,    1679737,    000h 00m 01.467s,    000h 27m 59.737s
809,    1546,    1681283,    000h 00m 01.546s,    000h 28m 01.283s
810,    1466,    1682749,    000h 00m 01.466s,    000h 28m 02.749s
811,    1537,    1684286,    000h 00m 01.537s,    000h 28m 04.286s
812,    1691,    1685977,    000h 00m 01.691s,    000h 28m 05.977s
813,    1396,    1687373,    000h 00m 01.396s,    000h 28m 07.373s
814,    1717,    1689090,    000h 00m 01.717s,    000h 28m 09.090s
815,    1447,    1690537,    000h 00m 01.447s,    000h 28m 10.537s
816,    1539,    1692076,    000h 00m 01.539s,    000h 28m 12.076s
817,    1739,    1693815,    000h 00m 01.739s,    000h 28m 13.815s
818,    1568,    1695383,    000h 00m 01.568s,    000h 28m 15.383s
819,    1459,    1696842,    000h 00m 01.459s,    000h 28m 16.842s
820,    1610,    1698452,    000h 00m 01.610s,    000h 28m 18.452s
821,    1607,    1700059,    000h 00m 01.607s,    000h 28m 20.059s
822,    1694,    1701753,    000h 00m 01.694s,    000h 28m 21.753s
823,    1435,    1703188,    000h 00m 01.435s,    000h 28m 23.188s
824,    1488,    1704676,    000h 00m 01.488s,    000h 28m 24.676s
825,    1603,    1706279,    000h 00m 01.603s,    000h 28m 26.279s
826,    1739,    1708018,    000h 00m 01.739s,    000h 28m 28.018s
827,    1516,    1709534,    000h 00m 01.516s,    000h 28m 29.534s
828,    1590,    1711124,    000h 00m 01.590s,    000h 28m 31.124s
829,    1737,    1712861,    000h 00m 01.737s,    000h 28m 32.861s
830,    1521,    1714382,    000h 00m 01.521s,    000h 28m 34.382s
831,    1681,    1716063,    000h 00m 01.681s,    000h 28m 36.063s
832,    1570,    1717633,    000h 00m 01.570s,    000h 28m 37.633s
833,    1497,    1719130,    000h 00m 01.497s,    000h 28m 39.130s
834,    1683,    1720813,    000h 00m 01.683s,    000h 28m 40.813s
835,    1515,    1722328,    000h 00m 01.515s,    000h 28m 42.328s
836,    1515,    1723843,    000h 00m 01.515s,    000h 28m 43.843s
837,    1684,    1725527,    000h 00m 01.684s,    000h 28m 45.527s
838,    1450,    1726977,    000h 00m 01.450s,    000h 28m 46.977s
839,    1432,    1728409,    000h 00m 01.432s,    000h 28m 48.409s
840,    1695,    1730104,    000h 00m 01.695s,    000h 28m 50.104s
841,    1522,    1731626,    000h 00m 01.522s,    000h 28m 51.626s
842,    1435,    1733061,    000h 00m 01.435s,    000h 28m 53.061s
843,    1690,    1734751,    000h 00m 01.690s,    000h 28m 54.751s
844,    1629,    1736380,    000h 00m 01.629s,    000h 28m 56.380s
845,    1516,    1737896,    000h 00m 01.516s,    000h 28m 57.896s
846,    1484,    1739380,    000h 00m 01.484s,    000h 28m 59.380s
847,    1588,    1740968,    000h 00m 01.588s,    000h 29m 00.968s
848,    1568,    1742536,    000h 00m 01.568s,    000h 29m 02.536s
849,    1738,    1744274,    000h 00m 01.738s,    000h 29m 04.274s
850,    1454,    1745728,    000h 00m 01.454s,    000h 29m 05.728s
851,    1442,    1747170,    000h 00m 01.442s,    000h 29m 07.170s
852,    1474,    1748644,    000h 00m 01.474s,    000h 29m 08.644s
853,    1674,    1750318,    000h 00m 01.674s,    000h 29m 10.318s
854,    1555,    1751873,    000h 00m 01.555s,    000h 29m 11.873s
855,    1462,    1753335,    000h 00m 01.462s,    000h 29m 13.335s
856,    1692,    1755027,    000h 00m 01.692s,    000h 29m 15.027s
857,    1497,    1756524,    000h 00m 01.497s,    000h 29m 16.524s
858,    1734,    1758258,    000h 00m 01.734s,    000h 29m 18.258s
859,    1629,    1759887,    000h 00m 01.629s,    000h 29m 19.887s
860,    1616,    1761503,    000h 00m 01.616s,    000h 29m 21.503s
861,    1460,    1762963,    000h 00m 01.460s,    000h 29m 22.963s
862,    1646,    1764609,    000h 00m 01.646s,    000h 29m 24.609s
863,    1530,    1766139,    000h 00m 01.530s,    000h 29m 26.139s
864,    1601,    1767740,    000h 00m 01.601s,    000h 29m 27.740s
865,    1592,    1769332,    000h 00m 01.592s,    000h 29m 29.332s
866,    1595,    1770927,    000h 00m 01.595s,    000h 29m 30.927s
867,    1498,    1772425,    000h 00m 01.498s,    000h 29m 32.425s
868,    1733,    1774158,    000h 00m 01.733s,    000h 29m 34.158s
869,    1434,    1775592,    000h 00m 01.434s,    000h 29m 35.592s
870,    1677,    1777269,    000h 00m 01.677s,    000h 29m 37.269s
871,    1637,    1778906,    000h 00m 01.637s,    000h 29m 38.906s
872,    1516,    1780422,    000h 00m 01.516s,    000h 29m 40.422s
873,    1419,    1781841,    000h 00m 01.419s,    000h 29m 41.841s
874,    1586,    1783427,    000h 00m 01.586s,    000h 29m 43.427s
875,    1480,    1784907,    000h 00m 01.480s,    000h 29m 44.907s
876,    1630,    1786537,    000h 00m 01.630s,    000h 29m 46.537s
877,    1478,    1788015,    000h 00m 01.478s,    000h 29m 48.015s
878,    1531,    1789546,    000h 00m 01.531s,    000h 29m 49.546s
879,    1575,    1791121,    000h 00m 01.575s,    000h 29m 51.121s
880,    1633,    1792754,    000h 00m 01.633s,    000h 29m 52.754s
881,    1441,    1794195,    000h 00m 01.441s,    000h 29m 54.195s
882,    1485,    1795680,    000h 00m 01.485s,    000h 29m 55.680s
883,    1470,    1797150,    000h 00m 01.470s,    000h 29m 57.150s
884,    1473,    1798623,    000h 00m 01.473s,    000h 29m 58.623s
885,    1667,    1800290,    000h 00m 01.667s,    000h 30m 00.290s
886,    1432,    1801722,    000h 00m 01.432s,    000h 30m 01.722s
887,    1465,    1803187,    000h 00m 01.465s,    000h 30m 03.187s
888,    1504,    1804691,    000h 00m 01.504s,    000h 30m 04.691s
889,    1640,    1806331,    000h 00m 01.640s,    000h 30m 06.331s
890,    1710,    1808041,    000h 00m 01.710s,    000h 30m 08.041s
891,    1631,    1809672,    000h 00m 01.631s,    000h 30m 09.672s
892,    1554,    1811226,    000h 00m 01.554s,    000h 30m 11.226s
893,    1561,    1812787,    000h 00m 01.561s,    000h 30m 12.787s
894,    1561,    1814348,    000h 00m 01.561s,    000h 30m 14.348s
895,    1695,    1816043,    000h 00m 01.695s,    000h 30m 16.043s
896,    1680,    1817723,    000h 00m 01.680s,    000h 30m 17.723s
897,    1539,    1819262,    000h 00m 01.539s,    000h 30m 19.262s
898,    1519,    1820781,    000h 00m 01.519s,    000h 30m 20.781s
899,    1555,    1822336,    000h 00m 01.555s,    000h 30m 22.336s
900,    1592,    1823928,    000h 00m 01.592s,    000h 30m 23.928s
901,    1705,    1825633,    000h 00m 01.705s,    000h 30m 25.633s
902,    1443,    1827076,    000h 00m 01.443s,    000h 30m 27.076s
903,    1642,    1828718,    000h 00m 01.642s,    000h 30m 28.718s
904,    1485,    1830203,    000h 00m 01.485s,    000h 30m 30.203s
905,    1511,    1831714,    000h 00m 01.511s,    000h 30m 31.714s
906,    1656,    1833370,    000h 00m 01.656s,    000h 30m 33.370s
907,    1682,    1835052,    000h 00m 01.682s,    000h 30m 35.052s
908,    1533,    1836585,    000h 00m 01.533s,    000h 30m 36.585s
909,    1631,    1838216,    000h 00m 01.631s,    000h 30m 38.216s
910,    1419,    1839635,    000h 00m 01.419s,    000h 30m 39.635s
911,    1701,    1841336,    000h 00m 01.701s,    000h 30m 41.336s
912,    1660,    1842996,    000h 00m 01.660s,    000h 30m 42.996s
913,    1516,    1844512,    000h 00m 01.516s,    000h 30m 44.512s
914,    1563,    1846075,    000h 00m 01.563s,    000h 30m 46.075s
915,    1538,    1847613,    000h 00m 01.538s,    000h 30m 47.613s
916,    1690,    1849303,    000h 00m 01.690s,    000h 30m 49.303s
917,    1532,    1850835,    000h 00m 01.532s,    000h 30m 50.835s
918,    1698,    1852533,    000h 00m 01.698s,    000h 30m 52.533s
919,    1719,    1854252,    000h 00m 01.719s,    000h 30m 54.252s
920,    1499,    1855751,    000h 00m 01.499s,    000h 30m 55.751s
921,    1487,    1857238,    000h 00m 01.487s,    000h 30m 57.238s
922,    1512,    1858750,    000h 00m 01.512s,    000h 30m 58.750s
923,    1641,    1860391,    000h 00m 01.641s,    000h 31m 00.391s
924,    1451,    1861842,    000h 00m 01.451s,    000h 31m 01.842s
925,    1711,    1863553,    000h 00m 01.711s,    000h 31m 03.553s
926,    1719,    1865272,    000h 00m 01.719s,    000h 31m 05.272s
927,    1450,    1866722,    000h 00m 01.450s,    000h 31m 06.722s
928,    1477,    1868199,    000h 00m 01.477s,    000h 31m 08.199s
929,    1426,    1869625,    000h 00m 01.426s,    000h 31m 09.625s
930,    1594,    1871219,    000h 00m 01.594s,    000h 31m 11.219s
931,    1582,    1872801,    000h 00m 01.582s,    000h 31m 12.801s
932,    1509,    1874310,    000h 00m 01.509s,    000h 31m 14.310s
933,    1666,    1875976,    000h 00m 01.666s,    000h 31m 15.976s
934,    1423,    1877399,    000h 00m 01.423s,    000h 31m 17.399s
935,    1650,    1879049,    000h 00m 01.650s,    000h 31m 19.049s
936,    1468,    1880517,    000h 00m 01.468s,    000h 31m 20.517s
937,    1472,    1881989,    000h 00m 01.472s,    000h 31m 21.989s
938,    1455,    1883444,    000h 00m 01.455s,    000h 31m 23.444s
939,    1722,    1885166,    000h 00m 01.722s,    000h 31m 25.166s
940,    1477,    1886643,    000h 00m 01.477s,    000h 31m 26.643s
941,    1572,    1888215,    000h 00m 01.572s,    000h 31m 28.215s
942,    1558,    1889773,    000h 00m 01.558s,    000h 31m 29.773s
943,    1545,    1891318,    000h 00m 01.545s,    000h 31m 31.318s
944,    1621,    1892939,    000h 00m 01.621s,    000h 31m 32.939s
945,    1722,    1894661,    000h 00m 01.722s,    000h 31m 34.661s
946,    1405,    1896066,    000h 00m 01.405s,    000h 31m 36.066s
947,    1589,    1897655,    000h 00m 01.589s,    000h 31m 37.655s
948,    1685,    1899340,    000h 00m 01.685s,    000h 31m 39.340s
949,    1654,    1900994,    000h 00m 01.654s,    000h 31m 40.994s
950,    1697,    1902691,    000h 00m 01.697s,    000h 31m 42.691s
951,    1532,    1904223,    000h 00m 01.532s,    000h 31m 44.223s
952,    1658,    1905881,    000h 00m 01.658s,    000h 31m 45.881s
953,    1724,    1907605,    000h 00m 01.724s,    000h 31m 47.605s
954,    1552,    1909157,    000h 00m 01.552s,    000h 31m 49.157s
955,    1441,    1910598,    000h 00m 01.441s,    000h 31m 50.598s
956,    1557,    1912155,    000h 00m 01.557s,    000h 31m 52.155s
957,    1554,    1913709,    000h 00m 01.554s,    000h 31m 53.709s
958,    1726,    1915435,    000h 00m 01.726s,    000h 31m 55.435s
959,    1684,    1917119,    000h 00m 01.684s,    000h 31m 57.119s
960,    1710,    1918829,    000h 00m 01.710s,    000h 31m 58.829s
961,    1538,    1920367,    000h 00m 01.538s,    000h 32m 00.367s
962,    1510,    1921877,    000h 00m 01.510s,    000h 32m 01.877s
963,    1406,    1923283,    000h 00m 01.406s,    000h 32m 03.283s
964,    1667,    1924950,    000h 00m 01.667s,    000h 32m 04.950s
965,    1448,    1926398,    000h 00m 01.448s,    000h 32m 06.398s
966,    1527,    1927925,    000h 00m 01.527s,    000h 32m 07.925s
967,    1703,    1929628,    000h 00m 01.703s,    000h 32m 09.628s
968,    1414,    1931042,    000h 00m 01.414s,    000h 32m 11.042s
969,    1457,    1932499,    000h 00m 01.457s,    000h 32m 12.499s
970,    1663,    1934162,    000h 00m 01.663s,    000h 32m 14.162s
971,    1703,    1935865,    000h 00m 01.703s,    000h 32m 15.865s
972,    1624,    1937489,    000h 00m 01.624s,    000h 32m 17.489s
973,    1528,    1939017,    000h 00m 01.528s,    000h 32m 19.017s
974,    1522,    1940539,    000h 00m 01.522s,    000h 32m 20.539s
975,    1755,    1942294,    000h 00m 01.755s,    000h 32m 22.294s
976,    1464,    1943758,    000h 00m 01.464s,    000h 32m 23.758s
977,    1478,    1945236,    000h 00m 01.478s,    000h 32m 25.236s
978,    1546,    1946782,    000h 00m 01.546s,    000h 32m 26.782s
979,    1700,    1948482,    000h 00m 01.700s,    000h 32m 28.482s
980,    1465,    1949947,    000h 00m 01.465s,    000h 32m 29.947s
981,    1534,    1951481,    000h 00m 01.534s,    000h 32m 31.481s
982,    1545,    1953026,    000h 00m 01.545s,    000h 32m 33.026s
983,    1660,    1954686,    000h 00m 01.660s,    000h 32m 34.686s
984,    1544,    1956230,    000h 00m 01.544s,    000h 32m 36.230s
985,    1453,    1957683,    000h 00m 01.453s,    000h 32m 37.683s
986,    1692,    1959375,    000h 00m 01.692s,    000h 32m 39.375s
987,    1474,    1960849,    000h 00m 01.474s,    000h 32m 40.849s
988,    1384,    1962233,    000h 00m 01.384s,    000h 32m 42.233s
989,    1445,    1963678,    000h 00m 01.445s,    000h 32m 43.678s
990,    1725,    1965403,    000h 00m 01.725s,    000h 32m 45.403s
991,    1520,    1966923,    000h 00m 01.520s,    000h 32m 46.923s
992,    1688,    1968611,    000h 00m 01.688s,    000h 32m 48.611s
993,    1691,    1970302,    000h 00m 01.691s,    000h 32m 50.302s
994,    1612,    1971914,    000h 00m 01.612s,    000h 32m 51.914s
995,    1441,    1973355,    000h 00m 01.441s,    000h 32m 53.355s
996,    1677,    1975032,    000h 00m 01.677s,    000h 32m 55.032s
997,    1640,    1976672,    000h 00m 01.640s,    000h 32m 56.672s
998,    1512,    1978184,    000h 00m 01.512s,    000h 32m 58.184s
999,    1450,    1979634,    000h 00m 01.450s,    000h 32m 59.634s
1000,    1656,    1981290,    000h 00m 01.656s,    000h 33m 01.290s
1001,    1712,    1983002,    000h 00m 01.712s,    000h 33m 03.002s
1002,    1381,    1984383,    000h 00m 01.381s,    000h 33m 04.383s
1003,    1609,    1985992,    000h 00m 01.609s,    000h 33m 05.992s
1004,    1733,    1987725,    000h 00m 01.733s,    000h 33m 07.725s
1005,    1562,    1989287,    000h 00m 01.562s,    000h 33m 09.287s
1006,    1604,    1990891,    000h 00m 01.604s,    000h 33m 10.891s
1007,    1570,    1992461,    000h 00m 01.570s,    000h 33m 12.461s
1008,    1491,    1993952,    000h 00m 01.491s,    000h 33m 13.952s
1009,    1525,    1995477,    000h 00m 01.525s,    000h 33m 15.477s
1010,    1596,    1997073,    000h 00m 01.596s,    000h 33m 17.073s
1011,    1445,    1998518,    000h 00m 01.445s,    000h 33m 18.518s
1012,    1593,    2000111,    000h 00m 01.593s,    000h 33m 20.111s
1013,    1454,    2001565,    000h 00m 01.454s,    000h 33m 21.565s
1014,    1653,    2003218,    000h 00m 01.653s,    000h 33m 23.218s
1015,    1704,    2004922,    000h 00m 01.704s,    000h 33m 24.922s
1016,    1734,    2006656,    000h 00m 01.734s,    000h 33m 26.656s
1017,    1680,    2008336,    000h 00m 01.680s,    000h 33m 28.336s
1018,    1637,    2009973,    000h 00m 01.637s,    000h 33m 29.973s
1019,    1679,    2011652,    000h 00m 01.679s,    000h 33m 31.652s
1020,    1430,    2013082,    000h 00m 01.430s,    000h 33m 33.082s
1021,    1698,    2014780,    000h 00m 01.698s,    000h 33m 34.780s
1022,    1590,    2016370,    000h 00m 01.590s,    000h 33m 36.370s
1023,    1639,    2018009,    000h 00m 01.639s,    000h 33m 38.009s
1024,    1716,    2019725,    000h 00m 01.716s,    000h 33m 39.725s
1025,    1429,    2021154,    000h 00m 01.429s,    000h 33m 41.154s
