pass,    time (ms),    total time (ms),    time,     total_time
1,    2377,    2377,    000h 00m 02.377s,    000h 00m 02.377s
2,    2129,    4506,    000h 00m 02.129s,    000h 00m 04.506s
3,    2279,    6785,    000h 00m 02.279s,    000h 00m 06.785s
4,    1984,    8769,    000h 00m 01.984s,    000h 00m 08.769s
5,    2130,    10899,    000h 00m 02.130s,    000h 00m 10.899s
6,    2353,    13252,    000h 00m 02.353s,    000h 00m 13.252s
7,    2173,    15425,    000h 00m 02.173s,    000h 00m 15.425s
8,    2532,    17957,    000h 00m 02.532s,    000h 00m 17.957s
9,    3794,    21751,    000h 00m 03.794s,    000h 00m 21.751s
10,    4656,    26407,    000h 00m 04.656s,    000h 00m 26.407s
11,    4455,    30862,    000h 00m 04.455s,    000h 00m 30.862s
12,    4128,    34990,    000h 00m 04.128s,    000h 00m 34.990s
13,    4269,    39259,    000h 00m 04.269s,    000h 00m 39.259s
14,    4691,    43950,    000h 00m 04.691s,    000h 00m 43.950s
15,    4290,    48240,    000h 00m 04.290s,    000h 00m 48.240s
16,    3228,    51468,    000h 00m 03.228s,    000h 00m 51.468s
17,    4371,    55839,    000h 00m 04.371s,    000h 00m 55.839s
18,    4494,    60333,    000h 00m 04.494s,    000h 01m 00.333s
19,    4034,    64367,    000h 00m 04.034s,    000h 01m 04.367s
20,    4725,    69092,    000h 00m 04.725s,    000h 01m 09.092s
21,    4632,    73724,    000h 00m 04.632s,    000h 01m 13.724s
22,    4557,    78281,    000h 00m 04.557s,    000h 01m 18.281s
23,    4501,    82782,    000h 00m 04.501s,    000h 01m 22.782s
24,    4532,    87314,    000h 00m 04.532s,    000h 01m 27.314s
25,    4520,    91834,    000h 00m 04.520s,    000h 01m 31.834s
26,    4154,    95988,    000h 00m 04.154s,    000h 01m 35.988s
27,    4175,    100163,    000h 00m 04.175s,    000h 01m 40.163s
28,    4734,    104897,    000h 00m 04.734s,    000h 01m 44.897s
29,    4260,    109157,    000h 00m 04.260s,    000h 01m 49.157s
30,    3394,    112551,    000h 00m 03.394s,    000h 01m 52.551s
31,    4632,    117183,    000h 00m 04.632s,    000h 01m 57.183s
32,    4375,    121558,    000h 00m 04.375s,    000h 02m 01.558s
33,    4789,    126347,    000h 00m 04.789s,    000h 02m 06.347s
34,    3545,    129892,    000h 00m 03.545s,    000h 02m 09.892s
35,    4199,    134091,    000h 00m 04.199s,    000h 02m 14.091s
36,    4184,    138275,    000h 00m 04.184s,    000h 02m 18.275s
37,    4177,    142452,    000h 00m 04.177s,    000h 02m 22.452s
38,    4071,    146523,    000h 00m 04.071s,    000h 02m 26.523s
39,    4068,    150591,    000h 00m 04.068s,    000h 02m 30.591s
40,    4441,    155032,    000h 00m 04.441s,    000h 02m 35.032s
41,    4461,    159493,    000h 00m 04.461s,    000h 02m 39.493s
42,    4300,    163793,    000h 00m 04.300s,    000h 02m 43.793s
43,    4514,    168307,    000h 00m 04.514s,    000h 02m 48.307s
44,    4284,    172591,    000h 00m 04.284s,    000h 02m 52.591s
45,    4596,    177187,    000h 00m 04.596s,    000h 02m 57.187s
46,    4641,    181828,    000h 00m 04.641s,    000h 03m 01.828s
47,    4616,    186444,    000h 00m 04.616s,    000h 03m 06.444s
48,    4319,    190763,    000h 00m 04.319s,    000h 03m 10.763s
49,    4229,    194992,    000h 00m 04.229s,    000h 03m 14.992s
50,    4664,    199656,    000h 00m 04.664s,    000h 03m 19.656s
51,    4799,    204455,    000h 00m 04.799s,    000h 03m 24.455s
52,    4052,    208507,    000h 00m 04.052s,    000h 03m 28.507s
53,    4661,    213168,    000h 00m 04.661s,    000h 03m 33.168s
54,    4692,    217860,    000h 00m 04.692s,    000h 03m 37.860s
55,    4212,    222072,    000h 00m 04.212s,    000h 03m 42.072s
56,    4588,    226660,    000h 00m 04.588s,    000h 03m 46.660s
57,    4509,    231169,    000h 00m 04.509s,    000h 03m 51.169s
58,    4223,    235392,    000h 00m 04.223s,    000h 03m 55.392s
59,    4357,    239749,    000h 00m 04.357s,    000h 03m 59.749s
60,    4710,    244459,    000h 00m 04.710s,    000h 04m 04.459s
61,    4236,    248695,    000h 00m 04.236s,    000h 04m 08.695s
62,    4786,    253481,    000h 00m 04.786s,    000h 04m 13.481s
63,    4648,    258129,    000h 00m 04.648s,    000h 04m 18.129s
64,    4527,    262656,    000h 00m 04.527s,    000h 04m 22.656s
65,    4847,    267503,    000h 00m 04.847s,    000h 04m 27.503s
66,    4263,    271766,    000h 00m 04.263s,    000h 04m 31.766s
67,    4514,    276280,    000h 00m 04.514s,    000h 04m 36.280s
68,    4697,    280977,    000h 00m 04.697s,    000h 04m 40.977s
69,    3463,    284440,    000h 00m 03.463s,    000h 04m 44.440s
70,    4093,    288533,    000h 00m 04.093s,    000h 04m 48.533s
71,    4192,    292725,    000h 00m 04.192s,    000h 04m 52.725s
72,    4605,    297330,    000h 00m 04.605s,    000h 04m 57.330s
73,    4178,    301508,    000h 00m 04.178s,    000h 05m 01.508s
74,    4516,    306024,    000h 00m 04.516s,    000h 05m 06.024s
75,    4271,    310295,    000h 00m 04.271s,    000h 05m 10.295s
76,    4098,    314393,    000h 00m 04.098s,    000h 05m 14.393s
77,    4748,    319141,    000h 00m 04.748s,    000h 05m 19.141s
78,    4638,    323779,    000h 00m 04.638s,    000h 05m 23.779s
79,    4623,    328402,    000h 00m 04.623s,    000h 05m 28.402s
80,    4683,    333085,    000h 00m 04.683s,    000h 05m 33.085s
81,    4701,    337786,    000h 00m 04.701s,    000h 05m 37.786s
82,    4250,    342036,    000h 00m 04.250s,    000h 05m 42.036s
83,    4138,    346174,    000h 00m 04.138s,    000h 05m 46.174s
84,    4444,    350618,    000h 00m 04.444s,    000h 05m 50.618s
85,    4552,    355170,    000h 00m 04.552s,    000h 05m 55.170s
86,    3705,    358875,    000h 00m 03.705s,    000h 05m 58.875s
87,    4718,    363593,    000h 00m 04.718s,    000h 06m 03.593s
88,    4585,    368178,    000h 00m 04.585s,    000h 06m 08.178s
89,    4589,    372767,    000h 00m 04.589s,    000h 06m 12.767s
90,    4251,    377018,    000h 00m 04.251s,    000h 06m 17.018s
91,    4161,    381179,    000h 00m 04.161s,    000h 06m 21.179s
92,    4285,    385464,    000h 00m 04.285s,    000h 06m 25.464s
93,    4725,    390189,    000h 00m 04.725s,    000h 06m 30.189s
94,    4193,    394382,    000h 00m 04.193s,    000h 06m 34.382s
95,    4477,    398859,    000h 00m 04.477s,    000h 06m 38.859s
96,    4437,    403296,    000h 00m 04.437s,    000h 06m 43.296s
97,    4611,    407907,    000h 00m 04.611s,    000h 06m 47.907s
98,    4516,    412423,    000h 00m 04.516s,    000h 06m 52.423s
99,    4162,    416585,    000h 00m 04.162s,    000h 06m 56.585s
100,    4621,    421206,    000h 00m 04.621s,    000h 07m 01.206s
101,    4170,    425376,    000h 00m 04.170s,    000h 07m 05.376s
102,    4254,    429630,    000h 00m 04.254s,    000h 07m 09.630s
103,    4185,    433815,    000h 00m 04.185s,    000h 07m 13.815s
104,    4593,    438408,    000h 00m 04.593s,    000h 07m 18.408s
105,    4235,    442643,    000h 00m 04.235s,    000h 07m 22.643s
106,    4324,    446967,    000h 00m 04.324s,    000h 07m 26.967s
107,    4689,    451656,    000h 00m 04.689s,    000h 07m 31.656s
108,    4272,    455928,    000h 00m 04.272s,    000h 07m 35.928s
109,    4211,    460139,    000h 00m 04.211s,    000h 07m 40.139s
110,    4631,    464770,    000h 00m 04.631s,    000h 07m 44.770s
111,    4705,    469475,    000h 00m 04.705s,    000h 07m 49.475s
112,    4442,    473917,    000h 00m 04.442s,    000h 07m 53.917s
113,    4353,    478270,    000h 00m 04.353s,    000h 07m 58.270s
114,    4226,    482496,    000h 00m 04.226s,    000h 08m 02.496s
115,    4616,    487112,    000h 00m 04.616s,    000h 08m 07.112s
116,    4163,    491275,    000h 00m 04.163s,    000h 08m 11.275s
117,    4742,    496017,    000h 00m 04.742s,    000h 08m 16.017s
118,    4646,    500663,    000h 00m 04.646s,    000h 08m 20.663s
119,    4668,    505331,    000h 00m 04.668s,    000h 08m 25.331s
120,    3913,    509244,    000h 00m 03.913s,    000h 08m 29.244s
121,    4578,    513822,    000h 00m 04.578s,    000h 08m 33.822s
122,    4701,    518523,    000h 00m 04.701s,    000h 08m 38.523s
123,    4584,    523107,    000h 00m 04.584s,    000h 08m 43.107s
124,    4617,    527724,    000h 00m 04.617s,    000h 08m 47.724s
125,    4684,    532408,    000h 00m 04.684s,    000h 08m 52.408s
126,    3691,    536099,    000h 00m 03.691s,    000h 08m 56.099s
127,    4486,    540585,    000h 00m 04.486s,    000h 09m 00.585s
128,    4536,    545121,    000h 00m 04.536s,    000h 09m 05.121s
129,    4737,    549858,    000h 00m 04.737s,    000h 09m 09.858s
130,    4644,    554502,    000h 00m 04.644s,    000h 09m 14.502s
131,    4154,    558656,    000h 00m 04.154s,    000h 09m 18.656s
132,    4231,    562887,    000h 00m 04.231s,    000h 09m 22.887s
133,    4686,    567573,    000h 00m 04.686s,    000h 09m 27.573s
134,    4454,    572027,    000h 00m 04.454s,    000h 09m 32.027s
135,    4239,    576266,    000h 00m 04.239s,    000h 09m 36.266s
136,    4523,    580789,    000h 00m 04.523s,    000h 09m 40.789s
137,    3519,    584308,    000h 00m 03.519s,    000h 09m 44.308s
138,    4504,    588812,    000h 00m 04.504s,    000h 09m 48.812s
139,    4274,    593086,    000h 00m 04.274s,    000h 09m 53.086s
140,    4535,    597621,    000h 00m 04.535s,    000h 09m 57.621s
141,    4471,    602092,    000h 00m 04.471s,    000h 10m 02.092s
142,    4459,    606551,    000h 00m 04.459s,    000h 10m 06.551s
143,    4492,    611043,    000h 00m 04.492s,    000h 10m 11.043s
144,    4221,    615264,    000h 00m 04.221s,    000h 10m 15.264s
145,    4412,    619676,    000h 00m 04.412s,    000h 10m 19.676s
146,    4127,    623803,    000h 00m 04.127s,    000h 10m 23.803s
147,    3705,    627508,    000h 00m 03.705s,    000h 10m 27.508s
148,    4450,    631958,    000h 00m 04.450s,    000h 10m 31.958s
149,    4085,    636043,    000h 00m 04.085s,    000h 10m 36.043s
150,    4274,    640317,    000h 00m 04.274s,    000h 10m 40.317s
151,    3507,    643824,    000h 00m 03.507s,    000h 10m 43.824s
152,    4270,    648094,    000h 00m 04.270s,    000h 10m 48.094s
153,    4583,    652677,    000h 00m 04.583s,    000h 10m 52.677s
154,    4667,    657344,    000h 00m 04.667s,    000h 10m 57.344s
155,    4360,    661704,    000h 00m 04.360s,    000h 11m 01.704s
156,    4535,    666239,    000h 00m 04.535s,    000h 11m 06.239s
157,    4653,    670892,    000h 00m 04.653s,    000h 11m 10.892s
158,    4320,    675212,    000h 00m 04.320s,    000h 11m 15.212s
159,    4406,    679618,    000h 00m 04.406s,    000h 11m 19.618s
160,    4106,    683724,    000h 00m 04.106s,    000h 11m 23.724s
161,    4140,    687864,    000h 00m 04.140s,    000h 11m 27.864s
162,    4545,    692409,    000h 00m 04.545s,    000h 11m 32.409s
163,    4626,    697035,    000h 00m 04.626s,    000h 11m 37.035s
164,    4223,    701258,    000h 00m 04.223s,    000h 11m 41.258s
165,    4684,    705942,    000h 00m 04.684s,    000h 11m 45.942s
166,    4636,    710578,    000h 00m 04.636s,    000h 11m 50.578s
167,    4061,    714639,    000h 00m 04.061s,    000h 11m 54.639s
168,    4178,    718817,    000h 00m 04.178s,    000h 11m 58.817s
169,    4646,    723463,    000h 00m 04.646s,    000h 12m 03.463s
170,    4524,    727987,    000h 00m 04.524s,    000h 12m 07.987s
171,    4494,    732481,    000h 00m 04.494s,    000h 12m 12.481s
172,    4730,    737211,    000h 00m 04.730s,    000h 12m 17.211s
173,    4584,    741795,    000h 00m 04.584s,    000h 12m 21.795s
174,    4571,    746366,    000h 00m 04.571s,    000h 12m 26.366s
175,    4588,    750954,    000h 00m 04.588s,    000h 12m 30.954s
176,    4205,    755159,    000h 00m 04.205s,    000h 12m 35.159s
177,    4690,    759849,    000h 00m 04.690s,    000h 12m 39.849s
178,    4465,    764314,    000h 00m 04.465s,    000h 12m 44.314s
179,    4419,    768733,    000h 00m 04.419s,    000h 12m 48.733s
180,    4429,    773162,    000h 00m 04.429s,    000h 12m 53.162s
181,    4124,    777286,    000h 00m 04.124s,    000h 12m 57.286s
182,    4768,    782054,    000h 00m 04.768s,    000h 13m 02.054s
183,    4393,    786447,    000h 00m 04.393s,    000h 13m 06.447s
184,    4190,    790637,    000h 00m 04.190s,    000h 13m 10.637s
185,    4406,    795043,    000h 00m 04.406s,    000h 13m 15.043s
186,    4316,    799359,    000h 00m 04.316s,    000h 13m 19.359s
187,    4519,    803878,    000h 00m 04.519s,    000h 13m 23.878s
188,    4371,    808249,    000h 00m 04.371s,    000h 13m 28.249s
189,    4478,    812727,    000h 00m 04.478s,    000h 13m 32.727s
190,    4696,    817423,    000h 00m 04.696s,    000h 13m 37.423s
191,    4696,    822119,    000h 00m 04.696s,    000h 13m 42.119s
192,    3519,    825638,    000h 00m 03.519s,    000h 13m 45.638s
193,    4500,    830138,    000h 00m 04.500s,    000h 13m 50.138s
194,    4601,    834739,    000h 00m 04.601s,    000h 13m 54.739s
195,    4017,    838756,    000h 00m 04.017s,    000h 13m 58.756s
196,    4634,    843390,    000h 00m 04.634s,    000h 14m 03.390s
197,    4431,    847821,    000h 00m 04.431s,    000h 14m 07.821s
198,    4312,    852133,    000h 00m 04.312s,    000h 14m 12.133s
199,    4187,    856320,    000h 00m 04.187s,    000h 14m 16.320s
200,    4661,    860981,    000h 00m 04.661s,    000h 14m 20.981s
201,    4485,    865466,    000h 00m 04.485s,    000h 14m 25.466s
202,    4499,    869965,    000h 00m 04.499s,    000h 14m 29.965s
203,    4163,    874128,    000h 00m 04.163s,    000h 14m 34.128s
204,    4659,    878787,    000h 00m 04.659s,    000h 14m 38.787s
205,    4471,    883258,    000h 00m 04.471s,    000h 14m 43.258s
206,    4032,    887290,    000h 00m 04.032s,    000h 14m 47.290s
207,    4764,    892054,    000h 00m 04.764s,    000h 14m 52.054s
208,    4077,    896131,    000h 00m 04.077s,    000h 14m 56.131s
209,    4345,    900476,    000h 00m 04.345s,    000h 15m 00.476s
210,    4532,    905008,    000h 00m 04.532s,    000h 15m 05.008s
211,    4343,    909351,    000h 00m 04.343s,    000h 15m 09.351s
212,    4375,    913726,    000h 00m 04.375s,    000h 15m 13.726s
213,    4361,    918087,    000h 00m 04.361s,    000h 15m 18.087s
214,    4273,    922360,    000h 00m 04.273s,    000h 15m 22.360s
215,    4387,    926747,    000h 00m 04.387s,    000h 15m 26.747s
216,    4367,    931114,    000h 00m 04.367s,    000h 15m 31.114s
217,    4564,    935678,    000h 00m 04.564s,    000h 15m 35.678s
218,    4606,    940284,    000h 00m 04.606s,    000h 15m 40.284s
219,    4590,    944874,    000h 00m 04.590s,    000h 15m 44.874s
220,    4394,    949268,    000h 00m 04.394s,    000h 15m 49.268s
221,    4685,    953953,    000h 00m 04.685s,    000h 15m 53.953s
222,    4681,    958634,    000h 00m 04.681s,    000h 15m 58.634s
223,    4384,    963018,    000h 00m 04.384s,    000h 16m 03.018s
224,    4532,    967550,    000h 00m 04.532s,    000h 16m 07.550s
225,    4491,    972041,    000h 00m 04.491s,    000h 16m 12.041s
226,    4150,    976191,    000h 00m 04.150s,    000h 16m 16.191s
227,    4343,    980534,    000h 00m 04.343s,    000h 16m 20.534s
228,    4204,    984738,    000h 00m 04.204s,    000h 16m 24.738s
229,    4214,    988952,    000h 00m 04.214s,    000h 16m 28.952s
230,    4625,    993577,    000h 00m 04.625s,    000h 16m 33.577s
231,    4597,    998174,    000h 00m 04.597s,    000h 16m 38.174s
232,    4619,    1002793,    000h 00m 04.619s,    000h 16m 42.793s
233,    4611,    1007404,    000h 00m 04.611s,    000h 16m 47.404s
234,    3733,    1011137,    000h 00m 03.733s,    000h 16m 51.137s
235,    4338,    1015475,    000h 00m 04.338s,    000h 16m 55.475s
236,    4321,    1019796,    000h 00m 04.321s,    000h 16m 59.796s
237,    4538,    1024334,    000h 00m 04.538s,    000h 17m 04.334s
238,    4408,    1028742,    000h 00m 04.408s,    000h 17m 08.742s
239,    4670,    1033412,    000h 00m 04.670s,    000h 17m 13.412s
240,    4522,    1037934,    000h 00m 04.522s,    000h 17m 17.934s
241,    4584,    1042518,    000h 00m 04.584s,    000h 17m 22.518s
242,    4306,    1046824,    000h 00m 04.306s,    000h 17m 26.824s
243,    4292,    1051116,    000h 00m 04.292s,    000h 17m 31.116s
244,    4415,    1055531,    000h 00m 04.415s,    000h 17m 35.531s
245,    4089,    1059620,    000h 00m 04.089s,    000h 17m 39.620s
246,    4294,    1063914,    000h 00m 04.294s,    000h 17m 43.914s
247,    4675,    1068589,    000h 00m 04.675s,    000h 17m 48.589s
248,    4401,    1072990,    000h 00m 04.401s,    000h 17m 52.990s
249,    4210,    1077200,    000h 00m 04.210s,    000h 17m 57.200s
250,    4407,    1081607,    000h 00m 04.407s,    000h 18m 01.607s
251,    4357,    1085964,    000h 00m 04.357s,    000h 18m 05.964s
252,    4701,    1090665,    000h 00m 04.701s,    000h 18m 10.665s
253,    4421,    1095086,    000h 00m 04.421s,    000h 18m 15.086s
254,    4184,    1099270,    000h 00m 04.184s,    000h 18m 19.270s
255,    4586,    1103856,    000h 00m 04.586s,    000h 18m 23.856s
256,    4550,    1108406,    000h 00m 04.550s,    000h 18m 28.406s
257,    4613,    1113019,    000h 00m 04.613s,    000h 18m 33.019s
258,    4624,    1117643,    000h 00m 04.624s,    000h 18m 37.643s
259,    4602,    1122245,    000h 00m 04.602s,    000h 18m 42.245s
260,    4085,    1126330,    000h 00m 04.085s,    000h 18m 46.330s
261,    4169,    1130499,    000h 00m 04.169s,    000h 18m 50.499s
262,    4188,    1134687,    000h 00m 04.188s,    000h 18m 54.687s
263,    4732,    1139419,    000h 00m 04.732s,    000h 18m 59.419s
264,    4170,    1143589,    000h 00m 04.170s,    000h 19m 03.589s
265,    4654,    1148243,    000h 00m 04.654s,    000h 19m 08.243s
266,    4294,    1152537,    000h 00m 04.294s,    000h 19m 12.537s
267,    4571,    1157108,    000h 00m 04.571s,    000h 19m 17.108s
268,    4656,    1161764,    000h 00m 04.656s,    000h 19m 21.764s
269,    4575,    1166339,    000h 00m 04.575s,    000h 19m 26.339s
270,    4667,    1171006,    000h 00m 04.667s,    000h 19m 31.006s
271,    4686,    1175692,    000h 00m 04.686s,    000h 19m 35.692s
272,    4725,    1180417,    000h 00m 04.725s,    000h 19m 40.417s
273,    4323,    1184740,    000h 00m 04.323s,    000h 19m 44.740s
274,    4536,    1189276,    000h 00m 04.536s,    000h 19m 49.276s
275,    4679,    1193955,    000h 00m 04.679s,    000h 19m 53.955s
276,    4556,    1198511,    000h 00m 04.556s,    000h 19m 58.511s
277,    4657,    1203168,    000h 00m 04.657s,    000h 20m 03.168s
278,    4447,    1207615,    000h 00m 04.447s,    000h 20m 07.615s
279,    4183,    1211798,    000h 00m 04.183s,    000h 20m 11.798s
280,    4607,    1216405,    000h 00m 04.607s,    000h 20m 16.405s
281,    4534,    1220939,    000h 00m 04.534s,    000h 20m 20.939s
282,    4325,    1225264,    000h 00m 04.325s,    000h 20m 25.264s
283,    4538,    1229802,    000h 00m 04.538s,    000h 20m 29.802s
284,    4213,    1234015,    000h 00m 04.213s,    000h 20m 34.015s
285,    4595,    1238610,    000h 00m 04.595s,    000h 20m 38.610s
286,    4345,    1242955,    000h 00m 04.345s,    000h 20m 42.955s
287,    3983,    1246938,    000h 00m 03.983s,    000h 20m 46.938s
288,    4708,    1251646,    000h 00m 04.708s,    000h 20m 51.646s
289,    4384,    1256030,    000h 00m 04.384s,    000h 20m 56.030s
290,    4529,    1260559,    000h 00m 04.529s,    000h 21m 00.559s
291,    4751,    1265310,    000h 00m 04.751s,    000h 21m 05.310s
292,    4445,    1269755,    000h 00m 04.445s,    000h 21m 09.755s
293,    4436,    1274191,    000h 00m 04.436s,    000h 21m 14.191s
294,    4734,    1278925,    000h 00m 04.734s,    000h 21m 18.925s
295,    4611,    1283536,    000h 00m 04.611s,    000h 21m 23.536s
296,    4254,    1287790,    000h 00m 04.254s,    000h 21m 27.790s
297,    4489,    1292279,    000h 00m 04.489s,    000h 21m 32.279s
298,    4186,    1296465,    000h 00m 04.186s,    000h 21m 36.465s
299,    4686,    1301151,    000h 00m 04.686s,    000h 21m 41.151s
300,    4787,    1305938,    000h 00m 04.787s,    000h 21m 45.938s
301,    4014,    1309952,    000h 00m 04.014s,    000h 21m 49.952s
302,    4586,    1314538,    000h 00m 04.586s,    000h 21m 54.538s
303,    4622,    1319160,    000h 00m 04.622s,    000h 21m 59.160s
304,    4247,    1323407,    000h 00m 04.247s,    000h 22m 03.407s
305,    4343,    1327750,    000h 00m 04.343s,    000h 22m 07.750s
306,    4532,    1332282,    000h 00m 04.532s,    000h 22m 12.282s
307,    4120,    1336402,    000h 00m 04.120s,    000h 22m 16.402s
308,    4303,    1340705,    000h 00m 04.303s,    000h 22m 20.705s
309,    4384,    1345089,    000h 00m 04.384s,    000h 22m 25.089s
310,    4576,    1349665,    000h 00m 04.576s,    000h 22m 29.665s
311,    4619,    1354284,    000h 00m 04.619s,    000h 22m 34.284s
312,    4582,    1358866,    000h 00m 04.582s,    000h 22m 38.866s
313,    4592,    1363458,    000h 00m 04.592s,    000h 22m 43.458s
314,    3781,    1367239,    000h 00m 03.781s,    000h 22m 47.239s
315,    4442,    1371681,    000h 00m 04.442s,    000h 22m 51.681s
316,    4653,    1376334,    000h 00m 04.653s,    000h 22m 56.334s
317,    4570,    1380904,    000h 00m 04.570s,    000h 23m 00.904s
318,    4602,    1385506,    000h 00m 04.602s,    000h 23m 05.506s
319,    4274,    1389780,    000h 00m 04.274s,    000h 23m 09.780s
320,    4649,    1394429,    000h 00m 04.649s,    000h 23m 14.429s
321,    4174,    1398603,    000h 00m 04.174s,    000h 23m 18.603s
322,    4115,    1402718,    000h 00m 04.115s,    000h 23m 22.718s
323,    4716,    1407434,    000h 00m 04.716s,    000h 23m 27.434s
324,    4615,    1412049,    000h 00m 04.615s,    000h 23m 32.049s
325,    4457,    1416506,    000h 00m 04.457s,    000h 23m 36.506s
326,    4637,    1421143,    000h 00m 04.637s,    000h 23m 41.143s
327,    4644,    1425787,    000h 00m 04.644s,    000h 23m 45.787s
328,    4753,    1430540,    000h 00m 04.753s,    000h 23m 50.540s
329,    4276,    1434816,    000h 00m 04.276s,    000h 23m 54.816s
330,    4590,    1439406,    000h 00m 04.590s,    000h 23m 59.406s
331,    4645,    1444051,    000h 00m 04.645s,    000h 24m 04.051s
332,    4267,    1448318,    000h 00m 04.267s,    000h 24m 08.318s
333,    4169,    1452487,    000h 00m 04.169s,    000h 24m 12.487s
334,    4641,    1457128,    000h 00m 04.641s,    000h 24m 17.128s
335,    4171,    1461299,    000h 00m 04.171s,    000h 24m 21.299s
336,    4520,    1465819,    000h 00m 04.520s,    000h 24m 25.819s
337,    4567,    1470386,    000h 00m 04.567s,    000h 24m 30.386s
338,    3613,    1473999,    000h 00m 03.613s,    000h 24m 33.999s
339,    4270,    1478269,    000h 00m 04.270s,    000h 24m 38.269s
340,    4730,    1482999,    000h 00m 04.730s,    000h 24m 42.999s
341,    4868,    1487867,    000h 00m 04.868s,    000h 24m 47.867s
342,    4077,    1491944,    000h 00m 04.077s,    000h 24m 51.944s
343,    4762,    1496706,    000h 00m 04.762s,    000h 24m 56.706s
344,    4283,    1500989,    000h 00m 04.283s,    000h 25m 00.989s
345,    4428,    1505417,    000h 00m 04.428s,    000h 25m 05.417s
346,    4288,    1509705,    000h 00m 04.288s,    000h 25m 09.705s
347,    4293,    1513998,    000h 00m 04.293s,    000h 25m 13.998s
348,    4463,    1518461,    000h 00m 04.463s,    000h 25m 18.461s
349,    4110,    1522571,    000h 00m 04.110s,    000h 25m 22.571s
350,    4560,    1527131,    000h 00m 04.560s,    000h 25m 27.131s
351,    4262,    1531393,    000h 00m 04.262s,    000h 25m 31.393s
352,    4349,    1535742,    000h 00m 04.349s,    000h 25m 35.742s
353,    4422,    1540164,    000h 00m 04.422s,    000h 25m 40.164s
354,    4125,    1544289,    000h 00m 04.125s,    000h 25m 44.289s
355,    4233,    1548522,    000h 00m 04.233s,    000h 25m 48.522s
356,    4161,    1552683,    000h 00m 04.161s,    000h 25m 52.683s
357,    4682,    1557365,    000h 00m 04.682s,    000h 25m 57.365s
358,    4158,    1561523,    000h 00m 04.158s,    000h 26m 01.523s
359,    4165,    1565688,    000h 00m 04.165s,    000h 26m 05.688s
360,    4497,    1570185,    000h 00m 04.497s,    000h 26m 10.185s
361,    4435,    1574620,    000h 00m 04.435s,    000h 26m 14.620s
362,    4414,    1579034,    000h 00m 04.414s,    000h 26m 19.034s
363,    4531,    1583565,    000h 00m 04.531s,    000h 26m 23.565s
364,    4060,    1587625,    000h 00m 04.060s,    000h 26m 27.625s
365,    4259,    1591884,    000h 00m 04.259s,    000h 26m 31.884s
366,    4224,    1596108,    000h 00m 04.224s,    000h 26m 36.108s
367,    4535,    1600643,    000h 00m 04.535s,    000h 26m 40.643s
368,    4687,    1605330,    000h 00m 04.687s,    000h 26m 45.330s
369,    4724,    1610054,    000h 00m 04.724s,    000h 26m 50.054s
370,    4201,    1614255,    000h 00m 04.201s,    000h 26m 54.255s
371,    4722,    1618977,    000h 00m 04.722s,    000h 26m 58.977s
372,    4485,    1623462,    000h 00m 04.485s,    000h 27m 03.462s
373,    4721,    1628183,    000h 00m 04.721s,    000h 27m 08.183s
374,    4281,    1632464,    000h 00m 04.281s,    000h 27m 12.464s
375,    4486,    1636950,    000h 00m 04.486s,    000h 27m 16.950s
376,    4554,    1641504,    000h 00m 04.554s,    000h 27m 21.504s
377,    4614,    1646118,    000h 00m 04.614s,    000h 27m 26.118s
378,    4322,    1650440,    000h 00m 04.322s,    000h 27m 30.440s
379,    4498,    1654938,    000h 00m 04.498s,    000h 27m 34.938s
380,    4356,    1659294,    000h 00m 04.356s,    000h 27m 39.294s
381,    4620,    1663914,    000h 00m 04.620s,    000h 27m 43.914s
382,    4614,    1668528,    000h 00m 04.614s,    000h 27m 48.528s
383,    4536,    1673064,    000h 00m 04.536s,    000h 27m 53.064s
384,    4709,    1677773,    000h 00m 04.709s,    000h 27m 57.773s
385,    4462,    1682235,    000h 00m 04.462s,    000h 28m 02.235s
386,    4530,    1686765,    000h 00m 04.530s,    000h 28m 06.765s
387,    4417,    1691182,    000h 00m 04.417s,    000h 28m 11.182s
388,    4233,    1695415,    000h 00m 04.233s,    000h 28m 15.415s
389,    3887,    1699302,    000h 00m 03.887s,    000h 28m 19.302s
390,    4552,    1703854,    000h 00m 04.552s,    000h 28m 23.854s
391,    4795,    1708649,    000h 00m 04.795s,    000h 28m 28.649s
392,    4569,    1713218,    000h 00m 04.569s,    000h 28m 33.218s
393,    4347,    1717565,    000h 00m 04.347s,    000h 28m 37.565s
394,    4605,    1722170,    000h 00m 04.605s,    000h 28m 42.170s
395,    4291,    1726461,    000h 00m 04.291s,    000h 28m 46.461s
396,    4859,    1731320,    000h 00m 04.859s,    000h 28m 51.320s
397,    4087,    1735407,    000h 00m 04.087s,    000h 28m 55.407s
398,    4283,    1739690,    000h 00m 04.283s,    000h 28m 59.690s
399,    4707,    1744397,    000h 00m 04.707s,    000h 29m 04.397s
400,    4611,    1749008,    000h 00m 04.611s,    000h 29m 09.008s
401,    4393,    1753401,    000h 00m 04.393s,    000h 29m 13.401s
402,    4738,    1758139,    000h 00m 04.738s,    000h 29m 18.139s
403,    4408,    1762547,    000h 00m 04.408s,    000h 29m 22.547s
404,    4558,    1767105,    000h 00m 04.558s,    000h 29m 27.105s
405,    4194,    1771299,    000h 00m 04.194s,    000h 29m 31.299s
406,    4294,    1775593,    000h 00m 04.294s,    000h 29m 35.593s
407,    4663,    1780256,    000h 00m 04.663s,    000h 29m 40.256s
408,    4200,    1784456,    000h 00m 04.200s,    000h 29m 44.456s
409,    4749,    1789205,    000h 00m 04.749s,    000h 29m 49.205s
410,    4754,    1793959,    000h 00m 04.754s,    000h 29m 53.959s
411,    4541,    1798500,    000h 00m 04.541s,    000h 29m 58.500s
412,    4429,    1802929,    000h 00m 04.429s,    000h 30m 02.929s
413,    4300,    1807229,    000h 00m 04.300s,    000h 30m 07.229s
414,    4678,    1811907,    000h 00m 04.678s,    000h 30m 11.907s
415,    4475,    1816382,    000h 00m 04.475s,    000h 30m 16.382s
416,    4468,    1820850,    000h 00m 04.468s,    000h 30m 20.850s
417,    4389,    1825239,    000h 00m 04.389s,    000h 30m 25.239s
418,    4414,    1829653,    000h 00m 04.414s,    000h 30m 29.653s
419,    4411,    1834064,    000h 00m 04.411s,    000h 30m 34.064s
420,    4202,    1838266,    000h 00m 04.202s,    000h 30m 38.266s
421,    4602,    1842868,    000h 00m 04.602s,    000h 30m 42.868s
422,    4275,    1847143,    000h 00m 04.275s,    000h 30m 47.143s
423,    4708,    1851851,    000h 00m 04.708s,    000h 30m 51.851s
424,    4398,    1856249,    000h 00m 04.398s,    000h 30m 56.249s
425,    4699,    1860948,    000h 00m 04.699s,    000h 31m 00.948s
426,    4345,    1865293,    000h 00m 04.345s,    000h 31m 05.293s
427,    4429,    1869722,    000h 00m 04.429s,    000h 31m 09.722s
428,    4195,    1873917,    000h 00m 04.195s,    000h 31m 13.917s
429,    4448,    1878365,    000h 00m 04.448s,    000h 31m 18.365s
430,    4418,    1882783,    000h 00m 04.418s,    000h 31m 22.783s
431,    4430,    1887213,    000h 00m 04.430s,    000h 31m 27.213s
432,    4285,    1891498,    000h 00m 04.285s,    000h 31m 31.498s
433,    4121,    1895619,    000h 00m 04.121s,    000h 31m 35.619s
434,    4285,    1899904,    000h 00m 04.285s,    000h 31m 39.904s
435,    4620,    1904524,    000h 00m 04.620s,    000h 31m 44.524s
436,    4627,    1909151,    000h 00m 04.627s,    000h 31m 49.151s
437,    4283,    1913434,    000h 00m 04.283s,    000h 31m 53.434s
438,    4673,    1918107,    000h 00m 04.673s,    000h 31m 58.107s
439,    4570,    1922677,    000h 00m 04.570s,    000h 32m 02.677s
440,    4310,    1926987,    000h 00m 04.310s,    000h 32m 06.987s
441,    4326,    1931313,    000h 00m 04.326s,    000h 32m 11.313s
442,    4351,    1935664,    000h 00m 04.351s,    000h 32m 15.664s
443,    4558,    1940222,    000h 00m 04.558s,    000h 32m 20.222s
444,    4636,    1944858,    000h 00m 04.636s,    000h 32m 24.858s
445,    4711,    1949569,    000h 00m 04.711s,    000h 32m 29.569s
446,    4550,    1954119,    000h 00m 04.550s,    000h 32m 34.119s
447,    4388,    1958507,    000h 00m 04.388s,    000h 32m 38.507s
448,    3835,    1962342,    000h 00m 03.835s,    000h 32m 42.342s
449,    4358,    1966700,    000h 00m 04.358s,    000h 32m 46.700s
450,    4141,    1970841,    000h 00m 04.141s,    000h 32m 50.841s
451,    4517,    1975358,    000h 00m 04.517s,    000h 32m 55.358s
452,    4335,    1979693,    000h 00m 04.335s,    000h 32m 59.693s
453,    4605,    1984298,    000h 00m 04.605s,    000h 33m 04.298s
454,    4672,    1988970,    000h 00m 04.672s,    000h 33m 08.970s
455,    4507,    1993477,    000h 00m 04.507s,    000h 33m 13.477s
456,    4237,    1997714,    000h 00m 04.237s,    000h 33m 17.714s
457,    4548,    2002262,    000h 00m 04.548s,    000h 33m 22.262s
458,    4768,    2007030,    000h 00m 04.768s,    000h 33m 27.030s
459,    3637,    2010667,    000h 00m 03.637s,    000h 33m 30.667s
460,    4364,    2015031,    000h 00m 04.364s,    000h 33m 35.031s
461,    4687,    2019718,    000h 00m 04.687s,    000h 33m 39.718s
462,    4262,    2023980,    000h 00m 04.262s,    000h 33m 43.980s
463,    4657,    2028637,    000h 00m 04.657s,    000h 33m 48.637s
464,    4323,    2032960,    000h 00m 04.323s,    000h 33m 52.960s
465,    4445,    2037405,    000h 00m 04.445s,    000h 33m 57.405s
466,    4693,    2042098,    000h 00m 04.693s,    000h 34m 02.098s
467,    4621,    2046719,    000h 00m 04.621s,    000h 34m 06.719s
468,    4449,    2051168,    000h 00m 04.449s,    000h 34m 11.168s
469,    4145,    2055313,    000h 00m 04.145s,    000h 34m 15.313s
470,    4565,    2059878,    000h 00m 04.565s,    000h 34m 19.878s
471,    4394,    2064272,    000h 00m 04.394s,    000h 34m 24.272s
472,    4441,    2068713,    000h 00m 04.441s,    000h 34m 28.713s
473,    4635,    2073348,    000h 00m 04.635s,    000h 34m 33.348s
474,    4719,    2078067,    000h 00m 04.719s,    000h 34m 38.067s
475,    4436,    2082503,    000h 00m 04.436s,    000h 34m 42.503s
476,    4514,    2087017,    000h 00m 04.514s,    000h 34m 47.017s
477,    4165,    2091182,    000h 00m 04.165s,    000h 34m 51.182s
478,    4467,    2095649,    000h 00m 04.467s,    000h 34m 55.649s
479,    4499,    2100148,    000h 00m 04.499s,    000h 35m 00.148s
480,    4736,    2104884,    000h 00m 04.736s,    000h 35m 04.884s
481,    4451,    2109335,    000h 00m 04.451s,    000h 35m 09.335s
482,    4716,    2114051,    000h 00m 04.716s,    000h 35m 14.051s
483,    4009,    2118060,    000h 00m 04.009s,    000h 35m 18.060s
484,    4387,    2122447,    000h 00m 04.387s,    000h 35m 22.447s
485,    4517,    2126964,    000h 00m 04.517s,    000h 35m 26.964s
486,    4404,    2131368,    000h 00m 04.404s,    000h 35m 31.368s
487,    4600,    2135968,    000h 00m 04.600s,    000h 35m 35.968s
488,    4251,    2140219,    000h 00m 04.251s,    000h 35m 40.219s
489,    4518,    2144737,    000h 00m 04.518s,    000h 35m 44.737s
490,    4649,    2149386,    000h 00m 04.649s,    000h 35m 49.386s
491,    4613,    2153999,    000h 00m 04.613s,    000h 35m 53.999s
492,    4572,    2158571,    000h 00m 04.572s,    000h 35m 58.571s
493,    4337,    2162908,    000h 00m 04.337s,    000h 36m 02.908s
494,    4212,    2167120,    000h 00m 04.212s,    000h 36m 07.120s
495,    3664,    2170784,    000h 00m 03.664s,    000h 36m 10.784s
496,    3618,    2174402,    000h 00m 03.618s,    000h 36m 14.402s
497,    4403,    2178805,    000h 00m 04.403s,    000h 36m 18.805s
498,    4592,    2183397,    000h 00m 04.592s,    000h 36m 23.397s
499,    4440,    2187837,    000h 00m 04.440s,    000h 36m 27.837s
500,    4559,    2192396,    000h 00m 04.559s,    000h 36m 32.396s
501,    4710,    2197106,    000h 00m 04.710s,    000h 36m 37.106s
502,    4441,    2201547,    000h 00m 04.441s,    000h 36m 41.547s
503,    4581,    2206128,    000h 00m 04.581s,    000h 36m 46.128s
504,    4077,    2210205,    000h 00m 04.077s,    000h 36m 50.205s
505,    4714,    2214919,    000h 00m 04.714s,    000h 36m 54.919s
506,    4128,    2219047,    000h 00m 04.128s,    000h 36m 59.047s
507,    4111,    2223158,    000h 00m 04.111s,    000h 37m 03.158s
508,    4536,    2227694,    000h 00m 04.536s,    000h 37m 07.694s
509,    4652,    2232346,    000h 00m 04.652s,    000h 37m 12.346s
510,    4555,    2236901,    000h 00m 04.555s,    000h 37m 16.901s
511,    4712,    2241613,    000h 00m 04.712s,    000h 37m 21.613s
512,    4749,    2246362,    000h 00m 04.749s,    000h 37m 26.362s
513,    4571,    2250933,    000h 00m 04.571s,    000h 37m 30.933s
514,    4481,    2255414,    000h 00m 04.481s,    000h 37m 35.414s
515,    4169,    2259583,    000h 00m 04.169s,    000h 37m 39.583s
516,    4395,    2263978,    000h 00m 04.395s,    000h 37m 43.978s
517,    4415,    2268393,    000h 00m 04.415s,    000h 37m 48.393s
518,    4553,    2272946,    000h 00m 04.553s,    000h 37m 52.946s
519,    4138,    2277084,    000h 00m 04.138s,    000h 37m 57.084s
520,    3683,    2280767,    000h 00m 03.683s,    000h 38m 00.767s
521,    4385,    2285152,    000h 00m 04.385s,    000h 38m 05.152s
522,    4316,    2289468,    000h 00m 04.316s,    000h 38m 09.468s
523,    4243,    2293711,    000h 00m 04.243s,    000h 38m 13.711s
524,    4214,    2297925,    000h 00m 04.214s,    000h 38m 17.925s
525,    4671,    2302596,    000h 00m 04.671s,    000h 38m 22.596s
526,    4195,    2306791,    000h 00m 04.195s,    000h 38m 26.791s
527,    4579,    2311370,    000h 00m 04.579s,    000h 38m 31.370s
528,    4145,    2315515,    000h 00m 04.145s,    000h 38m 35.515s
529,    4681,    2320196,    000h 00m 04.681s,    000h 38m 40.196s
530,    4505,    2324701,    000h 00m 04.505s,    000h 38m 44.701s
531,    4213,    2328914,    000h 00m 04.213s,    000h 38m 48.914s
532,    4476,    2333390,    000h 00m 04.476s,    000h 38m 53.390s
533,    4269,    2337659,    000h 00m 04.269s,    000h 38m 57.659s
534,    4583,    2342242,    000h 00m 04.583s,    000h 39m 02.242s
535,    4616,    2346858,    000h 00m 04.616s,    000h 39m 06.858s
536,    4718,    2351576,    000h 00m 04.718s,    000h 39m 11.576s
537,    4614,    2356190,    000h 00m 04.614s,    000h 39m 16.190s
538,    4371,    2360561,    000h 00m 04.371s,    000h 39m 20.561s
539,    4287,    2364848,    000h 00m 04.287s,    000h 39m 24.848s
540,    4389,    2369237,    000h 00m 04.389s,    000h 39m 29.237s
541,    4708,    2373945,    000h 00m 04.708s,    000h 39m 33.945s
542,    4392,    2378337,    000h 00m 04.392s,    000h 39m 38.337s
543,    4521,    2382858,    000h 00m 04.521s,    000h 39m 42.858s
544,    4632,    2387490,    000h 00m 04.632s,    000h 39m 47.490s
545,    4370,    2391860,    000h 00m 04.370s,    000h 39m 51.860s
546,    4391,    2396251,    000h 00m 04.391s,    000h 39m 56.251s
547,    4119,    2400370,    000h 00m 04.119s,    000h 40m 00.370s
548,    4248,    2404618,    000h 00m 04.248s,    000h 40m 04.618s
549,    4346,    2408964,    000h 00m 04.346s,    000h 40m 08.964s
550,    3954,    2412918,    000h 00m 03.954s,    000h 40m 12.918s
551,    4539,    2417457,    000h 00m 04.539s,    000h 40m 17.457s
552,    4675,    2422132,    000h 00m 04.675s,    000h 40m 22.132s
553,    4363,    2426495,    000h 00m 04.363s,    000h 40m 26.495s
554,    4736,    2431231,    000h 00m 04.736s,    000h 40m 31.231s
555,    4149,    2435380,    000h 00m 04.149s,    000h 40m 35.380s
556,    4078,    2439458,    000h 00m 04.078s,    000h 40m 39.458s
557,    4022,    2443480,    000h 00m 04.022s,    000h 40m 43.480s
558,    4378,    2447858,    000h 00m 04.378s,    000h 40m 47.858s
559,    4173,    2452031,    000h 00m 04.173s,    000h 40m 52.031s
560,    4352,    2456383,    000h 00m 04.352s,    000h 40m 56.383s
561,    4584,    2460967,    000h 00m 04.584s,    000h 41m 00.967s
562,    4751,    2465718,    000h 00m 04.751s,    000h 41m 05.718s
563,    4301,    2470019,    000h 00m 04.301s,    000h 41m 10.019s
564,    4784,    2474803,    000h 00m 04.784s,    000h 41m 14.803s
565,    4124,    2478927,    000h 00m 04.124s,    000h 41m 18.927s
566,    4218,    2483145,    000h 00m 04.218s,    000h 41m 23.145s
567,    4325,    2487470,    000h 00m 04.325s,    000h 41m 27.470s
568,    4539,    2492009,    000h 00m 04.539s,    000h 41m 32.009s
569,    4401,    2496410,    000h 00m 04.401s,    000h 41m 36.410s
570,    4596,    2501006,    000h 00m 04.596s,    000h 41m 41.006s
571,    4408,    2505414,    000h 00m 04.408s,    000h 41m 45.414s
572,    4673,    2510087,    000h 00m 04.673s,    000h 41m 50.087s
573,    4094,    2514181,    000h 00m 04.094s,    000h 41m 54.181s
574,    3633,    2517814,    000h 00m 03.633s,    000h 41m 57.814s
575,    4672,    2522486,    000h 00m 04.672s,    000h 42m 02.486s
576,    4417,    2526903,    000h 00m 04.417s,    000h 42m 06.903s
577,    4391,    2531294,    000h 00m 04.391s,    000h 42m 11.294s
578,    4664,    2535958,    000h 00m 04.664s,    000h 42m 15.958s
579,    4164,    2540122,    000h 00m 04.164s,    000h 42m 20.122s
580,    4115,    2544237,    000h 00m 04.115s,    000h 42m 24.237s
581,    4659,    2548896,    000h 00m 04.659s,    000h 42m 28.896s
582,    4603,    2553499,    000h 00m 04.603s,    000h 42m 33.499s
583,    4052,    2557551,    000h 00m 04.052s,    000h 42m 37.551s
584,    4620,    2562171,    000h 00m 04.620s,    000h 42m 42.171s
585,    4567,    2566738,    000h 00m 04.567s,    000h 42m 46.738s
586,    4626,    2571364,    000h 00m 04.626s,    000h 42m 51.364s
587,    4527,    2575891,    000h 00m 04.527s,    000h 42m 55.891s
588,    4651,    2580542,    000h 00m 04.651s,    000h 43m 00.542s
589,    4714,    2585256,    000h 00m 04.714s,    000h 43m 05.256s
590,    4650,    2589906,    000h 00m 04.650s,    000h 43m 09.906s
591,    4184,    2594090,    000h 00m 04.184s,    000h 43m 14.090s
592,    4494,    2598584,    000h 00m 04.494s,    000h 43m 18.584s
593,    4211,    2602795,    000h 00m 04.211s,    000h 43m 22.795s
594,    4444,    2607239,    000h 00m 04.444s,    000h 43m 27.239s
595,    4612,    2611851,    000h 00m 04.612s,    000h 43m 31.851s
596,    4719,    2616570,    000h 00m 04.719s,    000h 43m 36.570s
597,    4178,    2620748,    000h 00m 04.178s,    000h 43m 40.748s
598,    4099,    2624847,    000h 00m 04.099s,    000h 43m 44.847s
599,    4482,    2629329,    000h 00m 04.482s,    000h 43m 49.329s
600,    4304,    2633633,    000h 00m 04.304s,    000h 43m 53.633s
601,    4265,    2637898,    000h 00m 04.265s,    000h 43m 57.898s
602,    4466,    2642364,    000h 00m 04.466s,    000h 44m 02.364s
603,    4276,    2646640,    000h 00m 04.276s,    000h 44m 06.640s
604,    4277,    2650917,    000h 00m 04.277s,    000h 44m 10.917s
605,    4665,    2655582,    000h 00m 04.665s,    000h 44m 15.582s
606,    4529,    2660111,    000h 00m 04.529s,    000h 44m 20.111s
607,    4104,    2664215,    000h 00m 04.104s,    000h 44m 24.215s
608,    4165,    2668380,    000h 00m 04.165s,    000h 44m 28.380s
609,    4403,    2672783,    000h 00m 04.403s,    000h 44m 32.783s
610,    4087,    2676870,    000h 00m 04.087s,    000h 44m 36.870s
611,    4368,    2681238,    000h 00m 04.368s,    000h 44m 41.238s
612,    4258,    2685496,    000h 00m 04.258s,    000h 44m 45.496s
613,    4264,    2689760,    000h 00m 04.264s,    000h 44m 49.760s
614,    4209,    2693969,    000h 00m 04.209s,    000h 44m 53.969s
615,    4663,    2698632,    000h 00m 04.663s,    000h 44m 58.632s
616,    4399,    2703031,    000h 00m 04.399s,    000h 45m 03.031s
617,    4719,    2707750,    000h 00m 04.719s,    000h 45m 07.750s
618,    4672,    2712422,    000h 00m 04.672s,    000h 45m 12.422s
619,    4547,    2716969,    000h 00m 04.547s,    000h 45m 16.969s
620,    3779,    2720748,    000h 00m 03.779s,    000h 45m 20.748s
621,    4674,    2725422,    000h 00m 04.674s,    000h 45m 25.422s
622,    3533,    2728955,    000h 00m 03.533s,    000h 45m 28.955s
623,    4509,    2733464,    000h 00m 04.509s,    000h 45m 33.464s
624,    4488,    2737952,    000h 00m 04.488s,    000h 45m 37.952s
625,    4412,    2742364,    000h 00m 04.412s,    000h 45m 42.364s
626,    4222,    2746586,    000h 00m 04.222s,    000h 45m 46.586s
627,    4128,    2750714,    000h 00m 04.128s,    000h 45m 50.714s
628,    4335,    2755049,    000h 00m 04.335s,    000h 45m 55.049s
629,    4610,    2759659,    000h 00m 04.610s,    000h 45m 59.659s
630,    4804,    2764463,    000h 00m 04.804s,    000h 46m 04.463s
631,    4640,    2769103,    000h 00m 04.640s,    000h 46m 09.103s
632,    4445,    2773548,    000h 00m 04.445s,    000h 46m 13.548s
633,    4523,    2778071,    000h 00m 04.523s,    000h 46m 18.071s
634,    4278,    2782349,    000h 00m 04.278s,    000h 46m 22.349s
635,    4527,    2786876,    000h 00m 04.527s,    000h 46m 26.876s
636,    4847,    2791723,    000h 00m 04.847s,    000h 46m 31.723s
637,    4075,    2795798,    000h 00m 04.075s,    000h 46m 35.798s
638,    4279,    2800077,    000h 00m 04.279s,    000h 46m 40.077s
639,    4653,    2804730,    000h 00m 04.653s,    000h 46m 44.730s
640,    4581,    2809311,    000h 00m 04.581s,    000h 46m 49.311s
641,    4596,    2813907,    000h 00m 04.596s,    000h 46m 53.907s
642,    4327,    2818234,    000h 00m 04.327s,    000h 46m 58.234s
643,    4531,    2822765,    000h 00m 04.531s,    000h 47m 02.765s
644,    4537,    2827302,    000h 00m 04.537s,    000h 47m 07.302s
645,    4404,    2831706,    000h 00m 04.404s,    000h 47m 11.706s
646,    4611,    2836317,    000h 00m 04.611s,    000h 47m 16.317s
647,    4537,    2840854,    000h 00m 04.537s,    000h 47m 20.854s
648,    4218,    2845072,    000h 00m 04.218s,    000h 47m 25.072s
649,    4776,    2849848,    000h 00m 04.776s,    000h 47m 29.848s
650,    4447,    2854295,    000h 00m 04.447s,    000h 47m 34.295s
651,    4711,    2859006,    000h 00m 04.711s,    000h 47m 39.006s
652,    4162,    2863168,    000h 00m 04.162s,    000h 47m 43.168s
653,    4064,    2867232,    000h 00m 04.064s,    000h 47m 47.232s
654,    4304,    2871536,    000h 00m 04.304s,    000h 47m 51.536s
655,    4191,    2875727,    000h 00m 04.191s,    000h 47m 55.727s
656,    4355,    2880082,    000h 00m 04.355s,    000h 48m 00.082s
657,    4668,    2884750,    000h 00m 04.668s,    000h 48m 04.750s
658,    4638,    2889388,    000h 00m 04.638s,    000h 48m 09.388s
659,    4592,    2893980,    000h 00m 04.592s,    000h 48m 13.980s
660,    4606,    2898586,    000h 00m 04.606s,    000h 48m 18.586s
661,    4469,    2903055,    000h 00m 04.469s,    000h 48m 23.055s
662,    4569,    2907624,    000h 00m 04.569s,    000h 48m 27.624s
663,    4123,    2911747,    000h 00m 04.123s,    000h 48m 31.747s
664,    4447,    2916194,    000h 00m 04.447s,    000h 48m 36.194s
665,    4303,    2920497,    000h 00m 04.303s,    000h 48m 40.497s
666,    4734,    2925231,    000h 00m 04.734s,    000h 48m 45.231s
667,    3608,    2928839,    000h 00m 03.608s,    000h 48m 48.839s
668,    4233,    2933072,    000h 00m 04.233s,    000h 48m 53.072s
669,    4595,    2937667,    000h 00m 04.595s,    000h 48m 57.667s
670,    4483,    2942150,    000h 00m 04.483s,    000h 49m 02.150s
671,    4507,    2946657,    000h 00m 04.507s,    000h 49m 06.657s
672,    4584,    2951241,    000h 00m 04.584s,    000h 49m 11.241s
673,    4566,    2955807,    000h 00m 04.566s,    000h 49m 15.807s
674,    4528,    2960335,    000h 00m 04.528s,    000h 49m 20.335s
675,    4341,    2964676,    000h 00m 04.341s,    000h 49m 24.676s
676,    3944,    2968620,    000h 00m 03.944s,    000h 49m 28.620s
677,    4472,    2973092,    000h 00m 04.472s,    000h 49m 33.092s
678,    4412,    2977504,    000h 00m 04.412s,    000h 49m 37.504s
679,    4639,    2982143,    000h 00m 04.639s,    000h 49m 42.143s
680,    4223,    2986366,    000h 00m 04.223s,    000h 49m 46.366s
681,    4045,    2990411,    000h 00m 04.045s,    000h 49m 50.411s
682,    4687,    2995098,    000h 00m 04.687s,    000h 49m 55.098s
683,    3747,    2998845,    000h 00m 03.747s,    000h 49m 58.845s
684,    4205,    3003050,    000h 00m 04.205s,    000h 50m 03.050s
685,    4127,    3007177,    000h 00m 04.127s,    000h 50m 07.177s
686,    4520,    3011697,    000h 00m 04.520s,    000h 50m 11.697s
687,    4633,    3016330,    000h 00m 04.633s,    000h 50m 16.330s
688,    4127,    3020457,    000h 00m 04.127s,    000h 50m 20.457s
689,    4674,    3025131,    000h 00m 04.674s,    000h 50m 25.131s
690,    4706,    3029837,    000h 00m 04.706s,    000h 50m 29.837s
691,    4530,    3034367,    000h 00m 04.530s,    000h 50m 34.367s
692,    4306,    3038673,    000h 00m 04.306s,    000h 50m 38.673s
693,    4306,    3042979,    000h 00m 04.306s,    000h 50m 42.979s
694,    4475,    3047454,    000h 00m 04.475s,    000h 50m 47.454s
695,    4414,    3051868,    000h 00m 04.414s,    000h 50m 51.868s
696,    4075,    3055943,    000h 00m 04.075s,    000h 50m 55.943s
697,    4658,    3060601,    000h 00m 04.658s,    000h 51m 00.601s
698,    4297,    3064898,    000h 00m 04.297s,    000h 51m 04.898s
699,    4131,    3069029,    000h 00m 04.131s,    000h 51m 09.029s
700,    4333,    3073362,    000h 00m 04.333s,    000h 51m 13.362s
701,    4299,    3077661,    000h 00m 04.299s,    000h 51m 17.661s
702,    4253,    3081914,    000h 00m 04.253s,    000h 51m 21.914s
703,    4708,    3086622,    000h 00m 04.708s,    000h 51m 26.622s
704,    4568,    3091190,    000h 00m 04.568s,    000h 51m 31.190s
705,    4318,    3095508,    000h 00m 04.318s,    000h 51m 35.508s
706,    4355,    3099863,    000h 00m 04.355s,    000h 51m 39.863s
707,    4342,    3104205,    000h 00m 04.342s,    000h 51m 44.205s
708,    4476,    3108681,    000h 00m 04.476s,    000h 51m 48.681s
709,    4276,    3112957,    000h 00m 04.276s,    000h 51m 52.957s
710,    4661,    3117618,    000h 00m 04.661s,    000h 51m 57.618s
711,    4569,    3122187,    000h 00m 04.569s,    000h 52m 02.187s
712,    4366,    3126553,    000h 00m 04.366s,    000h 52m 06.553s
713,    4709,    3131262,    000h 00m 04.709s,    000h 52m 11.262s
714,    4209,    3135471,    000h 00m 04.209s,    000h 52m 15.471s
715,    4138,    3139609,    000h 00m 04.138s,    000h 52m 19.609s
716,    3879,    3143488,    000h 00m 03.879s,    000h 52m 23.488s
717,    4089,    3147577,    000h 00m 04.089s,    000h 52m 27.577s
718,    4441,    3152018,    000h 00m 04.441s,    000h 52m 32.018s
719,    4673,    3156691,    000h 00m 04.673s,    000h 52m 36.691s
720,    4075,    3160766,    000h 00m 04.075s,    000h 52m 40.766s
721,    3813,    3164579,    000h 00m 03.813s,    000h 52m 44.579s
722,    4303,    3168882,    000h 00m 04.303s,    000h 52m 48.882s
723,    4598,    3173480,    000h 00m 04.598s,    000h 52m 53.480s
724,    4082,    3177562,    000h 00m 04.082s,    000h 52m 57.562s
725,    4680,    3182242,    000h 00m 04.680s,    000h 53m 02.242s
726,    4706,    3186948,    000h 00m 04.706s,    000h 53m 06.948s
727,    4134,    3191082,    000h 00m 04.134s,    000h 53m 11.082s
728,    4531,    3195613,    000h 00m 04.531s,    000h 53m 15.613s
729,    3805,    3199418,    000h 00m 03.805s,    000h 53m 19.418s
730,    4727,    3204145,    000h 00m 04.727s,    000h 53m 24.145s
731,    4583,    3208728,    000h 00m 04.583s,    000h 53m 28.728s
732,    4627,    3213355,    000h 00m 04.627s,    000h 53m 33.355s
733,    4718,    3218073,    000h 00m 04.718s,    000h 53m 38.073s
734,    4198,    3222271,    000h 00m 04.198s,    000h 53m 42.271s
735,    4428,    3226699,    000h 00m 04.428s,    000h 53m 46.699s
736,    4467,    3231166,    000h 00m 04.467s,    000h 53m 51.166s
737,    4278,    3235444,    000h 00m 04.278s,    000h 53m 55.444s
738,    4443,    3239887,    000h 00m 04.443s,    000h 53m 59.887s
739,    4575,    3244462,    000h 00m 04.575s,    000h 54m 04.462s
740,    4451,    3248913,    000h 00m 04.451s,    000h 54m 08.913s
741,    4103,    3253016,    000h 00m 04.103s,    000h 54m 13.016s
742,    4562,    3257578,    000h 00m 04.562s,    000h 54m 17.578s
743,    4733,    3262311,    000h 00m 04.733s,    000h 54m 22.311s
744,    4356,    3266667,    000h 00m 04.356s,    000h 54m 26.667s
745,    4586,    3271253,    000h 00m 04.586s,    000h 54m 31.253s
746,    4440,    3275693,    000h 00m 04.440s,    000h 54m 35.693s
747,    4096,    3279789,    000h 00m 04.096s,    000h 54m 39.789s
748,    4387,    3284176,    000h 00m 04.387s,    000h 54m 44.176s
749,    4198,    3288374,    000h 00m 04.198s,    000h 54m 48.374s
750,    4675,    3293049,    000h 00m 04.675s,    000h 54m 53.049s
751,    4682,    3297731,    000h 00m 04.682s,    000h 54m 57.731s
752,    4642,    3302373,    000h 00m 04.642s,    000h 55m 02.373s
753,    4193,    3306566,    000h 00m 04.193s,    000h 55m 06.566s
754,    4555,    3311121,    000h 00m 04.555s,    000h 55m 11.121s
755,    4093,    3315214,    000h 00m 04.093s,    000h 55m 15.214s
756,    4707,    3319921,    000h 00m 04.707s,    000h 55m 19.921s
757,    4730,    3324651,    000h 00m 04.730s,    000h 55m 24.651s
758,    4137,    3328788,    000h 00m 04.137s,    000h 55m 28.788s
759,    4758,    3333546,    000h 00m 04.758s,    000h 55m 33.546s
760,    4316,    3337862,    000h 00m 04.316s,    000h 55m 37.862s
761,    4632,    3342494,    000h 00m 04.632s,    000h 55m 42.494s
762,    4205,    3346699,    000h 00m 04.205s,    000h 55m 46.699s
763,    4168,    3350867,    000h 00m 04.168s,    000h 55m 50.867s
764,    4717,    3355584,    000h 00m 04.717s,    000h 55m 55.584s
765,    4794,    3360378,    000h 00m 04.794s,    000h 56m 00.378s
766,    4207,    3364585,    000h 00m 04.207s,    000h 56m 04.585s
767,    4140,    3368725,    000h 00m 04.140s,    000h 56m 08.725s
768,    4092,    3372817,    000h 00m 04.092s,    000h 56m 12.817s
769,    4370,    3377187,    000h 00m 04.370s,    000h 56m 17.187s
770,    4702,    3381889,    000h 00m 04.702s,    000h 56m 21.889s
771,    4139,    3386028,    000h 00m 04.139s,    000h 56m 26.028s
772,    4812,    3390840,    000h 00m 04.812s,    000h 56m 30.840s
773,    4474,    3395314,    000h 00m 04.474s,    000h 56m 35.314s
774,    4538,    3399852,    000h 00m 04.538s,    000h 56m 39.852s
775,    4334,    3404186,    000h 00m 04.334s,    000h 56m 44.186s
776,    4190,    3408376,    000h 00m 04.190s,    000h 56m 48.376s
777,    4411,    3412787,    000h 00m 04.411s,    000h 56m 52.787s
778,    4651,    3417438,    000h 00m 04.651s,    000h 56m 57.438s
779,    4516,    3421954,    000h 00m 04.516s,    000h 57m 01.954s
780,    4449,    3426403,    000h 00m 04.449s,    000h 57m 06.403s
781,    4247,    3430650,    000h 00m 04.247s,    000h 57m 10.650s
782,    4661,    3435311,    000h 00m 04.661s,    000h 57m 15.311s
783,    4433,    3439744,    000h 00m 04.433s,    000h 57m 19.744s
784,    4464,    3444208,    000h 00m 04.464s,    000h 57m 24.208s
785,    4669,    3448877,    000h 00m 04.669s,    000h 57m 28.877s
786,    4629,    3453506,    000h 00m 04.629s,    000h 57m 33.506s
787,    4706,    3458212,    000h 00m 04.706s,    000h 57m 38.212s
788,    4210,    3462422,    000h 00m 04.210s,    000h 57m 42.422s
789,    4672,    3467094,    000h 00m 04.672s,    000h 57m 47.094s
790,    4405,    3471499,    000h 00m 04.405s,    000h 57m 51.499s
791,    4426,    3475925,    000h 00m 04.426s,    000h 57m 55.925s
792,    4666,    3480591,    000h 00m 04.666s,    000h 58m 00.591s
793,    4262,    3484853,    000h 00m 04.262s,    000h 58m 04.853s
794,    4210,    3489063,    000h 00m 04.210s,    000h 58m 09.063s
795,    4505,    3493568,    000h 00m 04.505s,    000h 58m 13.568s
796,    4142,    3497710,    000h 00m 04.142s,    000h 58m 17.710s
797,    4647,    3502357,    000h 00m 04.647s,    000h 58m 22.357s
798,    3408,    3505765,    000h 00m 03.408s,    000h 58m 25.765s
799,    4758,    3510523,    000h 00m 04.758s,    000h 58m 30.523s
800,    4669,    3515192,    000h 00m 04.669s,    000h 58m 35.192s
801,    4709,    3519901,    000h 00m 04.709s,    000h 58m 39.901s
802,    4514,    3524415,    000h 00m 04.514s,    000h 58m 44.415s
803,    3429,    3527844,    000h 00m 03.429s,    000h 58m 47.844s
804,    3558,    3531402,    000h 00m 03.558s,    000h 58m 51.402s
805,    4382,    3535784,    000h 00m 04.382s,    000h 58m 55.784s
806,    4688,    3540472,    000h 00m 04.688s,    000h 59m 00.472s
807,    4091,    3544563,    000h 00m 04.091s,    000h 59m 04.563s
808,    3877,    3548440,    000h 00m 03.877s,    000h 59m 08.440s
809,    4023,    3552463,    000h 00m 04.023s,    000h 59m 12.463s
810,    4632,    3557095,    000h 00m 04.632s,    000h 59m 17.095s
811,    4514,    3561609,    000h 00m 04.514s,    000h 59m 21.609s
812,    4706,    3566315,    000h 00m 04.706s,    000h 59m 26.315s
813,    4501,    3570816,    000h 00m 04.501s,    000h 59m 30.816s
814,    4600,    3575416,    000h 00m 04.600s,    000h 59m 35.416s
815,    4757,    3580173,    000h 00m 04.757s,    000h 59m 40.173s
816,    4497,    3584670,    000h 00m 04.497s,    000h 59m 44.670s
817,    4462,    3589132,    000h 00m 04.462s,    000h 59m 49.132s
818,    4368,    3593500,    000h 00m 04.368s,    000h 59m 53.500s
819,    3587,    3597087,    000h 00m 03.587s,    000h 59m 57.087s
820,    4255,    3601342,    000h 00m 04.255s,    001h 00m 01.342s
821,    4760,    3606102,    000h 00m 04.760s,    001h 00m 06.102s
822,    3942,    3610044,    000h 00m 03.942s,    001h 00m 10.044s
823,    4283,    3614327,    000h 00m 04.283s,    001h 00m 14.327s
824,    4060,    3618387,    000h 00m 04.060s,    001h 00m 18.387s
825,    4497,    3622884,    000h 00m 04.497s,    001h 00m 22.884s
826,    4354,    3627238,    000h 00m 04.354s,    001h 00m 27.238s
827,    4704,    3631942,    000h 00m 04.704s,    001h 00m 31.942s
828,    4249,    3636191,    000h 00m 04.249s,    001h 00m 36.191s
829,    4570,    3640761,    000h 00m 04.570s,    001h 00m 40.761s
830,    4670,    3645431,    000h 00m 04.670s,    001h 00m 45.431s
831,    4314,    3649745,    000h 00m 04.314s,    001h 00m 49.745s
832,    4546,    3654291,    000h 00m 04.546s,    001h 00m 54.291s
833,    3292,    3657583,    000h 00m 03.292s,    001h 00m 57.583s
834,    4395,    3661978,    000h 00m 04.395s,    001h 01m 01.978s
835,    4136,    3666114,    000h 00m 04.136s,    001h 01m 06.114s
836,    4619,    3670733,    000h 00m 04.619s,    001h 01m 10.733s
837,    4196,    3674929,    000h 00m 04.196s,    001h 01m 14.929s
838,    4714,    3679643,    000h 00m 04.714s,    001h 01m 19.643s
839,    4572,    3684215,    000h 00m 04.572s,    001h 01m 24.215s
840,    4279,    3688494,    000h 00m 04.279s,    001h 01m 28.494s
841,    4547,    3693041,    000h 00m 04.547s,    001h 01m 33.041s
842,    4237,    3697278,    000h 00m 04.237s,    001h 01m 37.278s
843,    4301,    3701579,    000h 00m 04.301s,    001h 01m 41.579s
844,    4326,    3705905,    000h 00m 04.326s,    001h 01m 45.905s
845,    4684,    3710589,    000h 00m 04.684s,    001h 01m 50.589s
846,    4677,    3715266,    000h 00m 04.677s,    001h 01m 55.266s
847,    4525,    3719791,    000h 00m 04.525s,    001h 01m 59.791s
848,    4612,    3724403,    000h 00m 04.612s,    001h 02m 04.403s
849,    4704,    3729107,    000h 00m 04.704s,    001h 02m 09.107s
850,    4608,    3733715,    000h 00m 04.608s,    001h 02m 13.715s
851,    4599,    3738314,    000h 00m 04.599s,    001h 02m 18.314s
852,    4367,    3742681,    000h 00m 04.367s,    001h 02m 22.681s
853,    4506,    3747187,    000h 00m 04.506s,    001h 02m 27.187s
854,    4388,    3751575,    000h 00m 04.388s,    001h 02m 31.575s
855,    4688,    3756263,    000h 00m 04.688s,    001h 02m 36.263s
856,    4231,    3760494,    000h 00m 04.231s,    001h 02m 40.494s
857,    4661,    3765155,    000h 00m 04.661s,    001h 02m 45.155s
858,    4768,    3769923,    000h 00m 04.768s,    001h 02m 49.923s
859,    4203,    3774126,    000h 00m 04.203s,    001h 02m 54.126s
860,    4329,    3778455,    000h 00m 04.329s,    001h 02m 58.455s
861,    4613,    3783068,    000h 00m 04.613s,    001h 03m 03.068s
862,    4284,    3787352,    000h 00m 04.284s,    001h 03m 07.352s
863,    4492,    3791844,    000h 00m 04.492s,    001h 03m 11.844s
864,    4672,    3796516,    000h 00m 04.672s,    001h 03m 16.516s
865,    3987,    3800503,    000h 00m 03.987s,    001h 03m 20.503s
866,    4154,    3804657,    000h 00m 04.154s,    001h 03m 24.657s
867,    4643,    3809300,    000h 00m 04.643s,    001h 03m 29.300s
868,    4773,    3814073,    000h 00m 04.773s,    001h 03m 34.073s
869,    4493,    3818566,    000h 00m 04.493s,    001h 03m 38.566s
870,    4349,    3822915,    000h 00m 04.349s,    001h 03m 42.915s
871,    4272,    3827187,    000h 00m 04.272s,    001h 03m 47.187s
872,    4704,    3831891,    000h 00m 04.704s,    001h 03m 51.891s
873,    4051,    3835942,    000h 00m 04.051s,    001h 03m 55.942s
874,    4664,    3840606,    000h 00m 04.664s,    001h 04m 00.606s
875,    4234,    3844840,    000h 00m 04.234s,    001h 04m 04.840s
876,    4135,    3848975,    000h 00m 04.135s,    001h 04m 08.975s
877,    4400,    3853375,    000h 00m 04.400s,    001h 04m 13.375s
878,    4638,    3858013,    000h 00m 04.638s,    001h 04m 18.013s
879,    4147,    3862160,    000h 00m 04.147s,    001h 04m 22.160s
880,    4588,    3866748,    000h 00m 04.588s,    001h 04m 26.748s
881,    4053,    3870801,    000h 00m 04.053s,    001h 04m 30.801s
882,    4490,    3875291,    000h 00m 04.490s,    001h 04m 35.291s
883,    4653,    3879944,    000h 00m 04.653s,    001h 04m 39.944s
884,    4423,    3884367,    000h 00m 04.423s,    001h 04m 44.367s
885,    4320,    3888687,    000h 00m 04.320s,    001h 04m 48.687s
886,    4290,    3892977,    000h 00m 04.290s,    001h 04m 52.977s
887,    4187,    3897164,    000h 00m 04.187s,    001h 04m 57.164s
888,    4701,    3901865,    000h 00m 04.701s,    001h 05m 01.865s
889,    4742,    3906607,    000h 00m 04.742s,    001h 05m 06.607s
890,    4560,    3911167,    000h 00m 04.560s,    001h 05m 11.167s
891,    4233,    3915400,    000h 00m 04.233s,    001h 05m 15.400s
892,    4628,    3920028,    000h 00m 04.628s,    001h 05m 20.028s
893,    4243,    3924271,    000h 00m 04.243s,    001h 05m 24.271s
894,    4354,    3928625,    000h 00m 04.354s,    001h 05m 28.625s
895,    4600,    3933225,    000h 00m 04.600s,    001h 05m 33.225s
896,    4625,    3937850,    000h 00m 04.625s,    001h 05m 37.850s
897,    4677,    3942527,    000h 00m 04.677s,    001h 05m 42.527s
898,    4597,    3947124,    000h 00m 04.597s,    001h 05m 47.124s
899,    4276,    3951400,    000h 00m 04.276s,    001h 05m 51.400s
900,    4673,    3956073,    000h 00m 04.673s,    001h 05m 56.073s
901,    3963,    3960036,    000h 00m 03.963s,    001h 06m 00.036s
902,    4237,    3964273,    000h 00m 04.237s,    001h 06m 04.273s
903,    4317,    3968590,    000h 00m 04.317s,    001h 06m 08.590s
904,    4403,    3972993,    000h 00m 04.403s,    001h 06m 12.993s
905,    4716,    3977709,    000h 00m 04.716s,    001h 06m 17.709s
906,    4601,    3982310,    000h 00m 04.601s,    001h 06m 22.310s
907,    4190,    3986500,    000h 00m 04.190s,    001h 06m 26.500s
908,    4537,    3991037,    000h 00m 04.537s,    001h 06m 31.037s
909,    4707,    3995744,    000h 00m 04.707s,    001h 06m 35.744s
910,    4339,    4000083,    000h 00m 04.339s,    001h 06m 40.083s
911,    4651,    4004734,    000h 00m 04.651s,    001h 06m 44.734s
912,    4625,    4009359,    000h 00m 04.625s,    001h 06m 49.359s
913,    4235,    4013594,    000h 00m 04.235s,    001h 06m 53.594s
914,    4539,    4018133,    000h 00m 04.539s,    001h 06m 58.133s
915,    4515,    4022648,    000h 00m 04.515s,    001h 07m 02.648s
916,    4759,    4027407,    000h 00m 04.759s,    001h 07m 07.407s
917,    4427,    4031834,    000h 00m 04.427s,    001h 07m 11.834s
918,    4594,    4036428,    000h 00m 04.594s,    001h 07m 16.428s
919,    4341,    4040769,    000h 00m 04.341s,    001h 07m 20.769s
920,    4151,    4044920,    000h 00m 04.151s,    001h 07m 24.920s
921,    4517,    4049437,    000h 00m 04.517s,    001h 07m 29.437s
922,    4617,    4054054,    000h 00m 04.617s,    001h 07m 34.054s
923,    4628,    4058682,    000h 00m 04.628s,    001h 07m 38.682s
924,    4348,    4063030,    000h 00m 04.348s,    001h 07m 43.030s
925,    4646,    4067676,    000h 00m 04.646s,    001h 07m 47.676s
926,    4553,    4072229,    000h 00m 04.553s,    001h 07m 52.229s
927,    4151,    4076380,    000h 00m 04.151s,    001h 07m 56.380s
928,    4301,    4080681,    000h 00m 04.301s,    001h 08m 00.681s
929,    4132,    4084813,    000h 00m 04.132s,    001h 08m 04.813s
930,    4335,    4089148,    000h 00m 04.335s,    001h 08m 09.148s
931,    4668,    4093816,    000h 00m 04.668s,    001h 08m 13.816s
932,    4186,    4098002,    000h 00m 04.186s,    001h 08m 18.002s
933,    4647,    4102649,    000h 00m 04.647s,    001h 08m 22.649s
934,    4156,    4106805,    000h 00m 04.156s,    001h 08m 26.805s
935,    4489,    4111294,    000h 00m 04.489s,    001h 08m 31.294s
936,    4480,    4115774,    000h 00m 04.480s,    001h 08m 35.774s
937,    4122,    4119896,    000h 00m 04.122s,    001h 08m 39.896s
938,    4105,    4124001,    000h 00m 04.105s,    001h 08m 44.001s
939,    4116,    4128117,    000h 00m 04.116s,    001h 08m 48.117s
940,    4533,    4132650,    000h 00m 04.533s,    001h 08m 52.650s
941,    4189,    4136839,    000h 00m 04.189s,    001h 08m 56.839s
942,    4191,    4141030,    000h 00m 04.191s,    001h 09m 01.030s
943,    4725,    4145755,    000h 00m 04.725s,    001h 09m 05.755s
944,    4680,    4150435,    000h 00m 04.680s,    001h 09m 10.435s
945,    4642,    4155077,    000h 00m 04.642s,    001h 09m 15.077s
946,    4552,    4159629,    000h 00m 04.552s,    001h 09m 19.629s
947,    4093,    4163722,    000h 00m 04.093s,    001h 09m 23.722s
948,    4571,    4168293,    000h 00m 04.571s,    001h 09m 28.293s
949,    4113,    4172406,    000h 00m 04.113s,    001h 09m 32.406s
950,    4179,    4176585,    000h 00m 04.179s,    001h 09m 36.585s
951,    4154,    4180739,    000h 00m 04.154s,    001h 09m 40.739s
952,    4199,    4184938,    000h 00m 04.199s,    001h 09m 44.938s
953,    4394,    4189332,    000h 00m 04.394s,    001h 09m 49.332s
954,    4649,    4193981,    000h 00m 04.649s,    001h 09m 53.981s
955,    4616,    4198597,    000h 00m 04.616s,    001h 09m 58.597s
956,    4419,    4203016,    000h 00m 04.419s,    001h 10m 03.016s
957,    4541,    4207557,    000h 00m 04.541s,    001h 10m 07.557s
958,    4634,    4212191,    000h 00m 04.634s,    001h 10m 12.191s
959,    4530,    4216721,    000h 00m 04.530s,    001h 10m 16.721s
960,    4205,    4220926,    000h 00m 04.205s,    001h 10m 20.926s
961,    4186,    4225112,    000h 00m 04.186s,    001h 10m 25.112s
962,    4476,    4229588,    000h 00m 04.476s,    001h 10m 29.588s
963,    4706,    4234294,    000h 00m 04.706s,    001h 10m 34.294s
964,    4645,    4238939,    000h 00m 04.645s,    001h 10m 38.939s
965,    4367,    4243306,    000h 00m 04.367s,    001h 10m 43.306s
966,    4709,    4248015,    000h 00m 04.709s,    001h 10m 48.015s
967,    4359,    4252374,    000h 00m 04.359s,    001h 10m 52.374s
968,    4087,    4256461,    000h 00m 04.087s,    001h 10m 56.461s
969,    4068,    4260529,    000h 00m 04.068s,    001h 11m 00.529s
970,    4077,    4264606,    000h 00m 04.077s,    001h 11m 04.606s
971,    4597,    4269203,    000h 00m 04.597s,    001h 11m 09.203s
972,    4648,    4273851,    000h 00m 04.648s,    001h 11m 13.851s
973,    3864,    4277715,    000h 00m 03.864s,    001h 11m 17.715s
974,    4705,    4282420,    000h 00m 04.705s,    001h 11m 22.420s
975,    4297,    4286717,    000h 00m 04.297s,    001h 11m 26.717s
976,    4657,    4291374,    000h 00m 04.657s,    001h 11m 31.374s
977,    4586,    4295960,    000h 00m 04.586s,    001h 11m 35.960s
978,    4052,    4300012,    000h 00m 04.052s,    001h 11m 40.012s
979,    4426,    4304438,    000h 00m 04.426s,    001h 11m 44.438s
980,    4336,    4308774,    000h 00m 04.336s,    001h 11m 48.774s
981,    3764,    4312538,    000h 00m 03.764s,    001h 11m 52.538s
982,    4676,    4317214,    000h 00m 04.676s,    001h 11m 57.214s
983,    4533,    4321747,    000h 00m 04.533s,    001h 12m 01.747s
984,    4293,    4326040,    000h 00m 04.293s,    001h 12m 06.040s
985,    4698,    4330738,    000h 00m 04.698s,    001h 12m 10.738s
986,    4810,    4335548,    000h 00m 04.810s,    001h 12m 15.548s
987,    4424,    4339972,    000h 00m 04.424s,    001h 12m 19.972s
988,    4501,    4344473,    000h 00m 04.501s,    001h 12m 24.473s
989,    4794,    4349267,    000h 00m 04.794s,    001h 12m 29.267s
990,    4613,    4353880,    000h 00m 04.613s,    001h 12m 33.880s
991,    4390,    4358270,    000h 00m 04.390s,    001h 12m 38.270s
992,    4555,    4362825,    000h 00m 04.555s,    001h 12m 42.825s
993,    4708,    4367533,    000h 00m 04.708s,    001h 12m 47.533s
994,    4748,    4372281,    000h 00m 04.748s,    001h 12m 52.281s
995,    4390,    4376671,    000h 00m 04.390s,    001h 12m 56.671s
996,    4324,    4380995,    000h 00m 04.324s,    001h 13m 00.995s
997,    4782,    4385777,    000h 00m 04.782s,    001h 13m 05.777s
998,    4217,    4389994,    000h 00m 04.217s,    001h 13m 09.994s
999,    4690,    4394684,    000h 00m 04.690s,    001h 13m 14.684s
1000,    4396,    4399080,    000h 00m 04.396s,    001h 13m 19.080s
1001,    4247,    4403327,    000h 00m 04.247s,    001h 13m 23.327s
1002,    4152,    4407479,    000h 00m 04.152s,    001h 13m 27.479s
1003,    4729,    4412208,    000h 00m 04.729s,    001h 13m 32.208s
1004,    4585,    4416793,    000h 00m 04.585s,    001h 13m 36.793s
1005,    4717,    4421510,    000h 00m 04.717s,    001h 13m 41.510s
1006,    17697,    4439207,    000h 00m 17.697s,    001h 13m 59.207s
1007,    67733,    4506940,    000h 01m 07.733s,    001h 15m 06.940s
1008,    68183,    4575123,    000h 01m 08.183s,    001h 16m 15.123s
1009,    61011,    4636134,    000h 01m 01.011s,    001h 17m 16.134s
1010,    63224,    4699358,    000h 01m 03.224s,    001h 18m 19.358s
1011,    66512,    4765870,    000h 01m 06.512s,    001h 19m 25.870s
1012,    63500,    4829370,    000h 01m 03.500s,    001h 20m 29.370s
1013,    64974,    4894344,    000h 01m 04.974s,    001h 21m 34.344s
1014,    65043,    4959387,    000h 01m 05.043s,    001h 22m 39.387s
1015,    67124,    5026511,    000h 01m 07.124s,    001h 23m 46.511s
1016,    62801,    5089312,    000h 01m 02.801s,    001h 24m 49.312s
1017,    63096,    5152408,    000h 01m 03.096s,    001h 25m 52.408s
1018,    64314,    5216722,    000h 01m 04.314s,    001h 26m 56.722s
1019,    83380,    5300102,    000h 01m 23.380s,    001h 28m 20.102s
1020,    62348,    5362450,    000h 01m 02.348s,    001h 29m 22.450s
1021,    65180,    5427630,    000h 01m 05.180s,    001h 30m 27.630s
1022,    62583,    5490213,    000h 01m 02.583s,    001h 31m 30.213s
1023,    66321,    5556534,    000h 01m 06.321s,    001h 32m 36.534s
1024,    44525,    5601059,    000h 00m 44.525s,    001h 33m 21.059s
1025,    58897,    5659956,    000h 00m 58.897s,    001h 34m 19.956s
