pass,    time (ms),    total time (ms),    time,     total_time
1,    1549,    1549,    000h 00m 01.549s,    000h 00m 01.549s
2,    1749,    3298,    000h 00m 01.749s,    000h 00m 03.298s
3,    1710,    5008,    000h 00m 01.710s,    000h 00m 05.008s
4,    1377,    6385,    000h 00m 01.377s,    000h 00m 06.385s
5,    1588,    7973,    000h 00m 01.588s,    000h 00m 07.973s
6,    1721,    9694,    000h 00m 01.721s,    000h 00m 09.694s
7,    1759,    11453,    000h 00m 01.759s,    000h 00m 11.453s
8,    1584,    13037,    000h 00m 01.584s,    000h 00m 13.037s
9,    1619,    14656,    000h 00m 01.619s,    000h 00m 14.656s
10,    1354,    16010,    000h 00m 01.354s,    000h 00m 16.010s
11,    1584,    17594,    000h 00m 01.584s,    000h 00m 17.594s
12,    1732,    19326,    000h 00m 01.732s,    000h 00m 19.326s
13,    1657,    20983,    000h 00m 01.657s,    000h 00m 20.983s
14,    1752,    22735,    000h 00m 01.752s,    000h 00m 22.735s
15,    1516,    24251,    000h 00m 01.516s,    000h 00m 24.251s
16,    1625,    25876,    000h 00m 01.625s,    000h 00m 25.876s
17,    1550,    27426,    000h 00m 01.550s,    000h 00m 27.426s
18,    1534,    28960,    000h 00m 01.534s,    000h 00m 28.960s
19,    1570,    30530,    000h 00m 01.570s,    000h 00m 30.530s
20,    1783,    32313,    000h 00m 01.783s,    000h 00m 32.313s
21,    1579,    33892,    000h 00m 01.579s,    000h 00m 33.892s
22,    1579,    35471,    000h 00m 01.579s,    000h 00m 35.471s
23,    1683,    37154,    000h 00m 01.683s,    000h 00m 37.154s
24,    1763,    38917,    000h 00m 01.763s,    000h 00m 38.917s
25,    1737,    40654,    000h 00m 01.737s,    000h 00m 40.654s
26,    1572,    42226,    000h 00m 01.572s,    000h 00m 42.226s
27,    1671,    43897,    000h 00m 01.671s,    000h 00m 43.897s
28,    1551,    45448,    000h 00m 01.551s,    000h 00m 45.448s
29,    1526,    46974,    000h 00m 01.526s,    000h 00m 46.974s
30,    1755,    48729,    000h 00m 01.755s,    000h 00m 48.729s
31,    1584,    50313,    000h 00m 01.584s,    000h 00m 50.313s
32,    1549,    51862,    000h 00m 01.549s,    000h 00m 51.862s
33,    1682,    53544,    000h 00m 01.682s,    000h 00m 53.544s
34,    1629,    55173,    000h 00m 01.629s,    000h 00m 55.173s
35,    1643,    56816,    000h 00m 01.643s,    000h 00m 56.816s
36,    1619,    58435,    000h 00m 01.619s,    000h 00m 58.435s
37,    1744,    60179,    000h 00m 01.744s,    000h 01m 00.179s
38,    1754,    61933,    000h 00m 01.754s,    000h 01m 01.933s
39,    1653,    63586,    000h 00m 01.653s,    000h 01m 03.586s
40,    1662,    65248,    000h 00m 01.662s,    000h 01m 05.248s
41,    1554,    66802,    000h 00m 01.554s,    000h 01m 06.802s
42,    1595,    68397,    000h 00m 01.595s,    000h 01m 08.397s
43,    1546,    69943,    000h 00m 01.546s,    000h 01m 09.943s
44,    1674,    71617,    000h 00m 01.674s,    000h 01m 11.617s
45,    1621,    73238,    000h 00m 01.621s,    000h 01m 13.238s
46,    1621,    74859,    000h 00m 01.621s,    000h 01m 14.859s
47,    1712,    76571,    000h 00m 01.712s,    000h 01m 16.571s
48,    1730,    78301,    000h 00m 01.730s,    000h 01m 18.301s
49,    1748,    80049,    000h 00m 01.748s,    000h 01m 20.049s
50,    1737,    81786,    000h 00m 01.737s,    000h 01m 21.786s
51,    1700,    83486,    000h 00m 01.700s,    000h 01m 23.486s
52,    1732,    85218,    000h 00m 01.732s,    000h 01m 25.218s
53,    1710,    86928,    000h 00m 01.710s,    000h 01m 26.928s
54,    1640,    88568,    000h 00m 01.640s,    000h 01m 28.568s
55,    1724,    90292,    000h 00m 01.724s,    000h 01m 30.292s
56,    1545,    91837,    000h 00m 01.545s,    000h 01m 31.837s
57,    1708,    93545,    000h 00m 01.708s,    000h 01m 33.545s
58,    1749,    95294,    000h 00m 01.749s,    000h 01m 35.294s
59,    1584,    96878,    000h 00m 01.584s,    000h 01m 36.878s
60,    1375,    98253,    000h 00m 01.375s,    000h 01m 38.253s
61,    1620,    99873,    000h 00m 01.620s,    000h 01m 39.873s
62,    1802,    101675,    000h 00m 01.802s,    000h 01m 41.675s
63,    1738,    103413,    000h 00m 01.738s,    000h 01m 43.413s
64,    1719,    105132,    000h 00m 01.719s,    000h 01m 45.132s
65,    1698,    106830,    000h 00m 01.698s,    000h 01m 46.830s
66,    1664,    108494,    000h 00m 01.664s,    000h 01m 48.494s
67,    1663,    110157,    000h 00m 01.663s,    000h 01m 50.157s
68,    1692,    111849,    000h 00m 01.692s,    000h 01m 51.849s
69,    1719,    113568,    000h 00m 01.719s,    000h 01m 53.568s
70,    1703,    115271,    000h 00m 01.703s,    000h 01m 55.271s
71,    1577,    116848,    000h 00m 01.577s,    000h 01m 56.848s
72,    1695,    118543,    000h 00m 01.695s,    000h 01m 58.543s
73,    1568,    120111,    000h 00m 01.568s,    000h 02m 00.111s
74,    1611,    121722,    000h 00m 01.611s,    000h 02m 01.722s
75,    1574,    123296,    000h 00m 01.574s,    000h 02m 03.296s
76,    1743,    125039,    000h 00m 01.743s,    000h 02m 05.039s
77,    1609,    126648,    000h 00m 01.609s,    000h 02m 06.648s
78,    1751,    128399,    000h 00m 01.751s,    000h 02m 08.399s
79,    1578,    129977,    000h 00m 01.578s,    000h 02m 09.977s
80,    1627,    131604,    000h 00m 01.627s,    000h 02m 11.604s
81,    1723,    133327,    000h 00m 01.723s,    000h 02m 13.327s
82,    1700,    135027,    000h 00m 01.700s,    000h 02m 15.027s
83,    1629,    136656,    000h 00m 01.629s,    000h 02m 16.656s
84,    1647,    138303,    000h 00m 01.647s,    000h 02m 18.303s
85,    1386,    139689,    000h 00m 01.386s,    000h 02m 19.689s
86,    1690,    141379,    000h 00m 01.690s,    000h 02m 21.379s
87,    1705,    143084,    000h 00m 01.705s,    000h 02m 23.084s
88,    1604,    144688,    000h 00m 01.604s,    000h 02m 24.688s
89,    1569,    146257,    000h 00m 01.569s,    000h 02m 26.257s
90,    1668,    147925,    000h 00m 01.668s,    000h 02m 27.925s
91,    1698,    149623,    000h 00m 01.698s,    000h 02m 29.623s
92,    1557,    151180,    000h 00m 01.557s,    000h 02m 31.180s
93,    1595,    152775,    000h 00m 01.595s,    000h 02m 32.775s
94,    1733,    154508,    000h 00m 01.733s,    000h 02m 34.508s
95,    1652,    156160,    000h 00m 01.652s,    000h 02m 36.160s
96,    1596,    157756,    000h 00m 01.596s,    000h 02m 37.756s
97,    1629,    159385,    000h 00m 01.629s,    000h 02m 39.385s
98,    1724,    161109,    000h 00m 01.724s,    000h 02m 41.109s
99,    1644,    162753,    000h 00m 01.644s,    000h 02m 42.753s
100,    1748,    164501,    000h 00m 01.748s,    000h 02m 44.501s
101,    1702,    166203,    000h 00m 01.702s,    000h 02m 46.203s
102,    1697,    167900,    000h 00m 01.697s,    000h 02m 47.900s
103,    1633,    169533,    000h 00m 01.633s,    000h 02m 49.533s
104,    1687,    171220,    000h 00m 01.687s,    000h 02m 51.220s
105,    1630,    172850,    000h 00m 01.630s,    000h 02m 52.850s
106,    1748,    174598,    000h 00m 01.748s,    000h 02m 54.598s
107,    1721,    176319,    000h 00m 01.721s,    000h 02m 56.319s
108,    1715,    178034,    000h 00m 01.715s,    000h 02m 58.034s
109,    1766,    179800,    000h 00m 01.766s,    000h 02m 59.800s
110,    1693,    181493,    000h 00m 01.693s,    000h 03m 01.493s
111,    1702,    183195,    000h 00m 01.702s,    000h 03m 03.195s
112,    1359,    184554,    000h 00m 01.359s,    000h 03m 04.554s
113,    1551,    186105,    000h 00m 01.551s,    000h 03m 06.105s
114,    1591,    187696,    000h 00m 01.591s,    000h 03m 07.696s
115,    1647,    189343,    000h 00m 01.647s,    000h 03m 09.343s
116,    1561,    190904,    000h 00m 01.561s,    000h 03m 10.904s
117,    1741,    192645,    000h 00m 01.741s,    000h 03m 12.645s
118,    1735,    194380,    000h 00m 01.735s,    000h 03m 14.380s
119,    1568,    195948,    000h 00m 01.568s,    000h 03m 15.948s
120,    1733,    197681,    000h 00m 01.733s,    000h 03m 17.681s
121,    1765,    199446,    000h 00m 01.765s,    000h 03m 19.446s
122,    1246,    200692,    000h 00m 01.246s,    000h 03m 20.692s
123,    1747,    202439,    000h 00m 01.747s,    000h 03m 22.439s
124,    1668,    204107,    000h 00m 01.668s,    000h 03m 24.107s
125,    1373,    205480,    000h 00m 01.373s,    000h 03m 25.480s
126,    1776,    207256,    000h 00m 01.776s,    000h 03m 27.256s
127,    1705,    208961,    000h 00m 01.705s,    000h 03m 28.961s
128,    1563,    210524,    000h 00m 01.563s,    000h 03m 30.524s
129,    1658,    212182,    000h 00m 01.658s,    000h 03m 32.182s
130,    1597,    213779,    000h 00m 01.597s,    000h 03m 33.779s
131,    1756,    215535,    000h 00m 01.756s,    000h 03m 35.535s
132,    1661,    217196,    000h 00m 01.661s,    000h 03m 37.196s
133,    1740,    218936,    000h 00m 01.740s,    000h 03m 38.936s
134,    1706,    220642,    000h 00m 01.706s,    000h 03m 40.642s
135,    1614,    222256,    000h 00m 01.614s,    000h 03m 42.256s
136,    1636,    223892,    000h 00m 01.636s,    000h 03m 43.892s
137,    1514,    225406,    000h 00m 01.514s,    000h 03m 45.406s
138,    1760,    227166,    000h 00m 01.760s,    000h 03m 47.166s
139,    1636,    228802,    000h 00m 01.636s,    000h 03m 48.802s
140,    1546,    230348,    000h 00m 01.546s,    000h 03m 50.348s
141,    1577,    231925,    000h 00m 01.577s,    000h 03m 51.925s
142,    1728,    233653,    000h 00m 01.728s,    000h 03m 53.653s
143,    1733,    235386,    000h 00m 01.733s,    000h 03m 55.386s
144,    1634,    237020,    000h 00m 01.634s,    000h 03m 57.020s
145,    1531,    238551,    000h 00m 01.531s,    000h 03m 58.551s
146,    1705,    240256,    000h 00m 01.705s,    000h 04m 00.256s
147,    1776,    242032,    000h 00m 01.776s,    000h 04m 02.032s
148,    1708,    243740,    000h 00m 01.708s,    000h 04m 03.740s
149,    1674,    245414,    000h 00m 01.674s,    000h 04m 05.414s
150,    1613,    247027,    000h 00m 01.613s,    000h 04m 07.027s
151,    1673,    248700,    000h 00m 01.673s,    000h 04m 08.700s
152,    1776,    250476,    000h 00m 01.776s,    000h 04m 10.476s
153,    1753,    252229,    000h 00m 01.753s,    000h 04m 12.229s
154,    1686,    253915,    000h 00m 01.686s,    000h 04m 13.915s
155,    1748,    255663,    000h 00m 01.748s,    000h 04m 15.663s
156,    1721,    257384,    000h 00m 01.721s,    000h 04m 17.384s
157,    1703,    259087,    000h 00m 01.703s,    000h 04m 19.087s
158,    1550,    260637,    000h 00m 01.550s,    000h 04m 20.637s
159,    1509,    262146,    000h 00m 01.509s,    000h 04m 22.146s
160,    1610,    263756,    000h 00m 01.610s,    000h 04m 23.756s
161,    1654,    265410,    000h 00m 01.654s,    000h 04m 25.410s
162,    1753,    267163,    000h 00m 01.753s,    000h 04m 27.163s
163,    1726,    268889,    000h 00m 01.726s,    000h 04m 28.889s
164,    1695,    270584,    000h 00m 01.695s,    000h 04m 30.584s
165,    1544,    272128,    000h 00m 01.544s,    000h 04m 32.128s
166,    1545,    273673,    000h 00m 01.545s,    000h 04m 33.673s
167,    1656,    275329,    000h 00m 01.656s,    000h 04m 35.329s
168,    1685,    277014,    000h 00m 01.685s,    000h 04m 37.014s
169,    1642,    278656,    000h 00m 01.642s,    000h 04m 38.656s
170,    1672,    280328,    000h 00m 01.672s,    000h 04m 40.328s
171,    1588,    281916,    000h 00m 01.588s,    000h 04m 41.916s
172,    1589,    283505,    000h 00m 01.589s,    000h 04m 43.505s
173,    1633,    285138,    000h 00m 01.633s,    000h 04m 45.138s
174,    1725,    286863,    000h 00m 01.725s,    000h 04m 46.863s
175,    1506,    288369,    000h 00m 01.506s,    000h 04m 48.369s
176,    1709,    290078,    000h 00m 01.709s,    000h 04m 50.078s
177,    1569,    291647,    000h 00m 01.569s,    000h 04m 51.647s
178,    1748,    293395,    000h 00m 01.748s,    000h 04m 53.395s
179,    1667,    295062,    000h 00m 01.667s,    000h 04m 55.062s
180,    1532,    296594,    000h 00m 01.532s,    000h 04m 56.594s
181,    1704,    298298,    000h 00m 01.704s,    000h 04m 58.298s
182,    1577,    299875,    000h 00m 01.577s,    000h 04m 59.875s
183,    1615,    301490,    000h 00m 01.615s,    000h 05m 01.490s
184,    1743,    303233,    000h 00m 01.743s,    000h 05m 03.233s
185,    1775,    305008,    000h 00m 01.775s,    000h 05m 05.008s
186,    1774,    306782,    000h 00m 01.774s,    000h 05m 06.782s
187,    1575,    308357,    000h 00m 01.575s,    000h 05m 08.357s
188,    1605,    309962,    000h 00m 01.605s,    000h 05m 09.962s
189,    1639,    311601,    000h 00m 01.639s,    000h 05m 11.601s
190,    1743,    313344,    000h 00m 01.743s,    000h 05m 13.344s
191,    1657,    315001,    000h 00m 01.657s,    000h 05m 15.001s
192,    1676,    316677,    000h 00m 01.676s,    000h 05m 16.677s
193,    1551,    318228,    000h 00m 01.551s,    000h 05m 18.228s
194,    1590,    319818,    000h 00m 01.590s,    000h 05m 19.818s
195,    1760,    321578,    000h 00m 01.760s,    000h 05m 21.578s
196,    1617,    323195,    000h 00m 01.617s,    000h 05m 23.195s
197,    1567,    324762,    000h 00m 01.567s,    000h 05m 24.762s
198,    1677,    326439,    000h 00m 01.677s,    000h 05m 26.439s
199,    1778,    328217,    000h 00m 01.778s,    000h 05m 28.217s
200,    1660,    329877,    000h 00m 01.660s,    000h 05m 29.877s
201,    1566,    331443,    000h 00m 01.566s,    000h 05m 31.443s
202,    1585,    333028,    000h 00m 01.585s,    000h 05m 33.028s
203,    1755,    334783,    000h 00m 01.755s,    000h 05m 34.783s
204,    1767,    336550,    000h 00m 01.767s,    000h 05m 36.550s
205,    1731,    338281,    000h 00m 01.731s,    000h 05m 38.281s
206,    1608,    339889,    000h 00m 01.608s,    000h 05m 39.889s
207,    1634,    341523,    000h 00m 01.634s,    000h 05m 41.523s
208,    1721,    343244,    000h 00m 01.721s,    000h 05m 43.244s
209,    1631,    344875,    000h 00m 01.631s,    000h 05m 44.875s
210,    1667,    346542,    000h 00m 01.667s,    000h 05m 46.542s
211,    1742,    348284,    000h 00m 01.742s,    000h 05m 48.284s
212,    1606,    349890,    000h 00m 01.606s,    000h 05m 49.890s
213,    1653,    351543,    000h 00m 01.653s,    000h 05m 51.543s
214,    1676,    353219,    000h 00m 01.676s,    000h 05m 53.219s
215,    1644,    354863,    000h 00m 01.644s,    000h 05m 54.863s
216,    1723,    356586,    000h 00m 01.723s,    000h 05m 56.586s
217,    1330,    357916,    000h 00m 01.330s,    000h 05m 57.916s
218,    1745,    359661,    000h 00m 01.745s,    000h 05m 59.661s
219,    1666,    361327,    000h 00m 01.666s,    000h 06m 01.327s
220,    1725,    363052,    000h 00m 01.725s,    000h 06m 03.052s
221,    1689,    364741,    000h 00m 01.689s,    000h 06m 04.741s
222,    1720,    366461,    000h 00m 01.720s,    000h 06m 06.461s
223,    1729,    368190,    000h 00m 01.729s,    000h 06m 08.190s
224,    1553,    369743,    000h 00m 01.553s,    000h 06m 09.743s
225,    1677,    371420,    000h 00m 01.677s,    000h 06m 11.420s
226,    1723,    373143,    000h 00m 01.723s,    000h 06m 13.143s
227,    1614,    374757,    000h 00m 01.614s,    000h 06m 14.757s
228,    1724,    376481,    000h 00m 01.724s,    000h 06m 16.481s
229,    1756,    378237,    000h 00m 01.756s,    000h 06m 18.237s
230,    1597,    379834,    000h 00m 01.597s,    000h 06m 19.834s
231,    1656,    381490,    000h 00m 01.656s,    000h 06m 21.490s
232,    1628,    383118,    000h 00m 01.628s,    000h 06m 23.118s
233,    1712,    384830,    000h 00m 01.712s,    000h 06m 24.830s
234,    1640,    386470,    000h 00m 01.640s,    000h 06m 26.470s
235,    1570,    388040,    000h 00m 01.570s,    000h 06m 28.040s
236,    1698,    389738,    000h 00m 01.698s,    000h 06m 29.738s
237,    1402,    391140,    000h 00m 01.402s,    000h 06m 31.140s
238,    1657,    392797,    000h 00m 01.657s,    000h 06m 32.797s
239,    1626,    394423,    000h 00m 01.626s,    000h 06m 34.423s
240,    1686,    396109,    000h 00m 01.686s,    000h 06m 36.109s
241,    1555,    397664,    000h 00m 01.555s,    000h 06m 37.664s
242,    1603,    399267,    000h 00m 01.603s,    000h 06m 39.267s
243,    1685,    400952,    000h 00m 01.685s,    000h 06m 40.952s
244,    1643,    402595,    000h 00m 01.643s,    000h 06m 42.595s
245,    1585,    404180,    000h 00m 01.585s,    000h 06m 44.180s
246,    1660,    405840,    000h 00m 01.660s,    000h 06m 45.840s
247,    1650,    407490,    000h 00m 01.650s,    000h 06m 47.490s
248,    1534,    409024,    000h 00m 01.534s,    000h 06m 49.024s
249,    1717,    410741,    000h 00m 01.717s,    000h 06m 50.741s
250,    1583,    412324,    000h 00m 01.583s,    000h 06m 52.324s
251,    1607,    413931,    000h 00m 01.607s,    000h 06m 53.931s
252,    1693,    415624,    000h 00m 01.693s,    000h 06m 55.624s
253,    1616,    417240,    000h 00m 01.616s,    000h 06m 57.240s
254,    1621,    418861,    000h 00m 01.621s,    000h 06m 58.861s
255,    1755,    420616,    000h 00m 01.755s,    000h 07m 00.616s
256,    1641,    422257,    000h 00m 01.641s,    000h 07m 02.257s
257,    1649,    423906,    000h 00m 01.649s,    000h 07m 03.906s
258,    1570,    425476,    000h 00m 01.570s,    000h 07m 05.476s
259,    1567,    427043,    000h 00m 01.567s,    000h 07m 07.043s
260,    1677,    428720,    000h 00m 01.677s,    000h 07m 08.720s
261,    1656,    430376,    000h 00m 01.656s,    000h 07m 10.376s
262,    1742,    432118,    000h 00m 01.742s,    000h 07m 12.118s
263,    1792,    433910,    000h 00m 01.792s,    000h 07m 13.910s
264,    1620,    435530,    000h 00m 01.620s,    000h 07m 15.530s
265,    1679,    437209,    000h 00m 01.679s,    000h 07m 17.209s
266,    1740,    438949,    000h 00m 01.740s,    000h 07m 18.949s
267,    1342,    440291,    000h 00m 01.342s,    000h 07m 20.291s
268,    1576,    441867,    000h 00m 01.576s,    000h 07m 21.867s
269,    1682,    443549,    000h 00m 01.682s,    000h 07m 23.549s
270,    1548,    445097,    000h 00m 01.548s,    000h 07m 25.097s
271,    1766,    446863,    000h 00m 01.766s,    000h 07m 26.863s
272,    1621,    448484,    000h 00m 01.621s,    000h 07m 28.484s
273,    1661,    450145,    000h 00m 01.661s,    000h 07m 30.145s
274,    1678,    451823,    000h 00m 01.678s,    000h 07m 31.823s
275,    1675,    453498,    000h 00m 01.675s,    000h 07m 33.498s
276,    1736,    455234,    000h 00m 01.736s,    000h 07m 35.234s
277,    1543,    456777,    000h 00m 01.543s,    000h 07m 36.777s
278,    1694,    458471,    000h 00m 01.694s,    000h 07m 38.471s
279,    1745,    460216,    000h 00m 01.745s,    000h 07m 40.216s
280,    1393,    461609,    000h 00m 01.393s,    000h 07m 41.609s
281,    1730,    463339,    000h 00m 01.730s,    000h 07m 43.339s
282,    1701,    465040,    000h 00m 01.701s,    000h 07m 45.040s
283,    1720,    466760,    000h 00m 01.720s,    000h 07m 46.760s
284,    1718,    468478,    000h 00m 01.718s,    000h 07m 48.478s
285,    1725,    470203,    000h 00m 01.725s,    000h 07m 50.203s
286,    1710,    471913,    000h 00m 01.710s,    000h 07m 51.913s
287,    1738,    473651,    000h 00m 01.738s,    000h 07m 53.651s
288,    1365,    475016,    000h 00m 01.365s,    000h 07m 55.016s
289,    1592,    476608,    000h 00m 01.592s,    000h 07m 56.608s
290,    1580,    478188,    000h 00m 01.580s,    000h 07m 58.188s
291,    1764,    479952,    000h 00m 01.764s,    000h 07m 59.952s
292,    1633,    481585,    000h 00m 01.633s,    000h 08m 01.585s
293,    1722,    483307,    000h 00m 01.722s,    000h 08m 03.307s
294,    1531,    484838,    000h 00m 01.531s,    000h 08m 04.838s
295,    1582,    486420,    000h 00m 01.582s,    000h 08m 06.420s
296,    1581,    488001,    000h 00m 01.581s,    000h 08m 08.001s
297,    1614,    489615,    000h 00m 01.614s,    000h 08m 09.615s
298,    1736,    491351,    000h 00m 01.736s,    000h 08m 11.351s
299,    1746,    493097,    000h 00m 01.746s,    000h 08m 13.097s
300,    1605,    494702,    000h 00m 01.605s,    000h 08m 14.702s
301,    1757,    496459,    000h 00m 01.757s,    000h 08m 16.459s
302,    1637,    498096,    000h 00m 01.637s,    000h 08m 18.096s
303,    1573,    499669,    000h 00m 01.573s,    000h 08m 19.669s
304,    1636,    501305,    000h 00m 01.636s,    000h 08m 21.305s
305,    1590,    502895,    000h 00m 01.590s,    000h 08m 22.895s
306,    1599,    504494,    000h 00m 01.599s,    000h 08m 24.494s
307,    1667,    506161,    000h 00m 01.667s,    000h 08m 26.161s
308,    1534,    507695,    000h 00m 01.534s,    000h 08m 27.695s
309,    1752,    509447,    000h 00m 01.752s,    000h 08m 29.447s
310,    1816,    511263,    000h 00m 01.816s,    000h 08m 31.263s
311,    1643,    512906,    000h 00m 01.643s,    000h 08m 32.906s
312,    1656,    514562,    000h 00m 01.656s,    000h 08m 34.562s
313,    1571,    516133,    000h 00m 01.571s,    000h 08m 36.133s
314,    1387,    517520,    000h 00m 01.387s,    000h 08m 37.520s
315,    1548,    519068,    000h 00m 01.548s,    000h 08m 39.068s
316,    1549,    520617,    000h 00m 01.549s,    000h 08m 40.617s
317,    1731,    522348,    000h 00m 01.731s,    000h 08m 42.348s
318,    1644,    523992,    000h 00m 01.644s,    000h 08m 43.992s
319,    1786,    525778,    000h 00m 01.786s,    000h 08m 45.778s
320,    1562,    527340,    000h 00m 01.562s,    000h 08m 47.340s
321,    1611,    528951,    000h 00m 01.611s,    000h 08m 48.951s
322,    1770,    530721,    000h 00m 01.770s,    000h 08m 50.721s
323,    1729,    532450,    000h 00m 01.729s,    000h 08m 52.450s
324,    1681,    534131,    000h 00m 01.681s,    000h 08m 54.131s
325,    1547,    535678,    000h 00m 01.547s,    000h 08m 55.678s
326,    1671,    537349,    000h 00m 01.671s,    000h 08m 57.349s
327,    1716,    539065,    000h 00m 01.716s,    000h 08m 59.065s
328,    1642,    540707,    000h 00m 01.642s,    000h 09m 00.707s
329,    1723,    542430,    000h 00m 01.723s,    000h 09m 02.430s
330,    1720,    544150,    000h 00m 01.720s,    000h 09m 04.150s
331,    1762,    545912,    000h 00m 01.762s,    000h 09m 05.912s
332,    1793,    547705,    000h 00m 01.793s,    000h 09m 07.705s
333,    1377,    549082,    000h 00m 01.377s,    000h 09m 09.082s
334,    1642,    550724,    000h 00m 01.642s,    000h 09m 10.724s
335,    1707,    552431,    000h 00m 01.707s,    000h 09m 12.431s
336,    1802,    554233,    000h 00m 01.802s,    000h 09m 14.233s
337,    1564,    555797,    000h 00m 01.564s,    000h 09m 15.797s
338,    1643,    557440,    000h 00m 01.643s,    000h 09m 17.440s
339,    1729,    559169,    000h 00m 01.729s,    000h 09m 19.169s
340,    1603,    560772,    000h 00m 01.603s,    000h 09m 20.772s
341,    1623,    562395,    000h 00m 01.623s,    000h 09m 22.395s
342,    1727,    564122,    000h 00m 01.727s,    000h 09m 24.122s
343,    1670,    565792,    000h 00m 01.670s,    000h 09m 25.792s
344,    1784,    567576,    000h 00m 01.784s,    000h 09m 27.576s
345,    1644,    569220,    000h 00m 01.644s,    000h 09m 29.220s
346,    1621,    570841,    000h 00m 01.621s,    000h 09m 30.841s
347,    1706,    572547,    000h 00m 01.706s,    000h 09m 32.547s
348,    1721,    574268,    000h 00m 01.721s,    000h 09m 34.268s
349,    1626,    575894,    000h 00m 01.626s,    000h 09m 35.894s
350,    1711,    577605,    000h 00m 01.711s,    000h 09m 37.605s
351,    1730,    579335,    000h 00m 01.730s,    000h 09m 39.335s
352,    1473,    580808,    000h 00m 01.473s,    000h 09m 40.808s
353,    1581,    582389,    000h 00m 01.581s,    000h 09m 42.389s
354,    1674,    584063,    000h 00m 01.674s,    000h 09m 44.063s
355,    1724,    585787,    000h 00m 01.724s,    000h 09m 45.787s
356,    1760,    587547,    000h 00m 01.760s,    000h 09m 47.547s
357,    1575,    589122,    000h 00m 01.575s,    000h 09m 49.122s
358,    1722,    590844,    000h 00m 01.722s,    000h 09m 50.844s
359,    1616,    592460,    000h 00m 01.616s,    000h 09m 52.460s
360,    1723,    594183,    000h 00m 01.723s,    000h 09m 54.183s
361,    1733,    595916,    000h 00m 01.733s,    000h 09m 55.916s
362,    1594,    597510,    000h 00m 01.594s,    000h 09m 57.510s
363,    1616,    599126,    000h 00m 01.616s,    000h 09m 59.126s
364,    1754,    600880,    000h 00m 01.754s,    000h 10m 00.880s
365,    1619,    602499,    000h 00m 01.619s,    000h 10m 02.499s
366,    1711,    604210,    000h 00m 01.711s,    000h 10m 04.210s
367,    1295,    605505,    000h 00m 01.295s,    000h 10m 05.505s
368,    1673,    607178,    000h 00m 01.673s,    000h 10m 07.178s
369,    1625,    608803,    000h 00m 01.625s,    000h 10m 08.803s
370,    1725,    610528,    000h 00m 01.725s,    000h 10m 10.528s
371,    1533,    612061,    000h 00m 01.533s,    000h 10m 12.061s
372,    1493,    613554,    000h 00m 01.493s,    000h 10m 13.554s
373,    1752,    615306,    000h 00m 01.752s,    000h 10m 15.306s
374,    1709,    617015,    000h 00m 01.709s,    000h 10m 17.015s
375,    1736,    618751,    000h 00m 01.736s,    000h 10m 18.751s
376,    1747,    620498,    000h 00m 01.747s,    000h 10m 20.498s
377,    1597,    622095,    000h 00m 01.597s,    000h 10m 22.095s
378,    1626,    623721,    000h 00m 01.626s,    000h 10m 23.721s
379,    1588,    625309,    000h 00m 01.588s,    000h 10m 25.309s
380,    1712,    627021,    000h 00m 01.712s,    000h 10m 27.021s
381,    1605,    628626,    000h 00m 01.605s,    000h 10m 28.626s
382,    1745,    630371,    000h 00m 01.745s,    000h 10m 30.371s
383,    1562,    631933,    000h 00m 01.562s,    000h 10m 31.933s
384,    1715,    633648,    000h 00m 01.715s,    000h 10m 33.648s
385,    1758,    635406,    000h 00m 01.758s,    000h 10m 35.406s
386,    1707,    637113,    000h 00m 01.707s,    000h 10m 37.113s
387,    1767,    638880,    000h 00m 01.767s,    000h 10m 38.880s
388,    1672,    640552,    000h 00m 01.672s,    000h 10m 40.552s
389,    1636,    642188,    000h 00m 01.636s,    000h 10m 42.188s
390,    1625,    643813,    000h 00m 01.625s,    000h 10m 43.813s
391,    1527,    645340,    000h 00m 01.527s,    000h 10m 45.340s
392,    1617,    646957,    000h 00m 01.617s,    000h 10m 46.957s
393,    1706,    648663,    000h 00m 01.706s,    000h 10m 48.663s
394,    1728,    650391,    000h 00m 01.728s,    000h 10m 50.391s
395,    1607,    651998,    000h 00m 01.607s,    000h 10m 51.998s
396,    1744,    653742,    000h 00m 01.744s,    000h 10m 53.742s
397,    1727,    655469,    000h 00m 01.727s,    000h 10m 55.469s
398,    1675,    657144,    000h 00m 01.675s,    000h 10m 57.144s
399,    1370,    658514,    000h 00m 01.370s,    000h 10m 58.514s
400,    1785,    660299,    000h 00m 01.785s,    000h 11m 00.299s
401,    1711,    662010,    000h 00m 01.711s,    000h 11m 02.010s
402,    1549,    663559,    000h 00m 01.549s,    000h 11m 03.559s
403,    1758,    665317,    000h 00m 01.758s,    000h 11m 05.317s
404,    1613,    666930,    000h 00m 01.613s,    000h 11m 06.930s
405,    1721,    668651,    000h 00m 01.721s,    000h 11m 08.651s
406,    1594,    670245,    000h 00m 01.594s,    000h 11m 10.245s
407,    1702,    671947,    000h 00m 01.702s,    000h 11m 11.947s
408,    1594,    673541,    000h 00m 01.594s,    000h 11m 13.541s
409,    1716,    675257,    000h 00m 01.716s,    000h 11m 15.257s
410,    1518,    676775,    000h 00m 01.518s,    000h 11m 16.775s
411,    1596,    678371,    000h 00m 01.596s,    000h 11m 18.371s
412,    1696,    680067,    000h 00m 01.696s,    000h 11m 20.067s
413,    1608,    681675,    000h 00m 01.608s,    000h 11m 21.675s
414,    1712,    683387,    000h 00m 01.712s,    000h 11m 23.387s
415,    1748,    685135,    000h 00m 01.748s,    000h 11m 25.135s
416,    1380,    686515,    000h 00m 01.380s,    000h 11m 26.515s
417,    1703,    688218,    000h 00m 01.703s,    000h 11m 28.218s
418,    1743,    689961,    000h 00m 01.743s,    000h 11m 29.961s
419,    1584,    691545,    000h 00m 01.584s,    000h 11m 31.545s
420,    1713,    693258,    000h 00m 01.713s,    000h 11m 33.258s
421,    1709,    694967,    000h 00m 01.709s,    000h 11m 34.967s
422,    1692,    696659,    000h 00m 01.692s,    000h 11m 36.659s
423,    1717,    698376,    000h 00m 01.717s,    000h 11m 38.376s
424,    1544,    699920,    000h 00m 01.544s,    000h 11m 39.920s
425,    1761,    701681,    000h 00m 01.761s,    000h 11m 41.681s
426,    1746,    703427,    000h 00m 01.746s,    000h 11m 43.427s
427,    1724,    705151,    000h 00m 01.724s,    000h 11m 45.151s
428,    1757,    706908,    000h 00m 01.757s,    000h 11m 46.908s
429,    1569,    708477,    000h 00m 01.569s,    000h 11m 48.477s
430,    1760,    710237,    000h 00m 01.760s,    000h 11m 50.237s
431,    1800,    712037,    000h 00m 01.800s,    000h 11m 52.037s
432,    1571,    713608,    000h 00m 01.571s,    000h 11m 53.608s
433,    1626,    715234,    000h 00m 01.626s,    000h 11m 55.234s
434,    1741,    716975,    000h 00m 01.741s,    000h 11m 56.975s
435,    1601,    718576,    000h 00m 01.601s,    000h 11m 58.576s
436,    1703,    720279,    000h 00m 01.703s,    000h 12m 00.279s
437,    1755,    722034,    000h 00m 01.755s,    000h 12m 02.034s
438,    1664,    723698,    000h 00m 01.664s,    000h 12m 03.698s
439,    1613,    725311,    000h 00m 01.613s,    000h 12m 05.311s
440,    1677,    726988,    000h 00m 01.677s,    000h 12m 06.988s
441,    1627,    728615,    000h 00m 01.627s,    000h 12m 08.615s
442,    1754,    730369,    000h 00m 01.754s,    000h 12m 10.369s
443,    1639,    732008,    000h 00m 01.639s,    000h 12m 12.008s
444,    1641,    733649,    000h 00m 01.641s,    000h 12m 13.649s
445,    1535,    735184,    000h 00m 01.535s,    000h 12m 15.184s
446,    1780,    736964,    000h 00m 01.780s,    000h 12m 16.964s
447,    1719,    738683,    000h 00m 01.719s,    000h 12m 18.683s
448,    1692,    740375,    000h 00m 01.692s,    000h 12m 20.375s
449,    1617,    741992,    000h 00m 01.617s,    000h 12m 21.992s
450,    1652,    743644,    000h 00m 01.652s,    000h 12m 23.644s
451,    1584,    745228,    000h 00m 01.584s,    000h 12m 25.228s
452,    1671,    746899,    000h 00m 01.671s,    000h 12m 26.899s
453,    1556,    748455,    000h 00m 01.556s,    000h 12m 28.455s
454,    1736,    750191,    000h 00m 01.736s,    000h 12m 30.191s
455,    1577,    751768,    000h 00m 01.577s,    000h 12m 31.768s
456,    1532,    753300,    000h 00m 01.532s,    000h 12m 33.300s
457,    1641,    754941,    000h 00m 01.641s,    000h 12m 34.941s
458,    1760,    756701,    000h 00m 01.760s,    000h 12m 36.701s
459,    1640,    758341,    000h 00m 01.640s,    000h 12m 38.341s
460,    1729,    760070,    000h 00m 01.729s,    000h 12m 40.070s
461,    1728,    761798,    000h 00m 01.728s,    000h 12m 41.798s
462,    1743,    763541,    000h 00m 01.743s,    000h 12m 43.541s
463,    1715,    765256,    000h 00m 01.715s,    000h 12m 45.256s
464,    1766,    767022,    000h 00m 01.766s,    000h 12m 47.022s
465,    1567,    768589,    000h 00m 01.567s,    000h 12m 48.589s
466,    1730,    770319,    000h 00m 01.730s,    000h 12m 50.319s
467,    1747,    772066,    000h 00m 01.747s,    000h 12m 52.066s
468,    1673,    773739,    000h 00m 01.673s,    000h 12m 53.739s
469,    1739,    775478,    000h 00m 01.739s,    000h 12m 55.478s
470,    1670,    777148,    000h 00m 01.670s,    000h 12m 57.148s
471,    1569,    778717,    000h 00m 01.569s,    000h 12m 58.717s
472,    1750,    780467,    000h 00m 01.750s,    000h 13m 00.467s
473,    1706,    782173,    000h 00m 01.706s,    000h 13m 02.173s
474,    1783,    783956,    000h 00m 01.783s,    000h 13m 03.956s
475,    1616,    785572,    000h 00m 01.616s,    000h 13m 05.572s
476,    1688,    787260,    000h 00m 01.688s,    000h 13m 07.260s
477,    1727,    788987,    000h 00m 01.727s,    000h 13m 08.987s
478,    1299,    790286,    000h 00m 01.299s,    000h 13m 10.286s
479,    1719,    792005,    000h 00m 01.719s,    000h 13m 12.005s
480,    1742,    793747,    000h 00m 01.742s,    000h 13m 13.747s
481,    1540,    795287,    000h 00m 01.540s,    000h 13m 15.287s
482,    1670,    796957,    000h 00m 01.670s,    000h 13m 16.957s
483,    1649,    798606,    000h 00m 01.649s,    000h 13m 18.606s
484,    1569,    800175,    000h 00m 01.569s,    000h 13m 20.175s
485,    1606,    801781,    000h 00m 01.606s,    000h 13m 21.781s
486,    1619,    803400,    000h 00m 01.619s,    000h 13m 23.400s
487,    1642,    805042,    000h 00m 01.642s,    000h 13m 25.042s
488,    1704,    806746,    000h 00m 01.704s,    000h 13m 26.746s
489,    1656,    808402,    000h 00m 01.656s,    000h 13m 28.402s
490,    1696,    810098,    000h 00m 01.696s,    000h 13m 30.098s
491,    1716,    811814,    000h 00m 01.716s,    000h 13m 31.814s
492,    1686,    813500,    000h 00m 01.686s,    000h 13m 33.500s
493,    1720,    815220,    000h 00m 01.720s,    000h 13m 35.220s
494,    1761,    816981,    000h 00m 01.761s,    000h 13m 36.981s
495,    1731,    818712,    000h 00m 01.731s,    000h 13m 38.712s
496,    1734,    820446,    000h 00m 01.734s,    000h 13m 40.446s
497,    1590,    822036,    000h 00m 01.590s,    000h 13m 42.036s
498,    1635,    823671,    000h 00m 01.635s,    000h 13m 43.671s
499,    1740,    825411,    000h 00m 01.740s,    000h 13m 45.411s
500,    1619,    827030,    000h 00m 01.619s,    000h 13m 47.030s
501,    1391,    828421,    000h 00m 01.391s,    000h 13m 48.421s
502,    1694,    830115,    000h 00m 01.694s,    000h 13m 50.115s
503,    1852,    831967,    000h 00m 01.852s,    000h 13m 51.967s
504,    1554,    833521,    000h 00m 01.554s,    000h 13m 53.521s
505,    1587,    835108,    000h 00m 01.587s,    000h 13m 55.108s
506,    1723,    836831,    000h 00m 01.723s,    000h 13m 56.831s
507,    1690,    838521,    000h 00m 01.690s,    000h 13m 58.521s
508,    1646,    840167,    000h 00m 01.646s,    000h 14m 00.167s
509,    1710,    841877,    000h 00m 01.710s,    000h 14m 01.877s
510,    1746,    843623,    000h 00m 01.746s,    000h 14m 03.623s
511,    1660,    845283,    000h 00m 01.660s,    000h 14m 05.283s
512,    1696,    846979,    000h 00m 01.696s,    000h 14m 06.979s
513,    1624,    848603,    000h 00m 01.624s,    000h 14m 08.603s
514,    1790,    850393,    000h 00m 01.790s,    000h 14m 10.393s
515,    1755,    852148,    000h 00m 01.755s,    000h 14m 12.148s
516,    1594,    853742,    000h 00m 01.594s,    000h 14m 13.742s
517,    1754,    855496,    000h 00m 01.754s,    000h 14m 15.496s
518,    1774,    857270,    000h 00m 01.774s,    000h 14m 17.270s
519,    1550,    858820,    000h 00m 01.550s,    000h 14m 18.820s
520,    1740,    860560,    000h 00m 01.740s,    000h 14m 20.560s
521,    1548,    862108,    000h 00m 01.548s,    000h 14m 22.108s
522,    1688,    863796,    000h 00m 01.688s,    000h 14m 23.796s
523,    1524,    865320,    000h 00m 01.524s,    000h 14m 25.320s
524,    1695,    867015,    000h 00m 01.695s,    000h 14m 27.015s
525,    1563,    868578,    000h 00m 01.563s,    000h 14m 28.578s
526,    1736,    870314,    000h 00m 01.736s,    000h 14m 30.314s
527,    1590,    871904,    000h 00m 01.590s,    000h 14m 31.904s
528,    1561,    873465,    000h 00m 01.561s,    000h 14m 33.465s
529,    1546,    875011,    000h 00m 01.546s,    000h 14m 35.011s
530,    1737,    876748,    000h 00m 01.737s,    000h 14m 36.748s
531,    1667,    878415,    000h 00m 01.667s,    000h 14m 38.415s
532,    1710,    880125,    000h 00m 01.710s,    000h 14m 40.125s
533,    1665,    881790,    000h 00m 01.665s,    000h 14m 41.790s
534,    1683,    883473,    000h 00m 01.683s,    000h 14m 43.473s
535,    1662,    885135,    000h 00m 01.662s,    000h 14m 45.135s
536,    1667,    886802,    000h 00m 01.667s,    000h 14m 46.802s
537,    1584,    888386,    000h 00m 01.584s,    000h 14m 48.386s
538,    1605,    889991,    000h 00m 01.605s,    000h 14m 49.991s
539,    1756,    891747,    000h 00m 01.756s,    000h 14m 51.747s
540,    1711,    893458,    000h 00m 01.711s,    000h 14m 53.458s
541,    1608,    895066,    000h 00m 01.608s,    000h 14m 55.066s
542,    1648,    896714,    000h 00m 01.648s,    000h 14m 56.714s
543,    1746,    898460,    000h 00m 01.746s,    000h 14m 58.460s
544,    1670,    900130,    000h 00m 01.670s,    000h 15m 00.130s
545,    1623,    901753,    000h 00m 01.623s,    000h 15m 01.753s
546,    1735,    903488,    000h 00m 01.735s,    000h 15m 03.488s
547,    1682,    905170,    000h 00m 01.682s,    000h 15m 05.170s
548,    1676,    906846,    000h 00m 01.676s,    000h 15m 06.846s
549,    1710,    908556,    000h 00m 01.710s,    000h 15m 08.556s
550,    1694,    910250,    000h 00m 01.694s,    000h 15m 10.250s
551,    1674,    911924,    000h 00m 01.674s,    000h 15m 11.924s
552,    1610,    913534,    000h 00m 01.610s,    000h 15m 13.534s
553,    1701,    915235,    000h 00m 01.701s,    000h 15m 15.235s
554,    1688,    916923,    000h 00m 01.688s,    000h 15m 16.923s
555,    1627,    918550,    000h 00m 01.627s,    000h 15m 18.550s
556,    1529,    920079,    000h 00m 01.529s,    000h 15m 20.079s
557,    1669,    921748,    000h 00m 01.669s,    000h 15m 21.748s
558,    1586,    923334,    000h 00m 01.586s,    000h 15m 23.334s
559,    1646,    924980,    000h 00m 01.646s,    000h 15m 24.980s
560,    1550,    926530,    000h 00m 01.550s,    000h 15m 26.530s
561,    1597,    928127,    000h 00m 01.597s,    000h 15m 28.127s
562,    1657,    929784,    000h 00m 01.657s,    000h 15m 29.784s
563,    1774,    931558,    000h 00m 01.774s,    000h 15m 31.558s
564,    1736,    933294,    000h 00m 01.736s,    000h 15m 33.294s
565,    1556,    934850,    000h 00m 01.556s,    000h 15m 34.850s
566,    1658,    936508,    000h 00m 01.658s,    000h 15m 36.508s
567,    1372,    937880,    000h 00m 01.372s,    000h 15m 37.880s
568,    1750,    939630,    000h 00m 01.750s,    000h 15m 39.630s
569,    1583,    941213,    000h 00m 01.583s,    000h 15m 41.213s
570,    1635,    942848,    000h 00m 01.635s,    000h 15m 42.848s
571,    1580,    944428,    000h 00m 01.580s,    000h 15m 44.428s
572,    1372,    945800,    000h 00m 01.372s,    000h 15m 45.800s
573,    1732,    947532,    000h 00m 01.732s,    000h 15m 47.532s
574,    1716,    949248,    000h 00m 01.716s,    000h 15m 49.248s
575,    1724,    950972,    000h 00m 01.724s,    000h 15m 50.972s
576,    1733,    952705,    000h 00m 01.733s,    000h 15m 52.705s
577,    1366,    954071,    000h 00m 01.366s,    000h 15m 54.071s
578,    1689,    955760,    000h 00m 01.689s,    000h 15m 55.760s
579,    1666,    957426,    000h 00m 01.666s,    000h 15m 57.426s
580,    1667,    959093,    000h 00m 01.667s,    000h 15m 59.093s
581,    1648,    960741,    000h 00m 01.648s,    000h 16m 00.741s
582,    1734,    962475,    000h 00m 01.734s,    000h 16m 02.475s
583,    1582,    964057,    000h 00m 01.582s,    000h 16m 04.057s
584,    1563,    965620,    000h 00m 01.563s,    000h 16m 05.620s
585,    1782,    967402,    000h 00m 01.782s,    000h 16m 07.402s
586,    1583,    968985,    000h 00m 01.583s,    000h 16m 08.985s
587,    1640,    970625,    000h 00m 01.640s,    000h 16m 10.625s
588,    1771,    972396,    000h 00m 01.771s,    000h 16m 12.396s
589,    1757,    974153,    000h 00m 01.757s,    000h 16m 14.153s
590,    1626,    975779,    000h 00m 01.626s,    000h 16m 15.779s
591,    1678,    977457,    000h 00m 01.678s,    000h 16m 17.457s
592,    1678,    979135,    000h 00m 01.678s,    000h 16m 19.135s
593,    1720,    980855,    000h 00m 01.720s,    000h 16m 20.855s
594,    1595,    982450,    000h 00m 01.595s,    000h 16m 22.450s
595,    1691,    984141,    000h 00m 01.691s,    000h 16m 24.141s
596,    1529,    985670,    000h 00m 01.529s,    000h 16m 25.670s
597,    1589,    987259,    000h 00m 01.589s,    000h 16m 27.259s
598,    1579,    988838,    000h 00m 01.579s,    000h 16m 28.838s
599,    1604,    990442,    000h 00m 01.604s,    000h 16m 30.442s
600,    1766,    992208,    000h 00m 01.766s,    000h 16m 32.208s
601,    1566,    993774,    000h 00m 01.566s,    000h 16m 33.774s
602,    1665,    995439,    000h 00m 01.665s,    000h 16m 35.439s
603,    1667,    997106,    000h 00m 01.667s,    000h 16m 37.106s
604,    1766,    998872,    000h 00m 01.766s,    000h 16m 38.872s
605,    1639,    1000511,    000h 00m 01.639s,    000h 16m 40.511s
606,    1617,    1002128,    000h 00m 01.617s,    000h 16m 42.128s
607,    1720,    1003848,    000h 00m 01.720s,    000h 16m 43.848s
608,    1546,    1005394,    000h 00m 01.546s,    000h 16m 45.394s
609,    1577,    1006971,    000h 00m 01.577s,    000h 16m 46.971s
610,    1749,    1008720,    000h 00m 01.749s,    000h 16m 48.720s
611,    1746,    1010466,    000h 00m 01.746s,    000h 16m 50.466s
612,    1775,    1012241,    000h 00m 01.775s,    000h 16m 52.241s
613,    1737,    1013978,    000h 00m 01.737s,    000h 16m 53.978s
614,    1693,    1015671,    000h 00m 01.693s,    000h 16m 55.671s
615,    1695,    1017366,    000h 00m 01.695s,    000h 16m 57.366s
616,    1625,    1018991,    000h 00m 01.625s,    000h 16m 58.991s
617,    1653,    1020644,    000h 00m 01.653s,    000h 17m 00.644s
618,    1618,    1022262,    000h 00m 01.618s,    000h 17m 02.262s
619,    1756,    1024018,    000h 00m 01.756s,    000h 17m 04.018s
620,    1575,    1025593,    000h 00m 01.575s,    000h 17m 05.593s
621,    1669,    1027262,    000h 00m 01.669s,    000h 17m 07.262s
622,    1592,    1028854,    000h 00m 01.592s,    000h 17m 08.854s
623,    1751,    1030605,    000h 00m 01.751s,    000h 17m 10.605s
624,    1697,    1032302,    000h 00m 01.697s,    000h 17m 12.302s
625,    1633,    1033935,    000h 00m 01.633s,    000h 17m 13.935s
626,    1580,    1035515,    000h 00m 01.580s,    000h 17m 15.515s
627,    1659,    1037174,    000h 00m 01.659s,    000h 17m 17.174s
628,    1760,    1038934,    000h 00m 01.760s,    000h 17m 18.934s
629,    1750,    1040684,    000h 00m 01.750s,    000h 17m 20.684s
630,    1562,    1042246,    000h 00m 01.562s,    000h 17m 22.246s
631,    1338,    1043584,    000h 00m 01.338s,    000h 17m 23.584s
632,    1730,    1045314,    000h 00m 01.730s,    000h 17m 25.314s
633,    1767,    1047081,    000h 00m 01.767s,    000h 17m 27.081s
634,    1580,    1048661,    000h 00m 01.580s,    000h 17m 28.661s
635,    1335,    1049996,    000h 00m 01.335s,    000h 17m 29.996s
636,    1590,    1051586,    000h 00m 01.590s,    000h 17m 31.586s
637,    1782,    1053368,    000h 00m 01.782s,    000h 17m 33.368s
638,    1750,    1055118,    000h 00m 01.750s,    000h 17m 35.118s
639,    1698,    1056816,    000h 00m 01.698s,    000h 17m 36.816s
640,    1626,    1058442,    000h 00m 01.626s,    000h 17m 38.442s
641,    1631,    1060073,    000h 00m 01.631s,    000h 17m 40.073s
642,    1666,    1061739,    000h 00m 01.666s,    000h 17m 41.739s
643,    1559,    1063298,    000h 00m 01.559s,    000h 17m 43.298s
644,    1667,    1064965,    000h 00m 01.667s,    000h 17m 44.965s
645,    1580,    1066545,    000h 00m 01.580s,    000h 17m 46.545s
646,    1761,    1068306,    000h 00m 01.761s,    000h 17m 48.306s
647,    1577,    1069883,    000h 00m 01.577s,    000h 17m 49.883s
648,    1296,    1071179,    000h 00m 01.296s,    000h 17m 51.179s
649,    1573,    1072752,    000h 00m 01.573s,    000h 17m 52.752s
650,    1551,    1074303,    000h 00m 01.551s,    000h 17m 54.303s
651,    1718,    1076021,    000h 00m 01.718s,    000h 17m 56.021s
652,    1610,    1077631,    000h 00m 01.610s,    000h 17m 57.631s
653,    1755,    1079386,    000h 00m 01.755s,    000h 17m 59.386s
654,    1584,    1080970,    000h 00m 01.584s,    000h 18m 00.970s
655,    1585,    1082555,    000h 00m 01.585s,    000h 18m 02.555s
656,    1703,    1084258,    000h 00m 01.703s,    000h 18m 04.258s
657,    1643,    1085901,    000h 00m 01.643s,    000h 18m 05.901s
658,    1754,    1087655,    000h 00m 01.754s,    000h 18m 07.655s
659,    1750,    1089405,    000h 00m 01.750s,    000h 18m 09.405s
660,    1687,    1091092,    000h 00m 01.687s,    000h 18m 11.092s
661,    1782,    1092874,    000h 00m 01.782s,    000h 18m 12.874s
662,    1715,    1094589,    000h 00m 01.715s,    000h 18m 14.589s
663,    1540,    1096129,    000h 00m 01.540s,    000h 18m 16.129s
664,    1712,    1097841,    000h 00m 01.712s,    000h 18m 17.841s
665,    1525,    1099366,    000h 00m 01.525s,    000h 18m 19.366s
666,    1768,    1101134,    000h 00m 01.768s,    000h 18m 21.134s
667,    1527,    1102661,    000h 00m 01.527s,    000h 18m 22.661s
668,    1706,    1104367,    000h 00m 01.706s,    000h 18m 24.367s
669,    1695,    1106062,    000h 00m 01.695s,    000h 18m 26.062s
670,    1628,    1107690,    000h 00m 01.628s,    000h 18m 27.690s
671,    1776,    1109466,    000h 00m 01.776s,    000h 18m 29.466s
672,    1645,    1111111,    000h 00m 01.645s,    000h 18m 31.111s
673,    1687,    1112798,    000h 00m 01.687s,    000h 18m 32.798s
674,    1660,    1114458,    000h 00m 01.660s,    000h 18m 34.458s
675,    1561,    1116019,    000h 00m 01.561s,    000h 18m 36.019s
676,    1668,    1117687,    000h 00m 01.668s,    000h 18m 37.687s
677,    1766,    1119453,    000h 00m 01.766s,    000h 18m 39.453s
678,    1756,    1121209,    000h 00m 01.756s,    000h 18m 41.209s
679,    1628,    1122837,    000h 00m 01.628s,    000h 18m 42.837s
680,    1674,    1124511,    000h 00m 01.674s,    000h 18m 44.511s
681,    1666,    1126177,    000h 00m 01.666s,    000h 18m 46.177s
682,    1663,    1127840,    000h 00m 01.663s,    000h 18m 47.840s
683,    1644,    1129484,    000h 00m 01.644s,    000h 18m 49.484s
684,    1741,    1131225,    000h 00m 01.741s,    000h 18m 51.225s
685,    1540,    1132765,    000h 00m 01.540s,    000h 18m 52.765s
686,    1567,    1134332,    000h 00m 01.567s,    000h 18m 54.332s
687,    1754,    1136086,    000h 00m 01.754s,    000h 18m 56.086s
688,    1710,    1137796,    000h 00m 01.710s,    000h 18m 57.796s
689,    1663,    1139459,    000h 00m 01.663s,    000h 18m 59.459s
690,    1635,    1141094,    000h 00m 01.635s,    000h 19m 01.094s
691,    1697,    1142791,    000h 00m 01.697s,    000h 19m 02.791s
692,    1579,    1144370,    000h 00m 01.579s,    000h 19m 04.370s
693,    1707,    1146077,    000h 00m 01.707s,    000h 19m 06.077s
694,    1580,    1147657,    000h 00m 01.580s,    000h 19m 07.657s
695,    1691,    1149348,    000h 00m 01.691s,    000h 19m 09.348s
696,    1394,    1150742,    000h 00m 01.394s,    000h 19m 10.742s
697,    1609,    1152351,    000h 00m 01.609s,    000h 19m 12.351s
698,    1341,    1153692,    000h 00m 01.341s,    000h 19m 13.692s
699,    1713,    1155405,    000h 00m 01.713s,    000h 19m 15.405s
700,    1570,    1156975,    000h 00m 01.570s,    000h 19m 16.975s
701,    1643,    1158618,    000h 00m 01.643s,    000h 19m 18.618s
702,    1791,    1160409,    000h 00m 01.791s,    000h 19m 20.409s
703,    1643,    1162052,    000h 00m 01.643s,    000h 19m 22.052s
704,    1705,    1163757,    000h 00m 01.705s,    000h 19m 23.757s
705,    1662,    1165419,    000h 00m 01.662s,    000h 19m 25.419s
706,    1665,    1167084,    000h 00m 01.665s,    000h 19m 27.084s
707,    1570,    1168654,    000h 00m 01.570s,    000h 19m 28.654s
708,    1669,    1170323,    000h 00m 01.669s,    000h 19m 30.323s
709,    1633,    1171956,    000h 00m 01.633s,    000h 19m 31.956s
710,    1762,    1173718,    000h 00m 01.762s,    000h 19m 33.718s
711,    1569,    1175287,    000h 00m 01.569s,    000h 19m 35.287s
712,    1689,    1176976,    000h 00m 01.689s,    000h 19m 36.976s
713,    1706,    1178682,    000h 00m 01.706s,    000h 19m 38.682s
714,    1599,    1180281,    000h 00m 01.599s,    000h 19m 40.281s
715,    1661,    1181942,    000h 00m 01.661s,    000h 19m 41.942s
716,    1750,    1183692,    000h 00m 01.750s,    000h 19m 43.692s
717,    1780,    1185472,    000h 00m 01.780s,    000h 19m 45.472s
718,    1371,    1186843,    000h 00m 01.371s,    000h 19m 46.843s
719,    1592,    1188435,    000h 00m 01.592s,    000h 19m 48.435s
720,    1562,    1189997,    000h 00m 01.562s,    000h 19m 49.997s
721,    1738,    1191735,    000h 00m 01.738s,    000h 19m 51.735s
722,    1569,    1193304,    000h 00m 01.569s,    000h 19m 53.304s
723,    1665,    1194969,    000h 00m 01.665s,    000h 19m 54.969s
724,    1710,    1196679,    000h 00m 01.710s,    000h 19m 56.679s
725,    1684,    1198363,    000h 00m 01.684s,    000h 19m 58.363s
726,    1702,    1200065,    000h 00m 01.702s,    000h 20m 00.065s
727,    1618,    1201683,    000h 00m 01.618s,    000h 20m 01.683s
728,    1579,    1203262,    000h 00m 01.579s,    000h 20m 03.262s
729,    1738,    1205000,    000h 00m 01.738s,    000h 20m 05.000s
730,    1772,    1206772,    000h 00m 01.772s,    000h 20m 06.772s
731,    1698,    1208470,    000h 00m 01.698s,    000h 20m 08.470s
732,    1316,    1209786,    000h 00m 01.316s,    000h 20m 09.786s
733,    1772,    1211558,    000h 00m 01.772s,    000h 20m 11.558s
734,    1644,    1213202,    000h 00m 01.644s,    000h 20m 13.202s
735,    1562,    1214764,    000h 00m 01.562s,    000h 20m 14.764s
736,    1608,    1216372,    000h 00m 01.608s,    000h 20m 16.372s
737,    1753,    1218125,    000h 00m 01.753s,    000h 20m 18.125s
738,    1739,    1219864,    000h 00m 01.739s,    000h 20m 19.864s
739,    1746,    1221610,    000h 00m 01.746s,    000h 20m 21.610s
740,    1752,    1223362,    000h 00m 01.752s,    000h 20m 23.362s
741,    1619,    1224981,    000h 00m 01.619s,    000h 20m 24.981s
742,    1692,    1226673,    000h 00m 01.692s,    000h 20m 26.673s
743,    1720,    1228393,    000h 00m 01.720s,    000h 20m 28.393s
744,    1753,    1230146,    000h 00m 01.753s,    000h 20m 30.146s
745,    1615,    1231761,    000h 00m 01.615s,    000h 20m 31.761s
746,    1547,    1233308,    000h 00m 01.547s,    000h 20m 33.308s
747,    1705,    1235013,    000h 00m 01.705s,    000h 20m 35.013s
748,    1554,    1236567,    000h 00m 01.554s,    000h 20m 36.567s
749,    1748,    1238315,    000h 00m 01.748s,    000h 20m 38.315s
750,    1539,    1239854,    000h 00m 01.539s,    000h 20m 39.854s
751,    1360,    1241214,    000h 00m 01.360s,    000h 20m 41.214s
752,    1355,    1242569,    000h 00m 01.355s,    000h 20m 42.569s
753,    1574,    1244143,    000h 00m 01.574s,    000h 20m 44.143s
754,    1731,    1245874,    000h 00m 01.731s,    000h 20m 45.874s
755,    1641,    1247515,    000h 00m 01.641s,    000h 20m 47.515s
756,    1668,    1249183,    000h 00m 01.668s,    000h 20m 49.183s
757,    1797,    1250980,    000h 00m 01.797s,    000h 20m 50.980s
758,    1697,    1252677,    000h 00m 01.697s,    000h 20m 52.677s
759,    1622,    1254299,    000h 00m 01.622s,    000h 20m 54.299s
760,    1660,    1255959,    000h 00m 01.660s,    000h 20m 55.959s
761,    1747,    1257706,    000h 00m 01.747s,    000h 20m 57.706s
762,    1630,    1259336,    000h 00m 01.630s,    000h 20m 59.336s
763,    1536,    1260872,    000h 00m 01.536s,    000h 21m 00.872s
764,    1750,    1262622,    000h 00m 01.750s,    000h 21m 02.622s
765,    1770,    1264392,    000h 00m 01.770s,    000h 21m 04.392s
766,    1733,    1266125,    000h 00m 01.733s,    000h 21m 06.125s
767,    1671,    1267796,    000h 00m 01.671s,    000h 21m 07.796s
768,    1699,    1269495,    000h 00m 01.699s,    000h 21m 09.495s
769,    1716,    1271211,    000h 00m 01.716s,    000h 21m 11.211s
770,    1550,    1272761,    000h 00m 01.550s,    000h 21m 12.761s
771,    1342,    1274103,    000h 00m 01.342s,    000h 21m 14.103s
772,    1588,    1275691,    000h 00m 01.588s,    000h 21m 15.691s
773,    1728,    1277419,    000h 00m 01.728s,    000h 21m 17.419s
774,    1727,    1279146,    000h 00m 01.727s,    000h 21m 19.146s
775,    1712,    1280858,    000h 00m 01.712s,    000h 21m 20.858s
776,    1752,    1282610,    000h 00m 01.752s,    000h 21m 22.610s
777,    1584,    1284194,    000h 00m 01.584s,    000h 21m 24.194s
778,    1772,    1285966,    000h 00m 01.772s,    000h 21m 25.966s
779,    1749,    1287715,    000h 00m 01.749s,    000h 21m 27.715s
780,    1743,    1289458,    000h 00m 01.743s,    000h 21m 29.458s
781,    1765,    1291223,    000h 00m 01.765s,    000h 21m 31.223s
782,    1725,    1292948,    000h 00m 01.725s,    000h 21m 32.948s
783,    1722,    1294670,    000h 00m 01.722s,    000h 21m 34.670s
784,    1791,    1296461,    000h 00m 01.791s,    000h 21m 36.461s
785,    1551,    1298012,    000h 00m 01.551s,    000h 21m 38.012s
786,    1636,    1299648,    000h 00m 01.636s,    000h 21m 39.648s
787,    1701,    1301349,    000h 00m 01.701s,    000h 21m 41.349s
788,    1712,    1303061,    000h 00m 01.712s,    000h 21m 43.061s
789,    1568,    1304629,    000h 00m 01.568s,    000h 21m 44.629s
790,    1596,    1306225,    000h 00m 01.596s,    000h 21m 46.225s
791,    1629,    1307854,    000h 00m 01.629s,    000h 21m 47.854s
792,    1651,    1309505,    000h 00m 01.651s,    000h 21m 49.505s
793,    1569,    1311074,    000h 00m 01.569s,    000h 21m 51.074s
794,    1604,    1312678,    000h 00m 01.604s,    000h 21m 52.678s
795,    1696,    1314374,    000h 00m 01.696s,    000h 21m 54.374s
796,    1786,    1316160,    000h 00m 01.786s,    000h 21m 56.160s
797,    1609,    1317769,    000h 00m 01.609s,    000h 21m 57.769s
798,    1517,    1319286,    000h 00m 01.517s,    000h 21m 59.286s
799,    1711,    1320997,    000h 00m 01.711s,    000h 22m 00.997s
800,    1759,    1322756,    000h 00m 01.759s,    000h 22m 02.756s
801,    1716,    1324472,    000h 00m 01.716s,    000h 22m 04.472s
802,    1722,    1326194,    000h 00m 01.722s,    000h 22m 06.194s
803,    1663,    1327857,    000h 00m 01.663s,    000h 22m 07.857s
804,    1548,    1329405,    000h 00m 01.548s,    000h 22m 09.405s
805,    1769,    1331174,    000h 00m 01.769s,    000h 22m 11.174s
806,    1600,    1332774,    000h 00m 01.600s,    000h 22m 12.774s
807,    1743,    1334517,    000h 00m 01.743s,    000h 22m 14.517s
808,    1686,    1336203,    000h 00m 01.686s,    000h 22m 16.203s
809,    1730,    1337933,    000h 00m 01.730s,    000h 22m 17.933s
810,    1779,    1339712,    000h 00m 01.779s,    000h 22m 19.712s
811,    1662,    1341374,    000h 00m 01.662s,    000h 22m 21.374s
812,    1596,    1342970,    000h 00m 01.596s,    000h 22m 22.970s
813,    1585,    1344555,    000h 00m 01.585s,    000h 22m 24.555s
814,    1762,    1346317,    000h 00m 01.762s,    000h 22m 26.317s
815,    1748,    1348065,    000h 00m 01.748s,    000h 22m 28.065s
816,    1686,    1349751,    000h 00m 01.686s,    000h 22m 29.751s
817,    1556,    1351307,    000h 00m 01.556s,    000h 22m 31.307s
818,    1684,    1352991,    000h 00m 01.684s,    000h 22m 32.991s
819,    1767,    1354758,    000h 00m 01.767s,    000h 22m 34.758s
820,    1600,    1356358,    000h 00m 01.600s,    000h 22m 36.358s
821,    1754,    1358112,    000h 00m 01.754s,    000h 22m 38.112s
822,    1617,    1359729,    000h 00m 01.617s,    000h 22m 39.729s
823,    1591,    1361320,    000h 00m 01.591s,    000h 22m 41.320s
824,    1668,    1362988,    000h 00m 01.668s,    000h 22m 42.988s
825,    1681,    1364669,    000h 00m 01.681s,    000h 22m 44.669s
826,    1755,    1366424,    000h 00m 01.755s,    000h 22m 46.424s
827,    1702,    1368126,    000h 00m 01.702s,    000h 22m 48.126s
828,    1695,    1369821,    000h 00m 01.695s,    000h 22m 49.821s
829,    1562,    1371383,    000h 00m 01.562s,    000h 22m 51.383s
830,    1695,    1373078,    000h 00m 01.695s,    000h 22m 53.078s
831,    1628,    1374706,    000h 00m 01.628s,    000h 22m 54.706s
832,    1569,    1376275,    000h 00m 01.569s,    000h 22m 56.275s
833,    1547,    1377822,    000h 00m 01.547s,    000h 22m 57.822s
834,    1565,    1379387,    000h 00m 01.565s,    000h 22m 59.387s
835,    1705,    1381092,    000h 00m 01.705s,    000h 23m 01.092s
836,    1709,    1382801,    000h 00m 01.709s,    000h 23m 02.801s
837,    1679,    1384480,    000h 00m 01.679s,    000h 23m 04.480s
838,    1626,    1386106,    000h 00m 01.626s,    000h 23m 06.106s
839,    1706,    1387812,    000h 00m 01.706s,    000h 23m 07.812s
840,    1684,    1389496,    000h 00m 01.684s,    000h 23m 09.496s
841,    1347,    1390843,    000h 00m 01.347s,    000h 23m 10.843s
842,    1765,    1392608,    000h 00m 01.765s,    000h 23m 12.608s
843,    1563,    1394171,    000h 00m 01.563s,    000h 23m 14.171s
844,    1713,    1395884,    000h 00m 01.713s,    000h 23m 15.884s
845,    1681,    1397565,    000h 00m 01.681s,    000h 23m 17.565s
846,    1748,    1399313,    000h 00m 01.748s,    000h 23m 19.313s
847,    1554,    1400867,    000h 00m 01.554s,    000h 23m 20.867s
848,    1627,    1402494,    000h 00m 01.627s,    000h 23m 22.494s
849,    1755,    1404249,    000h 00m 01.755s,    000h 23m 24.249s
850,    1743,    1405992,    000h 00m 01.743s,    000h 23m 25.992s
851,    1576,    1407568,    000h 00m 01.576s,    000h 23m 27.568s
852,    1730,    1409298,    000h 00m 01.730s,    000h 23m 29.298s
853,    1326,    1410624,    000h 00m 01.326s,    000h 23m 30.624s
854,    1621,    1412245,    000h 00m 01.621s,    000h 23m 32.245s
855,    1753,    1413998,    000h 00m 01.753s,    000h 23m 33.998s
856,    1564,    1415562,    000h 00m 01.564s,    000h 23m 35.562s
857,    1718,    1417280,    000h 00m 01.718s,    000h 23m 37.280s
858,    1573,    1418853,    000h 00m 01.573s,    000h 23m 38.853s
859,    1785,    1420638,    000h 00m 01.785s,    000h 23m 40.638s
860,    1758,    1422396,    000h 00m 01.758s,    000h 23m 42.396s
861,    1708,    1424104,    000h 00m 01.708s,    000h 23m 44.104s
862,    1677,    1425781,    000h 00m 01.677s,    000h 23m 45.781s
863,    1696,    1427477,    000h 00m 01.696s,    000h 23m 47.477s
864,    1595,    1429072,    000h 00m 01.595s,    000h 23m 49.072s
865,    1687,    1430759,    000h 00m 01.687s,    000h 23m 50.759s
866,    1646,    1432405,    000h 00m 01.646s,    000h 23m 52.405s
867,    1291,    1433696,    000h 00m 01.291s,    000h 23m 53.696s
868,    1748,    1435444,    000h 00m 01.748s,    000h 23m 55.444s
869,    1352,    1436796,    000h 00m 01.352s,    000h 23m 56.796s
870,    1703,    1438499,    000h 00m 01.703s,    000h 23m 58.499s
871,    1713,    1440212,    000h 00m 01.713s,    000h 24m 00.212s
872,    1657,    1441869,    000h 00m 01.657s,    000h 24m 01.869s
873,    1632,    1443501,    000h 00m 01.632s,    000h 24m 03.501s
874,    1700,    1445201,    000h 00m 01.700s,    000h 24m 05.201s
875,    1619,    1446820,    000h 00m 01.619s,    000h 24m 06.820s
876,    1706,    1448526,    000h 00m 01.706s,    000h 24m 08.526s
877,    1745,    1450271,    000h 00m 01.745s,    000h 24m 10.271s
878,    1594,    1451865,    000h 00m 01.594s,    000h 24m 11.865s
879,    1751,    1453616,    000h 00m 01.751s,    000h 24m 13.616s
880,    1568,    1455184,    000h 00m 01.568s,    000h 24m 15.184s
881,    1751,    1456935,    000h 00m 01.751s,    000h 24m 16.935s
882,    1745,    1458680,    000h 00m 01.745s,    000h 24m 18.680s
883,    1706,    1460386,    000h 00m 01.706s,    000h 24m 20.386s
884,    1770,    1462156,    000h 00m 01.770s,    000h 24m 22.156s
885,    1627,    1463783,    000h 00m 01.627s,    000h 24m 23.783s
886,    1685,    1465468,    000h 00m 01.685s,    000h 24m 25.468s
887,    1712,    1467180,    000h 00m 01.712s,    000h 24m 27.180s
888,    1669,    1468849,    000h 00m 01.669s,    000h 24m 28.849s
889,    1757,    1470606,    000h 00m 01.757s,    000h 24m 30.606s
890,    1754,    1472360,    000h 00m 01.754s,    000h 24m 32.360s
891,    1770,    1474130,    000h 00m 01.770s,    000h 24m 34.130s
892,    1598,    1475728,    000h 00m 01.598s,    000h 24m 35.728s
893,    1614,    1477342,    000h 00m 01.614s,    000h 24m 37.342s
894,    1673,    1479015,    000h 00m 01.673s,    000h 24m 39.015s
895,    1701,    1480716,    000h 00m 01.701s,    000h 24m 40.716s
896,    1695,    1482411,    000h 00m 01.695s,    000h 24m 42.411s
897,    1744,    1484155,    000h 00m 01.744s,    000h 24m 44.155s
898,    1784,    1485939,    000h 00m 01.784s,    000h 24m 45.939s
899,    1545,    1487484,    000h 00m 01.545s,    000h 24m 47.484s
900,    1614,    1489098,    000h 00m 01.614s,    000h 24m 49.098s
901,    1744,    1490842,    000h 00m 01.744s,    000h 24m 50.842s
902,    1769,    1492611,    000h 00m 01.769s,    000h 24m 52.611s
903,    1727,    1494338,    000h 00m 01.727s,    000h 24m 54.338s
904,    1707,    1496045,    000h 00m 01.707s,    000h 24m 56.045s
905,    1573,    1497618,    000h 00m 01.573s,    000h 24m 57.618s
906,    1758,    1499376,    000h 00m 01.758s,    000h 24m 59.376s
907,    1655,    1501031,    000h 00m 01.655s,    000h 25m 01.031s
908,    1648,    1502679,    000h 00m 01.648s,    000h 25m 02.679s
909,    1748,    1504427,    000h 00m 01.748s,    000h 25m 04.427s
910,    1719,    1506146,    000h 00m 01.719s,    000h 25m 06.146s
911,    1736,    1507882,    000h 00m 01.736s,    000h 25m 07.882s
912,    1577,    1509459,    000h 00m 01.577s,    000h 25m 09.459s
913,    1725,    1511184,    000h 00m 01.725s,    000h 25m 11.184s
914,    1796,    1512980,    000h 00m 01.796s,    000h 25m 12.980s
915,    1713,    1514693,    000h 00m 01.713s,    000h 25m 14.693s
916,    1735,    1516428,    000h 00m 01.735s,    000h 25m 16.428s
917,    1592,    1518020,    000h 00m 01.592s,    000h 25m 18.020s
918,    1751,    1519771,    000h 00m 01.751s,    000h 25m 19.771s
919,    1548,    1521319,    000h 00m 01.548s,    000h 25m 21.319s
920,    1579,    1522898,    000h 00m 01.579s,    000h 25m 22.898s
921,    1442,    1524340,    000h 00m 01.442s,    000h 25m 24.340s
922,    1747,    1526087,    000h 00m 01.747s,    000h 25m 26.087s
923,    1656,    1527743,    000h 00m 01.656s,    000h 25m 27.743s
924,    1621,    1529364,    000h 00m 01.621s,    000h 25m 29.364s
925,    1631,    1530995,    000h 00m 01.631s,    000h 25m 30.995s
926,    1752,    1532747,    000h 00m 01.752s,    000h 25m 32.747s
927,    1564,    1534311,    000h 00m 01.564s,    000h 25m 34.311s
928,    1584,    1535895,    000h 00m 01.584s,    000h 25m 35.895s
929,    1723,    1537618,    000h 00m 01.723s,    000h 25m 37.618s
930,    1737,    1539355,    000h 00m 01.737s,    000h 25m 39.355s
931,    1662,    1541017,    000h 00m 01.662s,    000h 25m 41.017s
932,    1714,    1542731,    000h 00m 01.714s,    000h 25m 42.731s
933,    1676,    1544407,    000h 00m 01.676s,    000h 25m 44.407s
934,    1626,    1546033,    000h 00m 01.626s,    000h 25m 46.033s
935,    1760,    1547793,    000h 00m 01.760s,    000h 25m 47.793s
936,    1723,    1549516,    000h 00m 01.723s,    000h 25m 49.516s
937,    1571,    1551087,    000h 00m 01.571s,    000h 25m 51.087s
938,    1716,    1552803,    000h 00m 01.716s,    000h 25m 52.803s
939,    1600,    1554403,    000h 00m 01.600s,    000h 25m 54.403s
940,    1655,    1556058,    000h 00m 01.655s,    000h 25m 56.058s
941,    1762,    1557820,    000h 00m 01.762s,    000h 25m 57.820s
942,    1580,    1559400,    000h 00m 01.580s,    000h 25m 59.400s
943,    1603,    1561003,    000h 00m 01.603s,    000h 26m 01.003s
944,    1721,    1562724,    000h 00m 01.721s,    000h 26m 02.724s
945,    1769,    1564493,    000h 00m 01.769s,    000h 26m 04.493s
946,    1624,    1566117,    000h 00m 01.624s,    000h 26m 06.117s
947,    1605,    1567722,    000h 00m 01.605s,    000h 26m 07.722s
948,    1729,    1569451,    000h 00m 01.729s,    000h 26m 09.451s
949,    1643,    1571094,    000h 00m 01.643s,    000h 26m 11.094s
950,    1755,    1572849,    000h 00m 01.755s,    000h 26m 12.849s
951,    1692,    1574541,    000h 00m 01.692s,    000h 26m 14.541s
952,    1646,    1576187,    000h 00m 01.646s,    000h 26m 16.187s
953,    1704,    1577891,    000h 00m 01.704s,    000h 26m 17.891s
954,    1656,    1579547,    000h 00m 01.656s,    000h 26m 19.547s
955,    1559,    1581106,    000h 00m 01.559s,    000h 26m 21.106s
956,    1662,    1582768,    000h 00m 01.662s,    000h 26m 22.768s
957,    1704,    1584472,    000h 00m 01.704s,    000h 26m 24.472s
958,    1733,    1586205,    000h 00m 01.733s,    000h 26m 26.205s
959,    1634,    1587839,    000h 00m 01.634s,    000h 26m 27.839s
960,    1657,    1589496,    000h 00m 01.657s,    000h 26m 29.496s
961,    1705,    1591201,    000h 00m 01.705s,    000h 26m 31.201s
962,    1350,    1592551,    000h 00m 01.350s,    000h 26m 32.551s
963,    1558,    1594109,    000h 00m 01.558s,    000h 26m 34.109s
964,    1751,    1595860,    000h 00m 01.751s,    000h 26m 35.860s
965,    1636,    1597496,    000h 00m 01.636s,    000h 26m 37.496s
966,    1629,    1599125,    000h 00m 01.629s,    000h 26m 39.125s
967,    1600,    1600725,    000h 00m 01.600s,    000h 26m 40.725s
968,    1521,    1602246,    000h 00m 01.521s,    000h 26m 42.246s
969,    1582,    1603828,    000h 00m 01.582s,    000h 26m 43.828s
970,    1689,    1605517,    000h 00m 01.689s,    000h 26m 45.517s
971,    1660,    1607177,    000h 00m 01.660s,    000h 26m 47.177s
972,    1594,    1608771,    000h 00m 01.594s,    000h 26m 48.771s
973,    1598,    1610369,    000h 00m 01.598s,    000h 26m 50.369s
974,    1644,    1612013,    000h 00m 01.644s,    000h 26m 52.013s
975,    1652,    1613665,    000h 00m 01.652s,    000h 26m 53.665s
976,    1572,    1615237,    000h 00m 01.572s,    000h 26m 55.237s
977,    1618,    1616855,    000h 00m 01.618s,    000h 26m 56.855s
978,    1762,    1618617,    000h 00m 01.762s,    000h 26m 58.617s
979,    1773,    1620390,    000h 00m 01.773s,    000h 27m 00.390s
980,    1669,    1622059,    000h 00m 01.669s,    000h 27m 02.059s
981,    1721,    1623780,    000h 00m 01.721s,    000h 27m 03.780s
982,    1545,    1625325,    000h 00m 01.545s,    000h 27m 05.325s
983,    1634,    1626959,    000h 00m 01.634s,    000h 27m 06.959s
984,    1672,    1628631,    000h 00m 01.672s,    000h 27m 08.631s
985,    1714,    1630345,    000h 00m 01.714s,    000h 27m 10.345s
986,    1683,    1632028,    000h 00m 01.683s,    000h 27m 12.028s
987,    1723,    1633751,    000h 00m 01.723s,    000h 27m 13.751s
988,    1760,    1635511,    000h 00m 01.760s,    000h 27m 15.511s
989,    1772,    1637283,    000h 00m 01.772s,    000h 27m 17.283s
990,    1743,    1639026,    000h 00m 01.743s,    000h 27m 19.026s
991,    1256,    1640282,    000h 00m 01.256s,    000h 27m 20.282s
992,    1728,    1642010,    000h 00m 01.728s,    000h 27m 22.010s
993,    1723,    1643733,    000h 00m 01.723s,    000h 27m 23.733s
994,    1724,    1645457,    000h 00m 01.724s,    000h 27m 25.457s
995,    1606,    1647063,    000h 00m 01.606s,    000h 27m 27.063s
996,    1631,    1648694,    000h 00m 01.631s,    000h 27m 28.694s
997,    1705,    1650399,    000h 00m 01.705s,    000h 27m 30.399s
998,    1701,    1652100,    000h 00m 01.701s,    000h 27m 32.100s
999,    1671,    1653771,    000h 00m 01.671s,    000h 27m 33.771s
1000,    1687,    1655458,    000h 00m 01.687s,    000h 27m 35.458s
1001,    1626,    1657084,    000h 00m 01.626s,    000h 27m 37.084s
1002,    1652,    1658736,    000h 00m 01.652s,    000h 27m 38.736s
1003,    1668,    1660404,    000h 00m 01.668s,    000h 27m 40.404s
1004,    1526,    1661930,    000h 00m 01.526s,    000h 27m 41.930s
1005,    1575,    1663505,    000h 00m 01.575s,    000h 27m 43.505s
1006,    1691,    1665196,    000h 00m 01.691s,    000h 27m 45.196s
1007,    1730,    1666926,    000h 00m 01.730s,    000h 27m 46.926s
1008,    1724,    1668650,    000h 00m 01.724s,    000h 27m 48.650s
1009,    1661,    1670311,    000h 00m 01.661s,    000h 27m 50.311s
1010,    1607,    1671918,    000h 00m 01.607s,    000h 27m 51.918s
1011,    1555,    1673473,    000h 00m 01.555s,    000h 27m 53.473s
1012,    1706,    1675179,    000h 00m 01.706s,    000h 27m 55.179s
1013,    1566,    1676745,    000h 00m 01.566s,    000h 27m 56.745s
1014,    1741,    1678486,    000h 00m 01.741s,    000h 27m 58.486s
1015,    1590,    1680076,    000h 00m 01.590s,    000h 28m 00.076s
1016,    1669,    1681745,    000h 00m 01.669s,    000h 28m 01.745s
1017,    1743,    1683488,    000h 00m 01.743s,    000h 28m 03.488s
1018,    1744,    1685232,    000h 00m 01.744s,    000h 28m 05.232s
1019,    1777,    1687009,    000h 00m 01.777s,    000h 28m 07.009s
1020,    1767,    1688776,    000h 00m 01.767s,    000h 28m 08.776s
1021,    1600,    1690376,    000h 00m 01.600s,    000h 28m 10.376s
1022,    1710,    1692086,    000h 00m 01.710s,    000h 28m 12.086s
1023,    1694,    1693780,    000h 00m 01.694s,    000h 28m 13.780s
1024,    1687,    1695467,    000h 00m 01.687s,    000h 28m 15.467s
1025,    1767,    1697234,    000h 00m 01.767s,    000h 28m 17.234s
