pass,    time (ms),    total time (ms),    time,     total_time
1,    1544,    1544,    000h 00m 01.544s,    000h 00m 01.544s
2,    1781,    3325,    000h 00m 01.781s,    000h 00m 03.325s
3,    1757,    5082,    000h 00m 01.757s,    000h 00m 05.082s
4,    1406,    6488,    000h 00m 01.406s,    000h 00m 06.488s
5,    1623,    8111,    000h 00m 01.623s,    000h 00m 08.111s
6,    1737,    9848,    000h 00m 01.737s,    000h 00m 09.848s
7,    1760,    11608,    000h 00m 01.760s,    000h 00m 11.608s
8,    1579,    13187,    000h 00m 01.579s,    000h 00m 13.187s
9,    1627,    14814,    000h 00m 01.627s,    000h 00m 14.814s
10,    1356,    16170,    000h 00m 01.356s,    000h 00m 16.170s
11,    1584,    17754,    000h 00m 01.584s,    000h 00m 17.754s
12,    1736,    19490,    000h 00m 01.736s,    000h 00m 19.490s
13,    1662,    21152,    000h 00m 01.662s,    000h 00m 21.152s
14,    1744,    22896,    000h 00m 01.744s,    000h 00m 22.896s
15,    1498,    24394,    000h 00m 01.498s,    000h 00m 24.394s
16,    1618,    26012,    000h 00m 01.618s,    000h 00m 26.012s
17,    1569,    27581,    000h 00m 01.569s,    000h 00m 27.581s
18,    1535,    29116,    000h 00m 01.535s,    000h 00m 29.116s
19,    1604,    30720,    000h 00m 01.604s,    000h 00m 30.720s
20,    1790,    32510,    000h 00m 01.790s,    000h 00m 32.510s
21,    1600,    34110,    000h 00m 01.600s,    000h 00m 34.110s
22,    1592,    35702,    000h 00m 01.592s,    000h 00m 35.702s
23,    1666,    37368,    000h 00m 01.666s,    000h 00m 37.368s
24,    1756,    39124,    000h 00m 01.756s,    000h 00m 39.124s
25,    1736,    40860,    000h 00m 01.736s,    000h 00m 40.860s
26,    1572,    42432,    000h 00m 01.572s,    000h 00m 42.432s
27,    1673,    44105,    000h 00m 01.673s,    000h 00m 44.105s
28,    1552,    45657,    000h 00m 01.552s,    000h 00m 45.657s
29,    1527,    47184,    000h 00m 01.527s,    000h 00m 47.184s
30,    1760,    48944,    000h 00m 01.760s,    000h 00m 48.944s
31,    1582,    50526,    000h 00m 01.582s,    000h 00m 50.526s
32,    1542,    52068,    000h 00m 01.542s,    000h 00m 52.068s
33,    1688,    53756,    000h 00m 01.688s,    000h 00m 53.756s
34,    1637,    55393,    000h 00m 01.637s,    000h 00m 55.393s
35,    1648,    57041,    000h 00m 01.648s,    000h 00m 57.041s
36,    1621,    58662,    000h 00m 01.621s,    000h 00m 58.662s
37,    1747,    60409,    000h 00m 01.747s,    000h 01m 00.409s
38,    1752,    62161,    000h 00m 01.752s,    000h 01m 02.161s
39,    1666,    63827,    000h 00m 01.666s,    000h 01m 03.827s
40,    1658,    65485,    000h 00m 01.658s,    000h 01m 05.485s
41,    1550,    67035,    000h 00m 01.550s,    000h 01m 07.035s
42,    1596,    68631,    000h 00m 01.596s,    000h 01m 08.631s
43,    1545,    70176,    000h 00m 01.545s,    000h 01m 10.176s
44,    1667,    71843,    000h 00m 01.667s,    000h 01m 11.843s
45,    1633,    73476,    000h 00m 01.633s,    000h 01m 13.476s
46,    1620,    75096,    000h 00m 01.620s,    000h 01m 15.096s
47,    1714,    76810,    000h 00m 01.714s,    000h 01m 16.810s
48,    1734,    78544,    000h 00m 01.734s,    000h 01m 18.544s
49,    1748,    80292,    000h 00m 01.748s,    000h 01m 20.292s
50,    1737,    82029,    000h 00m 01.737s,    000h 01m 22.029s
51,    1700,    83729,    000h 00m 01.700s,    000h 01m 23.729s
52,    1730,    85459,    000h 00m 01.730s,    000h 01m 25.459s
53,    1714,    87173,    000h 00m 01.714s,    000h 01m 27.173s
54,    1640,    88813,    000h 00m 01.640s,    000h 01m 28.813s
55,    1729,    90542,    000h 00m 01.729s,    000h 01m 30.542s
56,    1548,    92090,    000h 00m 01.548s,    000h 01m 32.090s
57,    1713,    93803,    000h 00m 01.713s,    000h 01m 33.803s
58,    1755,    95558,    000h 00m 01.755s,    000h 01m 35.558s
59,    1576,    97134,    000h 00m 01.576s,    000h 01m 37.134s
60,    1371,    98505,    000h 00m 01.371s,    000h 01m 38.505s
61,    1617,    100122,    000h 00m 01.617s,    000h 01m 40.122s
62,    1797,    101919,    000h 00m 01.797s,    000h 01m 41.919s
63,    1744,    103663,    000h 00m 01.744s,    000h 01m 43.663s
64,    1717,    105380,    000h 00m 01.717s,    000h 01m 45.380s
65,    1708,    107088,    000h 00m 01.708s,    000h 01m 47.088s
66,    1669,    108757,    000h 00m 01.669s,    000h 01m 48.757s
67,    1651,    110408,    000h 00m 01.651s,    000h 01m 50.408s
68,    1671,    112079,    000h 00m 01.671s,    000h 01m 52.079s
69,    1721,    113800,    000h 00m 01.721s,    000h 01m 53.800s
70,    1716,    115516,    000h 00m 01.716s,    000h 01m 55.516s
71,    1584,    117100,    000h 00m 01.584s,    000h 01m 57.100s
72,    1696,    118796,    000h 00m 01.696s,    000h 01m 58.796s
73,    1570,    120366,    000h 00m 01.570s,    000h 02m 00.366s
74,    1602,    121968,    000h 00m 01.602s,    000h 02m 01.968s
75,    1576,    123544,    000h 00m 01.576s,    000h 02m 03.544s
76,    1746,    125290,    000h 00m 01.746s,    000h 02m 05.290s
77,    1599,    126889,    000h 00m 01.599s,    000h 02m 06.889s
78,    1744,    128633,    000h 00m 01.744s,    000h 02m 08.633s
79,    1577,    130210,    000h 00m 01.577s,    000h 02m 10.210s
80,    1621,    131831,    000h 00m 01.621s,    000h 02m 11.831s
81,    1713,    133544,    000h 00m 01.713s,    000h 02m 13.544s
82,    1702,    135246,    000h 00m 01.702s,    000h 02m 15.246s
83,    1623,    136869,    000h 00m 01.623s,    000h 02m 16.869s
84,    1643,    138512,    000h 00m 01.643s,    000h 02m 18.512s
85,    1388,    139900,    000h 00m 01.388s,    000h 02m 19.900s
86,    1696,    141596,    000h 00m 01.696s,    000h 02m 21.596s
87,    1710,    143306,    000h 00m 01.710s,    000h 02m 23.306s
88,    1603,    144909,    000h 00m 01.603s,    000h 02m 24.909s
89,    1575,    146484,    000h 00m 01.575s,    000h 02m 26.484s
90,    1676,    148160,    000h 00m 01.676s,    000h 02m 28.160s
91,    1701,    149861,    000h 00m 01.701s,    000h 02m 29.861s
92,    1562,    151423,    000h 00m 01.562s,    000h 02m 31.423s
93,    1594,    153017,    000h 00m 01.594s,    000h 02m 33.017s
94,    1729,    154746,    000h 00m 01.729s,    000h 02m 34.746s
95,    1637,    156383,    000h 00m 01.637s,    000h 02m 36.383s
96,    1594,    157977,    000h 00m 01.594s,    000h 02m 37.977s
97,    1623,    159600,    000h 00m 01.623s,    000h 02m 39.600s
98,    1724,    161324,    000h 00m 01.724s,    000h 02m 41.324s
99,    1652,    162976,    000h 00m 01.652s,    000h 02m 42.976s
100,    1742,    164718,    000h 00m 01.742s,    000h 02m 44.718s
101,    1705,    166423,    000h 00m 01.705s,    000h 02m 46.423s
102,    1706,    168129,    000h 00m 01.706s,    000h 02m 48.129s
103,    1646,    169775,    000h 00m 01.646s,    000h 02m 49.775s
104,    1679,    171454,    000h 00m 01.679s,    000h 02m 51.454s
105,    1625,    173079,    000h 00m 01.625s,    000h 02m 53.079s
106,    1752,    174831,    000h 00m 01.752s,    000h 02m 54.831s
107,    2160,    176991,    000h 00m 02.160s,    000h 02m 56.991s
108,    2147,    179138,    000h 00m 02.147s,    000h 02m 59.138s
109,    2197,    181335,    000h 00m 02.197s,    000h 03m 01.335s
110,    2129,    183464,    000h 00m 02.129s,    000h 03m 03.464s
111,    2128,    185592,    000h 00m 02.128s,    000h 03m 05.592s
112,    1684,    187276,    000h 00m 01.684s,    000h 03m 07.276s
113,    1924,    189200,    000h 00m 01.924s,    000h 03m 09.200s
114,    1989,    191189,    000h 00m 01.989s,    000h 03m 11.189s
115,    2068,    193257,    000h 00m 02.068s,    000h 03m 13.257s
116,    1953,    195210,    000h 00m 01.953s,    000h 03m 15.210s
117,    2078,    197288,    000h 00m 02.078s,    000h 03m 17.288s
118,    2168,    199456,    000h 00m 02.168s,    000h 03m 19.456s
119,    1976,    201432,    000h 00m 01.976s,    000h 03m 21.432s
120,    2174,    203606,    000h 00m 02.174s,    000h 03m 23.606s
121,    2207,    205813,    000h 00m 02.207s,    000h 03m 25.813s
122,    1558,    207371,    000h 00m 01.558s,    000h 03m 27.371s
123,    2207,    209578,    000h 00m 02.207s,    000h 03m 29.578s
124,    2100,    211678,    000h 00m 02.100s,    000h 03m 31.678s
125,    1733,    213411,    000h 00m 01.733s,    000h 03m 33.411s
126,    2226,    215637,    000h 00m 02.226s,    000h 03m 35.637s
127,    2122,    217759,    000h 00m 02.122s,    000h 03m 37.759s
128,    1952,    219711,    000h 00m 01.952s,    000h 03m 39.711s
129,    2096,    221807,    000h 00m 02.096s,    000h 03m 41.807s
130,    2004,    223811,    000h 00m 02.004s,    000h 03m 43.811s
131,    2196,    226007,    000h 00m 02.196s,    000h 03m 46.007s
132,    2087,    228094,    000h 00m 02.087s,    000h 03m 48.094s
133,    2178,    230272,    000h 00m 02.178s,    000h 03m 50.272s
134,    2126,    232398,    000h 00m 02.126s,    000h 03m 52.398s
135,    2026,    234424,    000h 00m 02.026s,    000h 03m 54.424s
136,    2061,    236485,    000h 00m 02.061s,    000h 03m 56.485s
137,    1906,    238391,    000h 00m 01.906s,    000h 03m 58.391s
138,    2226,    240617,    000h 00m 02.226s,    000h 04m 00.617s
139,    2072,    242689,    000h 00m 02.072s,    000h 04m 02.689s
140,    1951,    244640,    000h 00m 01.951s,    000h 04m 04.640s
141,    1967,    246607,    000h 00m 01.967s,    000h 04m 06.607s
142,    2180,    248787,    000h 00m 02.180s,    000h 04m 08.787s
143,    2188,    250975,    000h 00m 02.188s,    000h 04m 10.975s
144,    2043,    253018,    000h 00m 02.043s,    000h 04m 13.018s
145,    1935,    254953,    000h 00m 01.935s,    000h 04m 14.953s
146,    2128,    257081,    000h 00m 02.128s,    000h 04m 17.081s
147,    2232,    259313,    000h 00m 02.232s,    000h 04m 19.313s
148,    2144,    261457,    000h 00m 02.144s,    000h 04m 21.457s
149,    2092,    263549,    000h 00m 02.092s,    000h 04m 23.549s
150,    2020,    265569,    000h 00m 02.020s,    000h 04m 25.569s
151,    2086,    267655,    000h 00m 02.086s,    000h 04m 27.655s
152,    2222,    269877,    000h 00m 02.222s,    000h 04m 29.877s
153,    2184,    272061,    000h 00m 02.184s,    000h 04m 32.061s
154,    2124,    274185,    000h 00m 02.124s,    000h 04m 34.185s
155,    2204,    276389,    000h 00m 02.204s,    000h 04m 36.389s
156,    2171,    278560,    000h 00m 02.171s,    000h 04m 38.560s
157,    2137,    280697,    000h 00m 02.137s,    000h 04m 40.697s
158,    1943,    282640,    000h 00m 01.943s,    000h 04m 42.640s
159,    1889,    284529,    000h 00m 01.889s,    000h 04m 44.529s
160,    2015,    286544,    000h 00m 02.015s,    000h 04m 46.544s
161,    2066,    288610,    000h 00m 02.066s,    000h 04m 48.610s
162,    2202,    290812,    000h 00m 02.202s,    000h 04m 50.812s
163,    2157,    292969,    000h 00m 02.157s,    000h 04m 52.969s
164,    2133,    295102,    000h 00m 02.133s,    000h 04m 55.102s
165,    1958,    297060,    000h 00m 01.958s,    000h 04m 57.060s
166,    1958,    299018,    000h 00m 01.958s,    000h 04m 59.018s
167,    2096,    301114,    000h 00m 02.096s,    000h 05m 01.114s
168,    2096,    303210,    000h 00m 02.096s,    000h 05m 03.210s
169,    2041,    305251,    000h 00m 02.041s,    000h 05m 05.251s
170,    2087,    307338,    000h 00m 02.087s,    000h 05m 07.338s
171,    1996,    309334,    000h 00m 01.996s,    000h 05m 09.334s
172,    1987,    311321,    000h 00m 01.987s,    000h 05m 11.321s
173,    2041,    313362,    000h 00m 02.041s,    000h 05m 13.362s
174,    2172,    315534,    000h 00m 02.172s,    000h 05m 15.534s
175,    1934,    317468,    000h 00m 01.934s,    000h 05m 17.468s
176,    2151,    319619,    000h 00m 02.151s,    000h 05m 19.619s
177,    1987,    321606,    000h 00m 01.987s,    000h 05m 21.606s
178,    2196,    323802,    000h 00m 02.196s,    000h 05m 23.802s
179,    2102,    325904,    000h 00m 02.102s,    000h 05m 25.904s
180,    1933,    327837,    000h 00m 01.933s,    000h 05m 27.837s
181,    2136,    329973,    000h 00m 02.136s,    000h 05m 29.973s
182,    1978,    331951,    000h 00m 01.978s,    000h 05m 31.951s
183,    2017,    333968,    000h 00m 02.017s,    000h 05m 33.968s
184,    2181,    336149,    000h 00m 02.181s,    000h 05m 36.149s
185,    2245,    338394,    000h 00m 02.245s,    000h 05m 38.394s
186,    2209,    340603,    000h 00m 02.209s,    000h 05m 40.603s
187,    1975,    342578,    000h 00m 01.975s,    000h 05m 42.578s
188,    2003,    344581,    000h 00m 02.003s,    000h 05m 44.581s
189,    2057,    346638,    000h 00m 02.057s,    000h 05m 46.638s
190,    2185,    348823,    000h 00m 02.185s,    000h 05m 48.823s
191,    2079,    350902,    000h 00m 02.079s,    000h 05m 50.902s
192,    2099,    353001,    000h 00m 02.099s,    000h 05m 53.001s
193,    1955,    354956,    000h 00m 01.955s,    000h 05m 54.956s
194,    1991,    356947,    000h 00m 01.991s,    000h 05m 56.947s
195,    2233,    359180,    000h 00m 02.233s,    000h 05m 59.180s
196,    2016,    361196,    000h 00m 02.016s,    000h 06m 01.196s
197,    1991,    363187,    000h 00m 01.991s,    000h 06m 03.187s
198,    2154,    365341,    000h 00m 02.154s,    000h 06m 05.341s
199,    2244,    367585,    000h 00m 02.244s,    000h 06m 07.585s
200,    2090,    369675,    000h 00m 02.090s,    000h 06m 09.675s
201,    1971,    371646,    000h 00m 01.971s,    000h 06m 11.646s
202,    1997,    373643,    000h 00m 01.997s,    000h 06m 13.643s
203,    2223,    375866,    000h 00m 02.223s,    000h 06m 15.866s
204,    2215,    378081,    000h 00m 02.215s,    000h 06m 18.081s
205,    2202,    380283,    000h 00m 02.202s,    000h 06m 20.283s
206,    2034,    382317,    000h 00m 02.034s,    000h 06m 22.317s
207,    2041,    384358,    000h 00m 02.041s,    000h 06m 24.358s
208,    2155,    386513,    000h 00m 02.155s,    000h 06m 26.513s
209,    2060,    388573,    000h 00m 02.060s,    000h 06m 28.573s
210,    2083,    390656,    000h 00m 02.083s,    000h 06m 30.656s
211,    2197,    392853,    000h 00m 02.197s,    000h 06m 32.853s
212,    2000,    394853,    000h 00m 02.000s,    000h 06m 34.853s
213,    2071,    396924,    000h 00m 02.071s,    000h 06m 36.924s
214,    2129,    399053,    000h 00m 02.129s,    000h 06m 39.053s
215,    2072,    401125,    000h 00m 02.072s,    000h 06m 41.125s
216,    2167,    403292,    000h 00m 02.167s,    000h 06m 43.292s
217,    1668,    404960,    000h 00m 01.668s,    000h 06m 44.960s
218,    2175,    407135,    000h 00m 02.175s,    000h 06m 47.135s
219,    2091,    409226,    000h 00m 02.091s,    000h 06m 49.226s
220,    2151,    411377,    000h 00m 02.151s,    000h 06m 51.377s
221,    2112,    413489,    000h 00m 02.112s,    000h 06m 53.489s
222,    2178,    415667,    000h 00m 02.178s,    000h 06m 55.667s
223,    2177,    417844,    000h 00m 02.177s,    000h 06m 57.844s
224,    1934,    419778,    000h 00m 01.934s,    000h 06m 59.778s
225,    2112,    421890,    000h 00m 02.112s,    000h 07m 01.890s
226,    2173,    424063,    000h 00m 02.173s,    000h 07m 04.063s
227,    2012,    426075,    000h 00m 02.012s,    000h 07m 06.075s
228,    2166,    428241,    000h 00m 02.166s,    000h 07m 08.241s
229,    2186,    430427,    000h 00m 02.186s,    000h 07m 10.427s
230,    2006,    432433,    000h 00m 02.006s,    000h 07m 12.433s
231,    2088,    434521,    000h 00m 02.088s,    000h 07m 14.521s
232,    2035,    436556,    000h 00m 02.035s,    000h 07m 16.556s
233,    2139,    438695,    000h 00m 02.139s,    000h 07m 18.695s
234,    2047,    440742,    000h 00m 02.047s,    000h 07m 20.742s
235,    1972,    442714,    000h 00m 01.972s,    000h 07m 22.714s
236,    2129,    444843,    000h 00m 02.129s,    000h 07m 24.843s
237,    1761,    446604,    000h 00m 01.761s,    000h 07m 26.604s
238,    2118,    448722,    000h 00m 02.118s,    000h 07m 28.722s
239,    2316,    451038,    000h 00m 02.316s,    000h 07m 31.038s
240,    2096,    453134,    000h 00m 02.096s,    000h 07m 33.134s
241,    1944,    455078,    000h 00m 01.944s,    000h 07m 35.078s
242,    2004,    457082,    000h 00m 02.004s,    000h 07m 37.082s
243,    2113,    459195,    000h 00m 02.113s,    000h 07m 39.195s
244,    2051,    461246,    000h 00m 02.051s,    000h 07m 41.246s
245,    1978,    463224,    000h 00m 01.978s,    000h 07m 43.224s
246,    2083,    465307,    000h 00m 02.083s,    000h 07m 45.307s
247,    2052,    467359,    000h 00m 02.052s,    000h 07m 47.359s
248,    1935,    469294,    000h 00m 01.935s,    000h 07m 49.294s
249,    2139,    471433,    000h 00m 02.139s,    000h 07m 51.433s
250,    1973,    473406,    000h 00m 01.973s,    000h 07m 53.406s
251,    2015,    475421,    000h 00m 02.015s,    000h 07m 55.421s
252,    2102,    477523,    000h 00m 02.102s,    000h 07m 57.523s
253,    2036,    479559,    000h 00m 02.036s,    000h 07m 59.559s
254,    2030,    481589,    000h 00m 02.030s,    000h 08m 01.589s
255,    2208,    483797,    000h 00m 02.208s,    000h 08m 03.797s
256,    2110,    485907,    000h 00m 02.110s,    000h 08m 05.907s
257,    2068,    487975,    000h 00m 02.068s,    000h 08m 07.975s
258,    1937,    489912,    000h 00m 01.937s,    000h 08m 09.912s
259,    1960,    491872,    000h 00m 01.960s,    000h 08m 11.872s
260,    2106,    493978,    000h 00m 02.106s,    000h 08m 13.978s
261,    2082,    496060,    000h 00m 02.082s,    000h 08m 16.060s
262,    2177,    498237,    000h 00m 02.177s,    000h 08m 18.237s
263,    2231,    500468,    000h 00m 02.231s,    000h 08m 20.468s
264,    2035,    502503,    000h 00m 02.035s,    000h 08m 22.503s
265,    2100,    504603,    000h 00m 02.100s,    000h 08m 24.603s
266,    2183,    506786,    000h 00m 02.183s,    000h 08m 26.786s
267,    1686,    508472,    000h 00m 01.686s,    000h 08m 28.472s
268,    1956,    510428,    000h 00m 01.956s,    000h 08m 30.428s
269,    2109,    512537,    000h 00m 02.109s,    000h 08m 32.537s
270,    1954,    514491,    000h 00m 01.954s,    000h 08m 34.491s
271,    2212,    516703,    000h 00m 02.212s,    000h 08m 36.703s
272,    2059,    518762,    000h 00m 02.059s,    000h 08m 38.762s
273,    2100,    520862,    000h 00m 02.100s,    000h 08m 40.862s
274,    2095,    522957,    000h 00m 02.095s,    000h 08m 42.957s
275,    2109,    525066,    000h 00m 02.109s,    000h 08m 45.066s
276,    2158,    527224,    000h 00m 02.158s,    000h 08m 47.224s
277,    1931,    529155,    000h 00m 01.931s,    000h 08m 49.155s
278,    2114,    531269,    000h 00m 02.114s,    000h 08m 51.269s
279,    2175,    533444,    000h 00m 02.175s,    000h 08m 53.444s
280,    1749,    535193,    000h 00m 01.749s,    000h 08m 55.193s
281,    2148,    537341,    000h 00m 02.148s,    000h 08m 57.341s
282,    2122,    539463,    000h 00m 02.122s,    000h 08m 59.463s
283,    2153,    541616,    000h 00m 02.153s,    000h 09m 01.616s
284,    2143,    543759,    000h 00m 02.143s,    000h 09m 03.759s
285,    2154,    545913,    000h 00m 02.154s,    000h 09m 05.913s
286,    2146,    548059,    000h 00m 02.146s,    000h 09m 08.059s
287,    2165,    550224,    000h 00m 02.165s,    000h 09m 10.224s
288,    1701,    551925,    000h 00m 01.701s,    000h 09m 11.925s
289,    1990,    553915,    000h 00m 01.990s,    000h 09m 13.915s
290,    1974,    555889,    000h 00m 01.974s,    000h 09m 15.889s
291,    2197,    558086,    000h 00m 02.197s,    000h 09m 18.086s
292,    2045,    560131,    000h 00m 02.045s,    000h 09m 20.131s
293,    2143,    562274,    000h 00m 02.143s,    000h 09m 22.274s
294,    1887,    564161,    000h 00m 01.887s,    000h 09m 24.161s
295,    1970,    566131,    000h 00m 01.970s,    000h 09m 26.131s
296,    1962,    568093,    000h 00m 01.962s,    000h 09m 28.093s
297,    2023,    570116,    000h 00m 02.023s,    000h 09m 30.116s
298,    2161,    572277,    000h 00m 02.161s,    000h 09m 32.277s
299,    2198,    574475,    000h 00m 02.198s,    000h 09m 34.475s
300,    2001,    576476,    000h 00m 02.001s,    000h 09m 36.476s
301,    2185,    578661,    000h 00m 02.185s,    000h 09m 38.661s
302,    2043,    580704,    000h 00m 02.043s,    000h 09m 40.704s
303,    1970,    582674,    000h 00m 01.970s,    000h 09m 42.674s
304,    2041,    584715,    000h 00m 02.041s,    000h 09m 44.715s
305,    1975,    586690,    000h 00m 01.975s,    000h 09m 46.690s
306,    2010,    588700,    000h 00m 02.010s,    000h 09m 48.700s
307,    2086,    590786,    000h 00m 02.086s,    000h 09m 50.786s
308,    1920,    592706,    000h 00m 01.920s,    000h 09m 52.706s
309,    2198,    594904,    000h 00m 02.198s,    000h 09m 54.904s
310,    2183,    597087,    000h 00m 02.183s,    000h 09m 57.087s
311,    2052,    599139,    000h 00m 02.052s,    000h 09m 59.139s
312,    2062,    601201,    000h 00m 02.062s,    000h 10m 01.201s
313,    1957,    603158,    000h 00m 01.957s,    000h 10m 03.158s
314,    1744,    604902,    000h 00m 01.744s,    000h 10m 04.902s
315,    1929,    606831,    000h 00m 01.929s,    000h 10m 06.831s
316,    1945,    608776,    000h 00m 01.945s,    000h 10m 08.776s
317,    2156,    610932,    000h 00m 02.156s,    000h 10m 10.932s
318,    2048,    612980,    000h 00m 02.048s,    000h 10m 12.980s
319,    2246,    615226,    000h 00m 02.246s,    000h 10m 15.226s
320,    1969,    617195,    000h 00m 01.969s,    000h 10m 17.195s
321,    2011,    619206,    000h 00m 02.011s,    000h 10m 19.206s
322,    2201,    621407,    000h 00m 02.201s,    000h 10m 21.407s
323,    2166,    623573,    000h 00m 02.166s,    000h 10m 23.573s
324,    2103,    625676,    000h 00m 02.103s,    000h 10m 25.676s
325,    1911,    627587,    000h 00m 01.911s,    000h 10m 27.587s
326,    2096,    629683,    000h 00m 02.096s,    000h 10m 29.683s
327,    2147,    631830,    000h 00m 02.147s,    000h 10m 31.830s
328,    2064,    633894,    000h 00m 02.064s,    000h 10m 33.894s
329,    2156,    636050,    000h 00m 02.156s,    000h 10m 36.050s
330,    2149,    638199,    000h 00m 02.149s,    000h 10m 38.199s
331,    2229,    640428,    000h 00m 02.229s,    000h 10m 40.428s
332,    2240,    642668,    000h 00m 02.240s,    000h 10m 42.668s
333,    1808,    644476,    000h 00m 01.808s,    000h 10m 44.476s
334,    2111,    646587,    000h 00m 02.111s,    000h 10m 46.587s
335,    2241,    648828,    000h 00m 02.241s,    000h 10m 48.828s
336,    2358,    651186,    000h 00m 02.358s,    000h 10m 51.186s
337,    2015,    653201,    000h 00m 02.015s,    000h 10m 53.201s
338,    2156,    655357,    000h 00m 02.156s,    000h 10m 55.357s
339,    2236,    657593,    000h 00m 02.236s,    000h 10m 57.593s
340,    2032,    659625,    000h 00m 02.032s,    000h 10m 59.625s
341,    2111,    661736,    000h 00m 02.111s,    000h 11m 01.736s
342,    2228,    663964,    000h 00m 02.228s,    000h 11m 03.964s
343,    2165,    666129,    000h 00m 02.165s,    000h 11m 06.129s
344,    2311,    668440,    000h 00m 02.311s,    000h 11m 08.440s
345,    2134,    670574,    000h 00m 02.134s,    000h 11m 10.574s
346,    2145,    672719,    000h 00m 02.145s,    000h 11m 12.719s
347,    2229,    674948,    000h 00m 02.229s,    000h 11m 14.948s
348,    2220,    677168,    000h 00m 02.220s,    000h 11m 17.168s
349,    2076,    679244,    000h 00m 02.076s,    000h 11m 19.244s
350,    2219,    681463,    000h 00m 02.219s,    000h 11m 21.463s
351,    2265,    683728,    000h 00m 02.265s,    000h 11m 23.728s
352,    1895,    685623,    000h 00m 01.895s,    000h 11m 25.623s
353,    2069,    687692,    000h 00m 02.069s,    000h 11m 27.692s
354,    2183,    689875,    000h 00m 02.183s,    000h 11m 29.875s
355,    2214,    692089,    000h 00m 02.214s,    000h 11m 32.089s
356,    2291,    694380,    000h 00m 02.291s,    000h 11m 34.380s
357,    2043,    696423,    000h 00m 02.043s,    000h 11m 36.423s
358,    2299,    698722,    000h 00m 02.299s,    000h 11m 38.722s
359,    2095,    700817,    000h 00m 02.095s,    000h 11m 40.817s
360,    2215,    703032,    000h 00m 02.215s,    000h 11m 43.032s
361,    2220,    705252,    000h 00m 02.220s,    000h 11m 45.252s
362,    2085,    707337,    000h 00m 02.085s,    000h 11m 47.337s
363,    2092,    709429,    000h 00m 02.092s,    000h 11m 49.429s
364,    2298,    711727,    000h 00m 02.298s,    000h 11m 51.727s
365,    2082,    713809,    000h 00m 02.082s,    000h 11m 53.809s
366,    2208,    716017,    000h 00m 02.208s,    000h 11m 56.017s
367,    1676,    717693,    000h 00m 01.676s,    000h 11m 57.693s
368,    2144,    719837,    000h 00m 02.144s,    000h 11m 59.837s
369,    2073,    721910,    000h 00m 02.073s,    000h 12m 01.910s
370,    2256,    724166,    000h 00m 02.256s,    000h 12m 04.166s
371,    1999,    726165,    000h 00m 01.999s,    000h 12m 06.165s
372,    1936,    728101,    000h 00m 01.936s,    000h 12m 08.101s
373,    2278,    730379,    000h 00m 02.278s,    000h 12m 10.379s
374,    2235,    732614,    000h 00m 02.235s,    000h 12m 12.614s
375,    2283,    734897,    000h 00m 02.283s,    000h 12m 14.897s
376,    2301,    737198,    000h 00m 02.301s,    000h 12m 17.198s
377,    2057,    739255,    000h 00m 02.057s,    000h 12m 19.255s
378,    2101,    741356,    000h 00m 02.101s,    000h 12m 21.356s
379,    2115,    743471,    000h 00m 02.115s,    000h 12m 23.471s
380,    2258,    745729,    000h 00m 02.258s,    000h 12m 25.729s
381,    2066,    747795,    000h 00m 02.066s,    000h 12m 27.795s
382,    2332,    750127,    000h 00m 02.332s,    000h 12m 30.127s
383,    2010,    752137,    000h 00m 02.010s,    000h 12m 32.137s
384,    2265,    754402,    000h 00m 02.265s,    000h 12m 34.402s
385,    2304,    756706,    000h 00m 02.304s,    000h 12m 36.706s
386,    2222,    758928,    000h 00m 02.222s,    000h 12m 38.928s
387,    2252,    761180,    000h 00m 02.252s,    000h 12m 41.180s
388,    2155,    763335,    000h 00m 02.155s,    000h 12m 43.335s
389,    2099,    765434,    000h 00m 02.099s,    000h 12m 45.434s
390,    2135,    767569,    000h 00m 02.135s,    000h 12m 47.569s
391,    1966,    769535,    000h 00m 01.966s,    000h 12m 49.535s
392,    2051,    771586,    000h 00m 02.051s,    000h 12m 51.586s
393,    2169,    773755,    000h 00m 02.169s,    000h 12m 53.755s
394,    2241,    775996,    000h 00m 02.241s,    000h 12m 55.996s
395,    2110,    778106,    000h 00m 02.110s,    000h 12m 58.106s
396,    2295,    780401,    000h 00m 02.295s,    000h 13m 00.401s
397,    2283,    782684,    000h 00m 02.283s,    000h 13m 02.684s
398,    2131,    784815,    000h 00m 02.131s,    000h 13m 04.815s
399,    1744,    786559,    000h 00m 01.744s,    000h 13m 06.559s
400,    2301,    788860,    000h 00m 02.301s,    000h 13m 08.860s
401,    2227,    791087,    000h 00m 02.227s,    000h 13m 11.087s
402,    2028,    793115,    000h 00m 02.028s,    000h 13m 13.115s
403,    2325,    795440,    000h 00m 02.325s,    000h 13m 15.440s
404,    2103,    797543,    000h 00m 02.103s,    000h 13m 17.543s
405,    2190,    799733,    000h 00m 02.190s,    000h 13m 19.733s
406,    2083,    801816,    000h 00m 02.083s,    000h 13m 21.816s
407,    2187,    804003,    000h 00m 02.187s,    000h 13m 24.003s
408,    2055,    806058,    000h 00m 02.055s,    000h 13m 26.058s
409,    2257,    808315,    000h 00m 02.257s,    000h 13m 28.315s
410,    1959,    810274,    000h 00m 01.959s,    000h 13m 30.274s
411,    2120,    812394,    000h 00m 02.120s,    000h 13m 32.394s
412,    2219,    814613,    000h 00m 02.219s,    000h 13m 34.613s
413,    2040,    816653,    000h 00m 02.040s,    000h 13m 36.653s
414,    2229,    818882,    000h 00m 02.229s,    000h 13m 38.882s
415,    2240,    821122,    000h 00m 02.240s,    000h 13m 41.122s
416,    1763,    822885,    000h 00m 01.763s,    000h 13m 42.885s
417,    2203,    825088,    000h 00m 02.203s,    000h 13m 45.088s
418,    2214,    827302,    000h 00m 02.214s,    000h 13m 47.302s
419,    2080,    829382,    000h 00m 02.080s,    000h 13m 49.382s
420,    2153,    831535,    000h 00m 02.153s,    000h 13m 51.535s
421,    2260,    833795,    000h 00m 02.260s,    000h 13m 53.795s
422,    2189,    835984,    000h 00m 02.189s,    000h 13m 55.984s
423,    2206,    838190,    000h 00m 02.206s,    000h 13m 58.190s
424,    1980,    840170,    000h 00m 01.980s,    000h 14m 00.170s
425,    2294,    842464,    000h 00m 02.294s,    000h 14m 02.464s
426,    2263,    844727,    000h 00m 02.263s,    000h 14m 04.727s
427,    2195,    846922,    000h 00m 02.195s,    000h 14m 06.922s
428,    2200,    849122,    000h 00m 02.200s,    000h 14m 09.122s
429,    1995,    851117,    000h 00m 01.995s,    000h 14m 11.117s
430,    2293,    853410,    000h 00m 02.293s,    000h 14m 13.410s
431,    2320,    855730,    000h 00m 02.320s,    000h 14m 15.730s
432,    1997,    857727,    000h 00m 01.997s,    000h 14m 17.727s
433,    2070,    859797,    000h 00m 02.070s,    000h 14m 19.797s
434,    2195,    861992,    000h 00m 02.195s,    000h 14m 21.992s
435,    2096,    864088,    000h 00m 02.096s,    000h 14m 24.088s
436,    2230,    866318,    000h 00m 02.230s,    000h 14m 26.318s
437,    2295,    868613,    000h 00m 02.295s,    000h 14m 28.613s
438,    2166,    870779,    000h 00m 02.166s,    000h 14m 30.779s
439,    2091,    872870,    000h 00m 02.091s,    000h 14m 32.870s
440,    2175,    875045,    000h 00m 02.175s,    000h 14m 35.045s
441,    2080,    877125,    000h 00m 02.080s,    000h 14m 37.125s
442,    2245,    879370,    000h 00m 02.245s,    000h 14m 39.370s
443,    2136,    881506,    000h 00m 02.136s,    000h 14m 41.506s
444,    2089,    883595,    000h 00m 02.089s,    000h 14m 43.595s
445,    2012,    885607,    000h 00m 02.012s,    000h 14m 45.607s
446,    2307,    887914,    000h 00m 02.307s,    000h 14m 47.914s
447,    2296,    890210,    000h 00m 02.296s,    000h 14m 50.210s
448,    2190,    892400,    000h 00m 02.190s,    000h 14m 52.400s
449,    2060,    894460,    000h 00m 02.060s,    000h 14m 54.460s
450,    2128,    896588,    000h 00m 02.128s,    000h 14m 56.588s
451,    2044,    898632,    000h 00m 02.044s,    000h 14m 58.632s
452,    2167,    900799,    000h 00m 02.167s,    000h 15m 00.799s
453,    2020,    902819,    000h 00m 02.020s,    000h 15m 02.819s
454,    2268,    905087,    000h 00m 02.268s,    000h 15m 05.087s
455,    2036,    907123,    000h 00m 02.036s,    000h 15m 07.123s
456,    2017,    909140,    000h 00m 02.017s,    000h 15m 09.140s
457,    2113,    911253,    000h 00m 02.113s,    000h 15m 11.253s
458,    2228,    913481,    000h 00m 02.228s,    000h 15m 13.481s
459,    2092,    915573,    000h 00m 02.092s,    000h 15m 15.573s
460,    2244,    917817,    000h 00m 02.244s,    000h 15m 17.817s
461,    2208,    920025,    000h 00m 02.208s,    000h 15m 20.025s
462,    2206,    922231,    000h 00m 02.206s,    000h 15m 22.231s
463,    2223,    924454,    000h 00m 02.223s,    000h 15m 24.454s
464,    2263,    926717,    000h 00m 02.263s,    000h 15m 26.717s
465,    2028,    928745,    000h 00m 02.028s,    000h 15m 28.745s
466,    2268,    931013,    000h 00m 02.268s,    000h 15m 31.013s
467,    2289,    933302,    000h 00m 02.289s,    000h 15m 33.302s
468,    2172,    935474,    000h 00m 02.172s,    000h 15m 35.474s
469,    2234,    937708,    000h 00m 02.234s,    000h 15m 37.708s
470,    2181,    939889,    000h 00m 02.181s,    000h 15m 39.889s
471,    2012,    941901,    000h 00m 02.012s,    000h 15m 41.901s
472,    2298,    944199,    000h 00m 02.298s,    000h 15m 44.199s
473,    2191,    946390,    000h 00m 02.191s,    000h 15m 46.390s
474,    2238,    948628,    000h 00m 02.238s,    000h 15m 48.628s
475,    2068,    950696,    000h 00m 02.068s,    000h 15m 50.696s
476,    2152,    952848,    000h 00m 02.152s,    000h 15m 52.848s
477,    2217,    955065,    000h 00m 02.217s,    000h 15m 55.065s
478,    1693,    956758,    000h 00m 01.693s,    000h 15m 56.758s
479,    2180,    958938,    000h 00m 02.180s,    000h 15m 58.938s
480,    2240,    961178,    000h 00m 02.240s,    000h 16m 01.178s
481,    2021,    963199,    000h 00m 02.021s,    000h 16m 03.199s
482,    2178,    965377,    000h 00m 02.178s,    000h 16m 05.377s
483,    2149,    967526,    000h 00m 02.149s,    000h 16m 07.526s
484,    2048,    969574,    000h 00m 02.048s,    000h 16m 09.574s
485,    2116,    971690,    000h 00m 02.116s,    000h 16m 11.690s
486,    2055,    973745,    000h 00m 02.055s,    000h 16m 13.745s
487,    2143,    975888,    000h 00m 02.143s,    000h 16m 15.888s
488,    2214,    978102,    000h 00m 02.214s,    000h 16m 18.102s
489,    2164,    980266,    000h 00m 02.164s,    000h 16m 20.266s
490,    2217,    982483,    000h 00m 02.217s,    000h 16m 22.483s
491,    2223,    984706,    000h 00m 02.223s,    000h 16m 24.706s
492,    2211,    986917,    000h 00m 02.211s,    000h 16m 26.917s
493,    2232,    989149,    000h 00m 02.232s,    000h 16m 29.149s
494,    2256,    991405,    000h 00m 02.256s,    000h 16m 31.405s
495,    2258,    993663,    000h 00m 02.258s,    000h 16m 33.663s
496,    2209,    995872,    000h 00m 02.209s,    000h 16m 35.872s
497,    2028,    997900,    000h 00m 02.028s,    000h 16m 37.900s
498,    2108,    1000008,    000h 00m 02.108s,    000h 16m 40.008s
499,    2225,    1002233,    000h 00m 02.225s,    000h 16m 42.233s
500,    2122,    1004355,    000h 00m 02.122s,    000h 16m 44.355s
501,    1780,    1006135,    000h 00m 01.780s,    000h 16m 46.135s
502,    2177,    1008312,    000h 00m 02.177s,    000h 16m 48.312s
503,    2301,    1010613,    000h 00m 02.301s,    000h 16m 50.613s
504,    2058,    1012671,    000h 00m 02.058s,    000h 16m 52.671s
505,    2063,    1014734,    000h 00m 02.063s,    000h 16m 54.734s
506,    2279,    1017013,    000h 00m 02.279s,    000h 16m 57.013s
507,    2175,    1019188,    000h 00m 02.175s,    000h 16m 59.188s
508,    2198,    1021386,    000h 00m 02.198s,    000h 17m 01.386s
509,    2240,    1023626,    000h 00m 02.240s,    000h 17m 03.626s
510,    2254,    1025880,    000h 00m 02.254s,    000h 17m 05.880s
511,    2149,    1028029,    000h 00m 02.149s,    000h 17m 08.029s
512,    2170,    1030199,    000h 00m 02.170s,    000h 17m 10.199s
513,    2115,    1032314,    000h 00m 02.115s,    000h 17m 12.314s
514,    2297,    1034611,    000h 00m 02.297s,    000h 17m 14.611s
515,    2262,    1036873,    000h 00m 02.262s,    000h 17m 16.873s
516,    2108,    1038981,    000h 00m 02.108s,    000h 17m 18.981s
517,    2288,    1041269,    000h 00m 02.288s,    000h 17m 21.269s
518,    2333,    1043602,    000h 00m 02.333s,    000h 17m 23.602s
519,    2006,    1045608,    000h 00m 02.006s,    000h 17m 25.608s
520,    2225,    1047833,    000h 00m 02.225s,    000h 17m 27.833s
521,    1983,    1049816,    000h 00m 01.983s,    000h 17m 29.816s
522,    2184,    1052000,    000h 00m 02.184s,    000h 17m 32.000s
523,    2004,    1054004,    000h 00m 02.004s,    000h 17m 34.004s
524,    2211,    1056215,    000h 00m 02.211s,    000h 17m 36.215s
525,    2051,    1058266,    000h 00m 02.051s,    000h 17m 38.266s
526,    2346,    1060612,    000h 00m 02.346s,    000h 17m 40.612s
527,    1977,    1062589,    000h 00m 01.977s,    000h 17m 42.589s
528,    2040,    1064629,    000h 00m 02.040s,    000h 17m 44.629s
529,    1963,    1066592,    000h 00m 01.963s,    000h 17m 46.592s
530,    2279,    1068871,    000h 00m 02.279s,    000h 17m 48.871s
531,    2143,    1071014,    000h 00m 02.143s,    000h 17m 51.014s
532,    2237,    1073251,    000h 00m 02.237s,    000h 17m 53.251s
533,    2157,    1075408,    000h 00m 02.157s,    000h 17m 55.408s
534,    2169,    1077577,    000h 00m 02.169s,    000h 17m 57.577s
535,    2171,    1079748,    000h 00m 02.171s,    000h 17m 59.748s
536,    2127,    1081875,    000h 00m 02.127s,    000h 18m 01.875s
537,    2072,    1083947,    000h 00m 02.072s,    000h 18m 03.947s
538,    2074,    1086021,    000h 00m 02.074s,    000h 18m 06.021s
539,    2300,    1088321,    000h 00m 02.300s,    000h 18m 08.321s
540,    2241,    1090562,    000h 00m 02.241s,    000h 18m 10.562s
541,    2061,    1092623,    000h 00m 02.061s,    000h 18m 12.623s
542,    2118,    1094741,    000h 00m 02.118s,    000h 18m 14.741s
543,    2229,    1096970,    000h 00m 02.229s,    000h 18m 16.970s
544,    2138,    1099108,    000h 00m 02.138s,    000h 18m 19.108s
545,    2116,    1101224,    000h 00m 02.116s,    000h 18m 21.224s
546,    2243,    1103467,    000h 00m 02.243s,    000h 18m 23.467s
547,    2193,    1105660,    000h 00m 02.193s,    000h 18m 25.660s
548,    2185,    1107845,    000h 00m 02.185s,    000h 18m 27.845s
549,    2217,    1110062,    000h 00m 02.217s,    000h 18m 30.062s
550,    2238,    1112300,    000h 00m 02.238s,    000h 18m 32.300s
551,    2139,    1114439,    000h 00m 02.139s,    000h 18m 34.439s
552,    2121,    1116560,    000h 00m 02.121s,    000h 18m 36.560s
553,    2176,    1118736,    000h 00m 02.176s,    000h 18m 38.736s
554,    2154,    1120890,    000h 00m 02.154s,    000h 18m 40.890s
555,    2135,    1123025,    000h 00m 02.135s,    000h 18m 43.025s
556,    2017,    1125042,    000h 00m 02.017s,    000h 18m 45.042s
557,    2167,    1127209,    000h 00m 02.167s,    000h 18m 47.209s
558,    2048,    1129257,    000h 00m 02.048s,    000h 18m 49.257s
559,    2130,    1131387,    000h 00m 02.130s,    000h 18m 51.387s
560,    2033,    1133420,    000h 00m 02.033s,    000h 18m 53.420s
561,    2099,    1135519,    000h 00m 02.099s,    000h 18m 55.519s
562,    2105,    1137624,    000h 00m 02.105s,    000h 18m 57.624s
563,    2320,    1139944,    000h 00m 02.320s,    000h 18m 59.944s
564,    2256,    1142200,    000h 00m 02.256s,    000h 19m 02.200s
565,    2008,    1144208,    000h 00m 02.008s,    000h 19m 04.208s
566,    2100,    1146308,    000h 00m 02.100s,    000h 19m 06.308s
567,    1780,    1148088,    000h 00m 01.780s,    000h 19m 08.088s
568,    2250,    1150338,    000h 00m 02.250s,    000h 19m 10.338s
569,    2044,    1152382,    000h 00m 02.044s,    000h 19m 12.382s
570,    2090,    1154472,    000h 00m 02.090s,    000h 19m 14.472s
571,    2035,    1156507,    000h 00m 02.035s,    000h 19m 16.507s
572,    1778,    1158285,    000h 00m 01.778s,    000h 19m 18.285s
573,    2248,    1160533,    000h 00m 02.248s,    000h 19m 20.533s
574,    2212,    1162745,    000h 00m 02.212s,    000h 19m 22.745s
575,    2224,    1164969,    000h 00m 02.224s,    000h 19m 24.969s
576,    2268,    1167237,    000h 00m 02.268s,    000h 19m 27.237s
577,    1791,    1169028,    000h 00m 01.791s,    000h 19m 29.028s
578,    2210,    1171238,    000h 00m 02.210s,    000h 19m 31.238s
579,    2186,    1173424,    000h 00m 02.186s,    000h 19m 33.424s
580,    2107,    1175531,    000h 00m 02.107s,    000h 19m 35.531s
581,    2166,    1177697,    000h 00m 02.166s,    000h 19m 37.697s
582,    2218,    1179915,    000h 00m 02.218s,    000h 19m 39.915s
583,    2031,    1181946,    000h 00m 02.031s,    000h 19m 41.946s
584,    2015,    1183961,    000h 00m 02.015s,    000h 19m 43.961s
585,    2244,    1186205,    000h 00m 02.244s,    000h 19m 46.205s
586,    2064,    1188269,    000h 00m 02.064s,    000h 19m 48.269s
587,    2140,    1190409,    000h 00m 02.140s,    000h 19m 50.409s
588,    2298,    1192707,    000h 00m 02.298s,    000h 19m 52.707s
589,    2271,    1194978,    000h 00m 02.271s,    000h 19m 54.978s
590,    2037,    1197015,    000h 00m 02.037s,    000h 19m 57.015s
591,    2136,    1199151,    000h 00m 02.136s,    000h 19m 59.151s
592,    2188,    1201339,    000h 00m 02.188s,    000h 20m 01.339s
593,    2234,    1203573,    000h 00m 02.234s,    000h 20m 03.573s
594,    2080,    1205653,    000h 00m 02.080s,    000h 20m 05.653s
595,    2182,    1207835,    000h 00m 02.182s,    000h 20m 07.835s
596,    1967,    1209802,    000h 00m 01.967s,    000h 20m 09.802s
597,    2030,    1211832,    000h 00m 02.030s,    000h 20m 11.832s
598,    2013,    1213845,    000h 00m 02.013s,    000h 20m 13.845s
599,    2087,    1215932,    000h 00m 02.087s,    000h 20m 15.932s
600,    2258,    1218190,    000h 00m 02.258s,    000h 20m 18.190s
601,    2049,    1220239,    000h 00m 02.049s,    000h 20m 20.239s
602,    2143,    1222382,    000h 00m 02.143s,    000h 20m 22.382s
603,    2182,    1224564,    000h 00m 02.182s,    000h 20m 24.564s
604,    2292,    1226856,    000h 00m 02.292s,    000h 20m 26.856s
605,    2140,    1228996,    000h 00m 02.140s,    000h 20m 28.996s
606,    2075,    1231071,    000h 00m 02.075s,    000h 20m 31.071s
607,    2217,    1233288,    000h 00m 02.217s,    000h 20m 33.288s
608,    1978,    1235266,    000h 00m 01.978s,    000h 20m 35.266s
609,    2028,    1237294,    000h 00m 02.028s,    000h 20m 37.294s
610,    2242,    1239536,    000h 00m 02.242s,    000h 20m 39.536s
611,    2198,    1241734,    000h 00m 02.198s,    000h 20m 41.734s
612,    2210,    1243944,    000h 00m 02.210s,    000h 20m 43.944s
613,    2193,    1246137,    000h 00m 02.193s,    000h 20m 46.137s
614,    2151,    1248288,    000h 00m 02.151s,    000h 20m 48.288s
615,    2128,    1250416,    000h 00m 02.128s,    000h 20m 50.416s
616,    2036,    1252452,    000h 00m 02.036s,    000h 20m 52.452s
617,    2059,    1254511,    000h 00m 02.059s,    000h 20m 54.511s
618,    2052,    1256563,    000h 00m 02.052s,    000h 20m 56.563s
619,    2197,    1258760,    000h 00m 02.197s,    000h 20m 58.760s
620,    1971,    1260731,    000h 00m 01.971s,    000h 21m 00.731s
621,    2083,    1262814,    000h 00m 02.083s,    000h 21m 02.814s
622,    1980,    1264794,    000h 00m 01.980s,    000h 21m 04.794s
623,    2197,    1266991,    000h 00m 02.197s,    000h 21m 06.991s
624,    2113,    1269104,    000h 00m 02.113s,    000h 21m 09.104s
625,    2022,    1271126,    000h 00m 02.022s,    000h 21m 11.126s
626,    1993,    1273119,    000h 00m 01.993s,    000h 21m 13.119s
627,    2077,    1275196,    000h 00m 02.077s,    000h 21m 15.196s
628,    2215,    1277411,    000h 00m 02.215s,    000h 21m 17.411s
629,    2188,    1279599,    000h 00m 02.188s,    000h 21m 19.599s
630,    1946,    1281545,    000h 00m 01.946s,    000h 21m 21.545s
631,    1680,    1283225,    000h 00m 01.680s,    000h 21m 23.225s
632,    2146,    1285371,    000h 00m 02.146s,    000h 21m 25.371s
633,    2216,    1287587,    000h 00m 02.216s,    000h 21m 27.587s
634,    1976,    1289563,    000h 00m 01.976s,    000h 21m 29.563s
635,    1660,    1291223,    000h 00m 01.660s,    000h 21m 31.223s
636,    1981,    1293204,    000h 00m 01.981s,    000h 21m 33.204s
637,    2233,    1295437,    000h 00m 02.233s,    000h 21m 35.437s
638,    2207,    1297644,    000h 00m 02.207s,    000h 21m 37.644s
639,    2099,    1299743,    000h 00m 02.099s,    000h 21m 39.743s
640,    2021,    1301764,    000h 00m 02.021s,    000h 21m 41.764s
641,    2028,    1303792,    000h 00m 02.028s,    000h 21m 43.792s
642,    2070,    1305862,    000h 00m 02.070s,    000h 21m 45.862s
643,    1958,    1307820,    000h 00m 01.958s,    000h 21m 47.820s
644,    2079,    1309899,    000h 00m 02.079s,    000h 21m 49.899s
645,    1948,    1311847,    000h 00m 01.948s,    000h 21m 51.847s
646,    2178,    1314025,    000h 00m 02.178s,    000h 21m 54.025s
647,    1985,    1316010,    000h 00m 01.985s,    000h 21m 56.010s
648,    1612,    1317622,    000h 00m 01.612s,    000h 21m 57.622s
649,    1987,    1319609,    000h 00m 01.987s,    000h 21m 59.609s
650,    1934,    1321543,    000h 00m 01.934s,    000h 22m 01.543s
651,    2158,    1323701,    000h 00m 02.158s,    000h 22m 03.701s
652,    2016,    1325717,    000h 00m 02.016s,    000h 22m 05.717s
653,    2177,    1327894,    000h 00m 02.177s,    000h 22m 07.894s
654,    1975,    1329869,    000h 00m 01.975s,    000h 22m 09.869s
655,    1980,    1331849,    000h 00m 01.980s,    000h 22m 11.849s
656,    2137,    1333986,    000h 00m 02.137s,    000h 22m 13.986s
657,    2045,    1336031,    000h 00m 02.045s,    000h 22m 16.031s
658,    2181,    1338212,    000h 00m 02.181s,    000h 22m 18.212s
659,    2195,    1340407,    000h 00m 02.195s,    000h 22m 20.407s
660,    2133,    1342540,    000h 00m 02.133s,    000h 22m 22.540s
661,    2222,    1344762,    000h 00m 02.222s,    000h 22m 24.762s
662,    2139,    1346901,    000h 00m 02.139s,    000h 22m 26.901s
663,    1920,    1348821,    000h 00m 01.920s,    000h 22m 28.821s
664,    2140,    1350961,    000h 00m 02.140s,    000h 22m 30.961s
665,    1910,    1352871,    000h 00m 01.910s,    000h 22m 32.871s
666,    2200,    1355071,    000h 00m 02.200s,    000h 22m 35.071s
667,    1903,    1356974,    000h 00m 01.903s,    000h 22m 36.974s
668,    2131,    1359105,    000h 00m 02.131s,    000h 22m 39.105s
669,    2130,    1361235,    000h 00m 02.130s,    000h 22m 41.235s
670,    2035,    1363270,    000h 00m 02.035s,    000h 22m 43.270s
671,    2215,    1365485,    000h 00m 02.215s,    000h 22m 45.485s
672,    2095,    1367580,    000h 00m 02.095s,    000h 22m 47.580s
673,    2127,    1369707,    000h 00m 02.127s,    000h 22m 49.707s
674,    2066,    1371773,    000h 00m 02.066s,    000h 22m 51.773s
675,    1937,    1373710,    000h 00m 01.937s,    000h 22m 53.710s
676,    2075,    1375785,    000h 00m 02.075s,    000h 22m 55.785s
677,    2202,    1377987,    000h 00m 02.202s,    000h 22m 57.987s
678,    2200,    1380187,    000h 00m 02.200s,    000h 23m 00.187s
679,    2061,    1382248,    000h 00m 02.061s,    000h 23m 02.248s
680,    2096,    1384344,    000h 00m 02.096s,    000h 23m 04.344s
681,    2075,    1386419,    000h 00m 02.075s,    000h 23m 06.419s
682,    2080,    1388499,    000h 00m 02.080s,    000h 23m 08.499s
683,    2050,    1390549,    000h 00m 02.050s,    000h 23m 10.549s
684,    2168,    1392717,    000h 00m 02.168s,    000h 23m 12.717s
685,    1913,    1394630,    000h 00m 01.913s,    000h 23m 14.630s
686,    1961,    1396591,    000h 00m 01.961s,    000h 23m 16.591s
687,    2189,    1398780,    000h 00m 02.189s,    000h 23m 18.780s
688,    2152,    1400932,    000h 00m 02.152s,    000h 23m 20.932s
689,    2096,    1403028,    000h 00m 02.096s,    000h 23m 23.028s
690,    2030,    1405058,    000h 00m 02.030s,    000h 23m 25.058s
691,    2131,    1407189,    000h 00m 02.131s,    000h 23m 27.189s
692,    1973,    1409162,    000h 00m 01.973s,    000h 23m 29.162s
693,    2142,    1411304,    000h 00m 02.142s,    000h 23m 31.304s
694,    1966,    1413270,    000h 00m 01.966s,    000h 23m 33.270s
695,    2101,    1415371,    000h 00m 02.101s,    000h 23m 35.371s
696,    1647,    1417018,    000h 00m 01.647s,    000h 23m 37.018s
697,    2008,    1419026,    000h 00m 02.008s,    000h 23m 39.026s
698,    1688,    1420714,    000h 00m 01.688s,    000h 23m 40.714s
699,    2159,    1422873,    000h 00m 02.159s,    000h 23m 42.873s
700,    1969,    1424842,    000h 00m 01.969s,    000h 23m 44.842s
701,    2057,    1426899,    000h 00m 02.057s,    000h 23m 46.899s
702,    2224,    1429123,    000h 00m 02.224s,    000h 23m 49.123s
703,    2038,    1431161,    000h 00m 02.038s,    000h 23m 51.161s
704,    2123,    1433284,    000h 00m 02.123s,    000h 23m 53.284s
705,    2072,    1435356,    000h 00m 02.072s,    000h 23m 55.356s
706,    2081,    1437437,    000h 00m 02.081s,    000h 23m 57.437s
707,    1975,    1439412,    000h 00m 01.975s,    000h 23m 59.412s
708,    2095,    1441507,    000h 00m 02.095s,    000h 24m 01.507s
709,    2035,    1443542,    000h 00m 02.035s,    000h 24m 03.542s
710,    2242,    1445784,    000h 00m 02.242s,    000h 24m 05.784s
711,    1951,    1447735,    000h 00m 01.951s,    000h 24m 07.735s
712,    2121,    1449856,    000h 00m 02.121s,    000h 24m 09.856s
713,    2117,    1451973,    000h 00m 02.117s,    000h 24m 11.973s
714,    1989,    1453962,    000h 00m 01.989s,    000h 24m 13.962s
715,    2062,    1456024,    000h 00m 02.062s,    000h 24m 16.024s
716,    2196,    1458220,    000h 00m 02.196s,    000h 24m 18.220s
717,    2244,    1460464,    000h 00m 02.244s,    000h 24m 20.464s
718,    1719,    1462183,    000h 00m 01.719s,    000h 24m 22.183s
719,    2003,    1464186,    000h 00m 02.003s,    000h 24m 24.186s
720,    1940,    1466126,    000h 00m 01.940s,    000h 24m 26.126s
721,    2161,    1468287,    000h 00m 02.161s,    000h 24m 28.287s
722,    1956,    1470243,    000h 00m 01.956s,    000h 24m 30.243s
723,    2065,    1472308,    000h 00m 02.065s,    000h 24m 32.308s
724,    2161,    1474469,    000h 00m 02.161s,    000h 24m 34.469s
725,    2092,    1476561,    000h 00m 02.092s,    000h 24m 36.561s
726,    2128,    1478689,    000h 00m 02.128s,    000h 24m 38.689s
727,    2014,    1480703,    000h 00m 02.014s,    000h 24m 40.703s
728,    1974,    1482677,    000h 00m 01.974s,    000h 24m 42.677s
729,    2187,    1484864,    000h 00m 02.187s,    000h 24m 44.864s
730,    2207,    1487071,    000h 00m 02.207s,    000h 24m 47.071s
731,    2157,    1489228,    000h 00m 02.157s,    000h 24m 49.228s
732,    1667,    1490895,    000h 00m 01.667s,    000h 24m 50.895s
733,    2215,    1493110,    000h 00m 02.215s,    000h 24m 53.110s
734,    2048,    1495158,    000h 00m 02.048s,    000h 24m 55.158s
735,    1944,    1497102,    000h 00m 01.944s,    000h 24m 57.102s
736,    2006,    1499108,    000h 00m 02.006s,    000h 24m 59.108s
737,    2191,    1501299,    000h 00m 02.191s,    000h 25m 01.299s
738,    2173,    1503472,    000h 00m 02.173s,    000h 25m 03.472s
739,    2203,    1505675,    000h 00m 02.203s,    000h 25m 05.675s
740,    2182,    1507857,    000h 00m 02.182s,    000h 25m 07.857s
741,    2025,    1509882,    000h 00m 02.025s,    000h 25m 09.882s
742,    2104,    1511986,    000h 00m 02.104s,    000h 25m 11.986s
743,    2165,    1514151,    000h 00m 02.165s,    000h 25m 14.151s
744,    2197,    1516348,    000h 00m 02.197s,    000h 25m 16.348s
745,    2066,    1518414,    000h 00m 02.066s,    000h 25m 18.414s
746,    1924,    1520338,    000h 00m 01.924s,    000h 25m 20.338s
747,    2111,    1522449,    000h 00m 02.111s,    000h 25m 22.449s
748,    1931,    1524380,    000h 00m 01.931s,    000h 25m 24.380s
749,    2188,    1526568,    000h 00m 02.188s,    000h 25m 26.568s
750,    1934,    1528502,    000h 00m 01.934s,    000h 25m 28.502s
751,    1725,    1530227,    000h 00m 01.725s,    000h 25m 30.227s
752,    1702,    1531929,    000h 00m 01.702s,    000h 25m 31.929s
753,    1962,    1533891,    000h 00m 01.962s,    000h 25m 33.891s
754,    2159,    1536050,    000h 00m 02.159s,    000h 25m 36.050s
755,    2042,    1538092,    000h 00m 02.042s,    000h 25m 38.092s
756,    2071,    1540163,    000h 00m 02.071s,    000h 25m 40.163s
757,    2251,    1542414,    000h 00m 02.251s,    000h 25m 42.414s
758,    2126,    1544540,    000h 00m 02.126s,    000h 25m 44.540s
759,    2023,    1546563,    000h 00m 02.023s,    000h 25m 46.563s
760,    2074,    1548637,    000h 00m 02.074s,    000h 25m 48.637s
761,    2171,    1550808,    000h 00m 02.171s,    000h 25m 50.808s
762,    2026,    1552834,    000h 00m 02.026s,    000h 25m 52.834s
763,    1912,    1554746,    000h 00m 01.912s,    000h 25m 54.746s
764,    2196,    1556942,    000h 00m 02.196s,    000h 25m 56.942s
765,    2195,    1559137,    000h 00m 02.195s,    000h 25m 59.137s
766,    2157,    1561294,    000h 00m 02.157s,    000h 26m 01.294s
767,    2097,    1563391,    000h 00m 02.097s,    000h 26m 03.391s
768,    2115,    1565506,    000h 00m 02.115s,    000h 26m 05.506s
769,    2149,    1567655,    000h 00m 02.149s,    000h 26m 07.655s
770,    1941,    1569596,    000h 00m 01.941s,    000h 26m 09.596s
771,    1676,    1571272,    000h 00m 01.676s,    000h 26m 11.272s
772,    1976,    1573248,    000h 00m 01.976s,    000h 26m 13.248s
773,    2169,    1575417,    000h 00m 02.169s,    000h 26m 15.417s
774,    2170,    1577587,    000h 00m 02.170s,    000h 26m 17.587s
775,    2126,    1579713,    000h 00m 02.126s,    000h 26m 19.713s
776,    2182,    1581895,    000h 00m 02.182s,    000h 26m 21.895s
777,    1987,    1583882,    000h 00m 01.987s,    000h 26m 23.882s
778,    2204,    1586086,    000h 00m 02.204s,    000h 26m 26.086s
779,    2171,    1588257,    000h 00m 02.171s,    000h 26m 28.257s
780,    2179,    1590436,    000h 00m 02.179s,    000h 26m 30.436s
781,    2196,    1592632,    000h 00m 02.196s,    000h 26m 32.632s
782,    2156,    1594788,    000h 00m 02.156s,    000h 26m 34.788s
783,    2162,    1596950,    000h 00m 02.162s,    000h 26m 36.950s
784,    2220,    1599170,    000h 00m 02.220s,    000h 26m 39.170s
785,    1946,    1601116,    000h 00m 01.946s,    000h 26m 41.116s
786,    2030,    1603146,    000h 00m 02.030s,    000h 26m 43.146s
787,    2143,    1605289,    000h 00m 02.143s,    000h 26m 45.289s
788,    2133,    1607422,    000h 00m 02.133s,    000h 26m 47.422s
789,    1992,    1609414,    000h 00m 01.992s,    000h 26m 49.414s
790,    2017,    1611431,    000h 00m 02.017s,    000h 26m 51.431s
791,    2029,    1613460,    000h 00m 02.029s,    000h 26m 53.460s
792,    2065,    1615525,    000h 00m 02.065s,    000h 26m 55.525s
793,    1967,    1617492,    000h 00m 01.967s,    000h 26m 57.492s
794,    2004,    1619496,    000h 00m 02.004s,    000h 26m 59.496s
795,    2107,    1621603,    000h 00m 02.107s,    000h 27m 01.603s
796,    2233,    1623836,    000h 00m 02.233s,    000h 27m 03.836s
797,    2013,    1625849,    000h 00m 02.013s,    000h 27m 05.849s
798,    1895,    1627744,    000h 00m 01.895s,    000h 27m 07.744s
799,    2138,    1629882,    000h 00m 02.138s,    000h 27m 09.882s
800,    2186,    1632068,    000h 00m 02.186s,    000h 27m 12.068s
801,    2145,    1634213,    000h 00m 02.145s,    000h 27m 14.213s
802,    2164,    1636377,    000h 00m 02.164s,    000h 27m 16.377s
803,    2098,    1638475,    000h 00m 02.098s,    000h 27m 18.475s
804,    1937,    1640412,    000h 00m 01.937s,    000h 27m 20.412s
805,    2236,    1642648,    000h 00m 02.236s,    000h 27m 22.648s
806,    1999,    1644647,    000h 00m 01.999s,    000h 27m 24.647s
807,    2172,    1646819,    000h 00m 02.172s,    000h 27m 26.819s
808,    2104,    1648923,    000h 00m 02.104s,    000h 27m 28.923s
809,    2186,    1651109,    000h 00m 02.186s,    000h 27m 31.109s
810,    2210,    1653319,    000h 00m 02.210s,    000h 27m 33.319s
811,    2069,    1655388,    000h 00m 02.069s,    000h 27m 35.388s
812,    1993,    1657381,    000h 00m 01.993s,    000h 27m 37.381s
813,    1987,    1659368,    000h 00m 01.987s,    000h 27m 39.368s
814,    2208,    1661576,    000h 00m 02.208s,    000h 27m 41.576s
815,    2183,    1663759,    000h 00m 02.183s,    000h 27m 43.759s
816,    2112,    1665871,    000h 00m 02.112s,    000h 27m 45.871s
817,    1945,    1667816,    000h 00m 01.945s,    000h 27m 47.816s
818,    2105,    1669921,    000h 00m 02.105s,    000h 27m 49.921s
819,    2199,    1672120,    000h 00m 02.199s,    000h 27m 52.120s
820,    1990,    1674110,    000h 00m 01.990s,    000h 27m 54.110s
821,    2212,    1676322,    000h 00m 02.212s,    000h 27m 56.322s
822,    2014,    1678336,    000h 00m 02.014s,    000h 27m 58.336s
823,    1970,    1680306,    000h 00m 01.970s,    000h 28m 00.306s
824,    2071,    1682377,    000h 00m 02.071s,    000h 28m 02.377s
825,    2089,    1684466,    000h 00m 02.089s,    000h 28m 04.466s
826,    2185,    1686651,    000h 00m 02.185s,    000h 28m 06.651s
827,    2133,    1688784,    000h 00m 02.133s,    000h 28m 08.784s
828,    2098,    1690882,    000h 00m 02.098s,    000h 28m 10.882s
829,    1952,    1692834,    000h 00m 01.952s,    000h 28m 12.834s
830,    2123,    1694957,    000h 00m 02.123s,    000h 28m 14.957s
831,    2035,    1696992,    000h 00m 02.035s,    000h 28m 16.992s
832,    1958,    1698950,    000h 00m 01.958s,    000h 28m 18.950s
833,    1926,    1700876,    000h 00m 01.926s,    000h 28m 20.876s
834,    1946,    1702822,    000h 00m 01.946s,    000h 28m 22.822s
835,    2121,    1704943,    000h 00m 02.121s,    000h 28m 24.943s
836,    2115,    1707058,    000h 00m 02.115s,    000h 28m 27.058s
837,    2104,    1709162,    000h 00m 02.104s,    000h 28m 29.162s
838,    2013,    1711175,    000h 00m 02.013s,    000h 28m 31.175s
839,    2132,    1713307,    000h 00m 02.132s,    000h 28m 33.307s
840,    2093,    1715400,    000h 00m 02.093s,    000h 28m 35.400s
841,    1661,    1717061,    000h 00m 01.661s,    000h 28m 37.061s
842,    2183,    1719244,    000h 00m 02.183s,    000h 28m 39.244s
843,    1952,    1721196,    000h 00m 01.952s,    000h 28m 41.196s
844,    2125,    1723321,    000h 00m 02.125s,    000h 28m 43.321s
845,    2097,    1725418,    000h 00m 02.097s,    000h 28m 45.418s
846,    2174,    1727592,    000h 00m 02.174s,    000h 28m 47.592s
847,    1921,    1729513,    000h 00m 01.921s,    000h 28m 49.513s
848,    2097,    1731610,    000h 00m 02.097s,    000h 28m 51.610s
849,    2197,    1733807,    000h 00m 02.197s,    000h 28m 53.807s
850,    2164,    1735971,    000h 00m 02.164s,    000h 28m 55.971s
851,    1971,    1737942,    000h 00m 01.971s,    000h 28m 57.942s
852,    2152,    1740094,    000h 00m 02.152s,    000h 29m 00.094s
853,    1670,    1741764,    000h 00m 01.670s,    000h 29m 01.764s
854,    2008,    1743772,    000h 00m 02.008s,    000h 29m 03.772s
855,    2186,    1745958,    000h 00m 02.186s,    000h 29m 05.958s
856,    1924,    1747882,    000h 00m 01.924s,    000h 29m 07.882s
857,    2120,    1750002,    000h 00m 02.120s,    000h 29m 10.002s
858,    1956,    1751958,    000h 00m 01.956s,    000h 29m 11.958s
859,    2212,    1754170,    000h 00m 02.212s,    000h 29m 14.170s
860,    2194,    1756364,    000h 00m 02.194s,    000h 29m 16.364s
861,    2131,    1758495,    000h 00m 02.131s,    000h 29m 18.495s
862,    2083,    1760578,    000h 00m 02.083s,    000h 29m 20.578s
863,    2107,    1762685,    000h 00m 02.107s,    000h 29m 22.685s
864,    2020,    1764705,    000h 00m 02.020s,    000h 29m 24.705s
865,    2090,    1766795,    000h 00m 02.090s,    000h 29m 26.795s
866,    2031,    1768826,    000h 00m 02.031s,    000h 29m 28.826s
867,    1616,    1770442,    000h 00m 01.616s,    000h 29m 30.442s
868,    2169,    1772611,    000h 00m 02.169s,    000h 29m 32.611s
869,    1701,    1774312,    000h 00m 01.701s,    000h 29m 34.312s
870,    2144,    1776456,    000h 00m 02.144s,    000h 29m 36.456s
871,    2128,    1778584,    000h 00m 02.128s,    000h 29m 38.584s
872,    2061,    1780645,    000h 00m 02.061s,    000h 29m 40.645s
873,    2037,    1782682,    000h 00m 02.037s,    000h 29m 42.682s
874,    2112,    1784794,    000h 00m 02.112s,    000h 29m 44.794s
875,    2017,    1786811,    000h 00m 02.017s,    000h 29m 46.811s
876,    2125,    1788936,    000h 00m 02.125s,    000h 29m 48.936s
877,    2161,    1791097,    000h 00m 02.161s,    000h 29m 51.097s
878,    1979,    1793076,    000h 00m 01.979s,    000h 29m 53.076s
879,    2196,    1795272,    000h 00m 02.196s,    000h 29m 55.272s
880,    1973,    1797245,    000h 00m 01.973s,    000h 29m 57.245s
881,    2172,    1799417,    000h 00m 02.172s,    000h 29m 59.417s
882,    2170,    1801587,    000h 00m 02.170s,    000h 30m 01.587s
883,    2114,    1803701,    000h 00m 02.114s,    000h 30m 03.701s
884,    2196,    1805897,    000h 00m 02.196s,    000h 30m 05.897s
885,    2010,    1807907,    000h 00m 02.010s,    000h 30m 07.907s
886,    2090,    1809997,    000h 00m 02.090s,    000h 30m 09.997s
887,    2127,    1812124,    000h 00m 02.127s,    000h 30m 12.124s
888,    2070,    1814194,    000h 00m 02.070s,    000h 30m 14.194s
889,    2099,    1816293,    000h 00m 02.099s,    000h 30m 16.293s
890,    2195,    1818488,    000h 00m 02.195s,    000h 30m 18.488s
891,    2252,    1820740,    000h 00m 02.252s,    000h 30m 20.740s
892,    1983,    1822723,    000h 00m 01.983s,    000h 30m 22.723s
893,    2006,    1824729,    000h 00m 02.006s,    000h 30m 24.729s
894,    2082,    1826811,    000h 00m 02.082s,    000h 30m 26.811s
895,    2134,    1828945,    000h 00m 02.134s,    000h 30m 28.945s
896,    2185,    1831130,    000h 00m 02.185s,    000h 30m 31.130s
897,    2172,    1833302,    000h 00m 02.172s,    000h 30m 33.302s
898,    2234,    1835536,    000h 00m 02.234s,    000h 30m 35.536s
899,    1940,    1837476,    000h 00m 01.940s,    000h 30m 37.476s
900,    2013,    1839489,    000h 00m 02.013s,    000h 30m 39.489s
901,    2182,    1841671,    000h 00m 02.182s,    000h 30m 41.671s
902,    2210,    1843881,    000h 00m 02.210s,    000h 30m 43.881s
903,    2154,    1846035,    000h 00m 02.154s,    000h 30m 46.035s
904,    2126,    1848161,    000h 00m 02.126s,    000h 30m 48.161s
905,    1950,    1850111,    000h 00m 01.950s,    000h 30m 50.111s
906,    2212,    1852323,    000h 00m 02.212s,    000h 30m 52.323s
907,    2072,    1854395,    000h 00m 02.072s,    000h 30m 54.395s
908,    2103,    1856498,    000h 00m 02.103s,    000h 30m 56.498s
909,    2181,    1858679,    000h 00m 02.181s,    000h 30m 58.679s
910,    2159,    1860838,    000h 00m 02.159s,    000h 31m 00.838s
911,    2162,    1863000,    000h 00m 02.162s,    000h 31m 03.000s
912,    1961,    1864961,    000h 00m 01.961s,    000h 31m 04.961s
913,    2175,    1867136,    000h 00m 02.175s,    000h 31m 07.136s
914,    2256,    1869392,    000h 00m 02.256s,    000h 31m 09.392s
915,    2145,    1871537,    000h 00m 02.145s,    000h 31m 11.537s
916,    2165,    1873702,    000h 00m 02.165s,    000h 31m 13.702s
917,    2018,    1875720,    000h 00m 02.018s,    000h 31m 15.720s
918,    2191,    1877911,    000h 00m 02.191s,    000h 31m 17.911s
919,    1964,    1879875,    000h 00m 01.964s,    000h 31m 19.875s
920,    1986,    1881861,    000h 00m 01.986s,    000h 31m 21.861s
921,    1797,    1883658,    000h 00m 01.797s,    000h 31m 23.658s
922,    2176,    1885834,    000h 00m 02.176s,    000h 31m 25.834s
923,    2059,    1887893,    000h 00m 02.059s,    000h 31m 27.893s
924,    2025,    1889918,    000h 00m 02.025s,    000h 31m 29.918s
925,    2047,    1891965,    000h 00m 02.047s,    000h 31m 31.965s
926,    2198,    1894163,    000h 00m 02.198s,    000h 31m 34.163s
927,    1972,    1896135,    000h 00m 01.972s,    000h 31m 36.135s
928,    1965,    1898100,    000h 00m 01.965s,    000h 31m 38.100s
929,    2154,    1900254,    000h 00m 02.154s,    000h 31m 40.254s
930,    2176,    1902430,    000h 00m 02.176s,    000h 31m 42.430s
931,    2073,    1904503,    000h 00m 02.073s,    000h 31m 44.503s
932,    2142,    1906645,    000h 00m 02.142s,    000h 31m 46.645s
933,    2078,    1908723,    000h 00m 02.078s,    000h 31m 48.723s
934,    2038,    1910761,    000h 00m 02.038s,    000h 31m 50.761s
935,    2209,    1912970,    000h 00m 02.209s,    000h 31m 52.970s
936,    2159,    1915129,    000h 00m 02.159s,    000h 31m 55.129s
937,    1961,    1917090,    000h 00m 01.961s,    000h 31m 57.090s
938,    2129,    1919219,    000h 00m 02.129s,    000h 31m 59.219s
939,    2000,    1921219,    000h 00m 02.000s,    000h 32m 01.219s
940,    2076,    1923295,    000h 00m 02.076s,    000h 32m 03.295s
941,    2198,    1925493,    000h 00m 02.198s,    000h 32m 05.493s
942,    1955,    1927448,    000h 00m 01.955s,    000h 32m 07.448s
943,    2016,    1929464,    000h 00m 02.016s,    000h 32m 09.464s
944,    2150,    1931614,    000h 00m 02.150s,    000h 32m 11.614s
945,    2199,    1933813,    000h 00m 02.199s,    000h 32m 13.813s
946,    2014,    1935827,    000h 00m 02.014s,    000h 32m 15.827s
947,    2005,    1937832,    000h 00m 02.005s,    000h 32m 17.832s
948,    2158,    1939990,    000h 00m 02.158s,    000h 32m 19.990s
949,    2063,    1942053,    000h 00m 02.063s,    000h 32m 22.053s
950,    2189,    1944242,    000h 00m 02.189s,    000h 32m 24.242s
951,    2113,    1946355,    000h 00m 02.113s,    000h 32m 26.355s
952,    2065,    1948420,    000h 00m 02.065s,    000h 32m 28.420s
953,    2123,    1950543,    000h 00m 02.123s,    000h 32m 30.543s
954,    2078,    1952621,    000h 00m 02.078s,    000h 32m 32.621s
955,    1947,    1954568,    000h 00m 01.947s,    000h 32m 34.568s
956,    2077,    1956645,    000h 00m 02.077s,    000h 32m 36.645s
957,    2138,    1958783,    000h 00m 02.138s,    000h 32m 38.783s
958,    2164,    1960947,    000h 00m 02.164s,    000h 32m 40.947s
959,    2053,    1963000,    000h 00m 02.053s,    000h 32m 43.000s
960,    2067,    1965067,    000h 00m 02.067s,    000h 32m 45.067s
961,    2124,    1967191,    000h 00m 02.124s,    000h 32m 47.191s
962,    1676,    1968867,    000h 00m 01.676s,    000h 32m 48.867s
963,    1936,    1970803,    000h 00m 01.936s,    000h 32m 50.803s
964,    2181,    1972984,    000h 00m 02.181s,    000h 32m 52.984s
965,    2058,    1975042,    000h 00m 02.058s,    000h 32m 55.042s
966,    2029,    1977071,    000h 00m 02.029s,    000h 32m 57.071s
967,    1997,    1979068,    000h 00m 01.997s,    000h 32m 59.068s
968,    1904,    1980972,    000h 00m 01.904s,    000h 33m 00.972s
969,    1977,    1982949,    000h 00m 01.977s,    000h 33m 02.949s
970,    2125,    1985074,    000h 00m 02.125s,    000h 33m 05.074s
971,    2067,    1987141,    000h 00m 02.067s,    000h 33m 07.141s
972,    1991,    1989132,    000h 00m 01.991s,    000h 33m 09.132s
973,    1996,    1991128,    000h 00m 01.996s,    000h 33m 11.128s
974,    2047,    1993175,    000h 00m 02.047s,    000h 33m 13.175s
975,    2063,    1995238,    000h 00m 02.063s,    000h 33m 15.238s
976,    1969,    1997207,    000h 00m 01.969s,    000h 33m 17.207s
977,    2025,    1999232,    000h 00m 02.025s,    000h 33m 19.232s
978,    2231,    2001463,    000h 00m 02.231s,    000h 33m 21.463s
979,    2210,    2003673,    000h 00m 02.210s,    000h 33m 23.673s
980,    2079,    2005752,    000h 00m 02.079s,    000h 33m 25.752s
981,    2142,    2007894,    000h 00m 02.142s,    000h 33m 27.894s
982,    1926,    2009820,    000h 00m 01.926s,    000h 33m 29.820s
983,    2050,    2011870,    000h 00m 02.050s,    000h 33m 31.870s
984,    2101,    2013971,    000h 00m 02.101s,    000h 33m 33.971s
985,    2130,    2016101,    000h 00m 02.130s,    000h 33m 36.101s
986,    2122,    2018223,    000h 00m 02.122s,    000h 33m 38.223s
987,    2161,    2020384,    000h 00m 02.161s,    000h 33m 40.384s
988,    2197,    2022581,    000h 00m 02.197s,    000h 33m 42.581s
989,    2220,    2024801,    000h 00m 02.220s,    000h 33m 44.801s
990,    2176,    2026977,    000h 00m 02.176s,    000h 33m 46.977s
991,    1573,    2028550,    000h 00m 01.573s,    000h 33m 48.550s
992,    2158,    2030708,    000h 00m 02.158s,    000h 33m 50.708s
993,    2160,    2032868,    000h 00m 02.160s,    000h 33m 52.868s
994,    2148,    2035016,    000h 00m 02.148s,    000h 33m 55.016s
995,    2011,    2037027,    000h 00m 02.011s,    000h 33m 57.027s
996,    2033,    2039060,    000h 00m 02.033s,    000h 33m 59.060s
997,    2121,    2041181,    000h 00m 02.121s,    000h 34m 01.181s
998,    2129,    2043310,    000h 00m 02.129s,    000h 34m 03.310s
999,    2083,    2045393,    000h 00m 02.083s,    000h 34m 05.393s
1000,    2110,    2047503,    000h 00m 02.110s,    000h 34m 07.503s
1001,    2015,    2049518,    000h 00m 02.015s,    000h 34m 09.518s
1002,    2071,    2051589,    000h 00m 02.071s,    000h 34m 11.589s
1003,    2064,    2053653,    000h 00m 02.064s,    000h 34m 13.653s
1004,    1905,    2055558,    000h 00m 01.905s,    000h 34m 15.558s
1005,    1963,    2057521,    000h 00m 01.963s,    000h 34m 17.521s
1006,    2115,    2059636,    000h 00m 02.115s,    000h 34m 19.636s
1007,    2163,    2061799,    000h 00m 02.163s,    000h 34m 21.799s
1008,    2151,    2063950,    000h 00m 02.151s,    000h 34m 23.950s
1009,    2075,    2066025,    000h 00m 02.075s,    000h 34m 26.025s
1010,    2016,    2068041,    000h 00m 02.016s,    000h 34m 28.041s
1011,    1939,    2069980,    000h 00m 01.939s,    000h 34m 29.980s
1012,    2141,    2072121,    000h 00m 02.141s,    000h 34m 32.121s
1013,    1964,    2074085,    000h 00m 01.964s,    000h 34m 34.085s
1014,    2186,    2076271,    000h 00m 02.186s,    000h 34m 36.271s
1015,    1981,    2078252,    000h 00m 01.981s,    000h 34m 38.252s
1016,    2088,    2080340,    000h 00m 02.088s,    000h 34m 40.340s
1017,    2165,    2082505,    000h 00m 02.165s,    000h 34m 42.505s
1018,    2223,    2084728,    000h 00m 02.223s,    000h 34m 44.728s
1019,    2223,    2086951,    000h 00m 02.223s,    000h 34m 46.951s
1020,    2175,    2089126,    000h 00m 02.175s,    000h 34m 49.126s
1021,    1973,    2091099,    000h 00m 01.973s,    000h 34m 51.099s
1022,    2061,    2093160,    000h 00m 02.061s,    000h 34m 53.160s
1023,    2122,    2095282,    000h 00m 02.122s,    000h 34m 55.282s
1024,    2050,    2097332,    000h 00m 02.050s,    000h 34m 57.332s
1025,    2211,    2099543,    000h 00m 02.211s,    000h 34m 59.543s
