pass,    time (ms),    total time (ms),    time,     total_time
1,    1717,    1717,    000h 00m 01.717s,    000h 00m 01.717s
2,    1812,    3529,    000h 00m 01.812s,    000h 00m 03.529s
3,    1726,    5255,    000h 00m 01.726s,    000h 00m 05.255s
4,    1764,    7019,    000h 00m 01.764s,    000h 00m 07.019s
5,    1606,    8625,    000h 00m 01.606s,    000h 00m 08.625s
6,    1704,    10329,    000h 00m 01.704s,    000h 00m 10.329s
7,    1751,    12080,    000h 00m 01.751s,    000h 00m 12.080s
8,    1305,    13385,    000h 00m 01.305s,    000h 00m 13.385s
9,    1676,    15061,    000h 00m 01.676s,    000h 00m 15.061s
10,    1749,    16810,    000h 00m 01.749s,    000h 00m 16.810s
11,    1625,    18435,    000h 00m 01.625s,    000h 00m 18.435s
12,    1632,    20067,    000h 00m 01.632s,    000h 00m 20.067s
13,    1531,    21598,    000h 00m 01.531s,    000h 00m 21.598s
14,    1711,    23309,    000h 00m 01.711s,    000h 00m 23.309s
15,    1734,    25043,    000h 00m 01.734s,    000h 00m 25.043s
16,    1574,    26617,    000h 00m 01.574s,    000h 00m 26.617s
17,    1586,    28203,    000h 00m 01.586s,    000h 00m 28.203s
18,    1370,    29573,    000h 00m 01.370s,    000h 00m 29.573s
19,    1751,    31324,    000h 00m 01.751s,    000h 00m 31.324s
20,    1615,    32939,    000h 00m 01.615s,    000h 00m 32.939s
21,    1587,    34526,    000h 00m 01.587s,    000h 00m 34.526s
22,    1661,    36187,    000h 00m 01.661s,    000h 00m 36.187s
23,    1711,    37898,    000h 00m 01.711s,    000h 00m 37.898s
24,    1720,    39618,    000h 00m 01.720s,    000h 00m 39.618s
25,    1711,    41329,    000h 00m 01.711s,    000h 00m 41.329s
26,    1672,    43001,    000h 00m 01.672s,    000h 00m 43.001s
27,    1620,    44621,    000h 00m 01.620s,    000h 00m 44.621s
28,    1340,    45961,    000h 00m 01.340s,    000h 00m 45.961s
29,    1630,    47591,    000h 00m 01.630s,    000h 00m 47.591s
30,    1687,    49278,    000h 00m 01.687s,    000h 00m 49.278s
31,    1726,    51004,    000h 00m 01.726s,    000h 00m 51.004s
32,    1489,    52493,    000h 00m 01.489s,    000h 00m 52.493s
33,    1750,    54243,    000h 00m 01.750s,    000h 00m 54.243s
34,    1543,    55786,    000h 00m 01.543s,    000h 00m 55.786s
35,    1561,    57347,    000h 00m 01.561s,    000h 00m 57.347s
36,    1683,    59030,    000h 00m 01.683s,    000h 00m 59.030s
37,    1541,    60571,    000h 00m 01.541s,    000h 01m 00.571s
38,    1688,    62259,    000h 00m 01.688s,    000h 01m 02.259s
39,    1688,    63947,    000h 00m 01.688s,    000h 01m 03.947s
40,    1769,    65716,    000h 00m 01.769s,    000h 01m 05.716s
41,    1747,    67463,    000h 00m 01.747s,    000h 01m 07.463s
42,    1601,    69064,    000h 00m 01.601s,    000h 01m 09.064s
43,    1610,    70674,    000h 00m 01.610s,    000h 01m 10.674s
44,    1568,    72242,    000h 00m 01.568s,    000h 01m 12.242s
45,    1376,    73618,    000h 00m 01.376s,    000h 01m 13.618s
46,    1536,    75154,    000h 00m 01.536s,    000h 01m 15.154s
47,    1713,    76867,    000h 00m 01.713s,    000h 01m 16.867s
48,    1558,    78425,    000h 00m 01.558s,    000h 01m 18.425s
49,    1570,    79995,    000h 00m 01.570s,    000h 01m 19.995s
50,    1717,    81712,    000h 00m 01.717s,    000h 01m 21.712s
51,    1743,    83455,    000h 00m 01.743s,    000h 01m 23.455s
52,    1675,    85130,    000h 00m 01.675s,    000h 01m 25.130s
53,    1711,    86841,    000h 00m 01.711s,    000h 01m 26.841s
54,    1584,    88425,    000h 00m 01.584s,    000h 01m 28.425s
55,    1606,    90031,    000h 00m 01.606s,    000h 01m 30.031s
56,    1666,    91697,    000h 00m 01.666s,    000h 01m 31.697s
57,    1563,    93260,    000h 00m 01.563s,    000h 01m 33.260s
58,    1675,    94935,    000h 00m 01.675s,    000h 01m 34.935s
59,    1584,    96519,    000h 00m 01.584s,    000h 01m 36.519s
60,    1731,    98250,    000h 00m 01.731s,    000h 01m 38.250s
61,    1708,    99958,    000h 00m 01.708s,    000h 01m 39.958s
62,    1724,    101682,    000h 00m 01.724s,    000h 01m 41.682s
63,    1731,    103413,    000h 00m 01.731s,    000h 01m 43.413s
64,    1737,    105150,    000h 00m 01.737s,    000h 01m 45.150s
65,    1680,    106830,    000h 00m 01.680s,    000h 01m 46.830s
66,    1721,    108551,    000h 00m 01.721s,    000h 01m 48.551s
67,    1578,    110129,    000h 00m 01.578s,    000h 01m 50.129s
68,    1544,    111673,    000h 00m 01.544s,    000h 01m 51.673s
69,    1627,    113300,    000h 00m 01.627s,    000h 01m 53.300s
70,    1647,    114947,    000h 00m 01.647s,    000h 01m 54.947s
71,    1741,    116688,    000h 00m 01.741s,    000h 01m 56.688s
72,    1723,    118411,    000h 00m 01.723s,    000h 01m 58.411s
73,    1745,    120156,    000h 00m 01.745s,    000h 02m 00.156s
74,    1602,    121758,    000h 00m 01.602s,    000h 02m 01.758s
75,    1679,    123437,    000h 00m 01.679s,    000h 02m 03.437s
76,    1751,    125188,    000h 00m 01.751s,    000h 02m 05.188s
77,    1545,    126733,    000h 00m 01.545s,    000h 02m 06.733s
78,    1718,    128451,    000h 00m 01.718s,    000h 02m 08.451s
79,    1711,    130162,    000h 00m 01.711s,    000h 02m 10.162s
80,    1678,    131840,    000h 00m 01.678s,    000h 02m 11.840s
81,    1733,    133573,    000h 00m 01.733s,    000h 02m 13.573s
82,    1548,    135121,    000h 00m 01.548s,    000h 02m 15.121s
83,    1572,    136693,    000h 00m 01.572s,    000h 02m 16.693s
84,    1736,    138429,    000h 00m 01.736s,    000h 02m 18.429s
85,    1685,    140114,    000h 00m 01.685s,    000h 02m 20.114s
86,    1674,    141788,    000h 00m 01.674s,    000h 02m 21.788s
87,    1724,    143512,    000h 00m 01.724s,    000h 02m 23.512s
88,    1737,    145249,    000h 00m 01.737s,    000h 02m 25.249s
89,    1792,    147041,    000h 00m 01.792s,    000h 02m 27.041s
90,    1557,    148598,    000h 00m 01.557s,    000h 02m 28.598s
91,    1601,    150199,    000h 00m 01.601s,    000h 02m 30.199s
92,    1563,    151762,    000h 00m 01.563s,    000h 02m 31.762s
93,    1626,    153388,    000h 00m 01.626s,    000h 02m 33.388s
94,    1629,    155017,    000h 00m 01.629s,    000h 02m 35.017s
95,    1705,    156722,    000h 00m 01.705s,    000h 02m 36.722s
96,    1756,    158478,    000h 00m 01.756s,    000h 02m 38.478s
97,    1540,    160018,    000h 00m 01.540s,    000h 02m 40.018s
98,    1659,    161677,    000h 00m 01.659s,    000h 02m 41.677s
99,    1569,    163246,    000h 00m 01.569s,    000h 02m 43.246s
100,    1657,    164903,    000h 00m 01.657s,    000h 02m 44.903s
101,    1728,    166631,    000h 00m 01.728s,    000h 02m 46.631s
102,    1643,    168274,    000h 00m 01.643s,    000h 02m 48.274s
103,    1458,    169732,    000h 00m 01.458s,    000h 02m 49.732s
104,    1592,    171324,    000h 00m 01.592s,    000h 02m 51.324s
105,    1735,    173059,    000h 00m 01.735s,    000h 02m 53.059s
106,    1751,    174810,    000h 00m 01.751s,    000h 02m 54.810s
107,    1678,    176488,    000h 00m 01.678s,    000h 02m 56.488s
108,    1759,    178247,    000h 00m 01.759s,    000h 02m 58.247s
109,    1707,    179954,    000h 00m 01.707s,    000h 02m 59.954s
110,    1754,    181708,    000h 00m 01.754s,    000h 03m 01.708s
111,    1641,    183349,    000h 00m 01.641s,    000h 03m 03.349s
112,    1745,    185094,    000h 00m 01.745s,    000h 03m 05.094s
113,    1728,    186822,    000h 00m 01.728s,    000h 03m 06.822s
114,    1723,    188545,    000h 00m 01.723s,    000h 03m 08.545s
115,    1551,    190096,    000h 00m 01.551s,    000h 03m 10.096s
116,    1658,    191754,    000h 00m 01.658s,    000h 03m 11.754s
117,    1719,    193473,    000h 00m 01.719s,    000h 03m 13.473s
118,    1736,    195209,    000h 00m 01.736s,    000h 03m 15.209s
119,    1623,    196832,    000h 00m 01.623s,    000h 03m 16.832s
120,    1690,    198522,    000h 00m 01.690s,    000h 03m 18.522s
121,    1573,    200095,    000h 00m 01.573s,    000h 03m 20.095s
122,    1551,    201646,    000h 00m 01.551s,    000h 03m 21.646s
123,    1584,    203230,    000h 00m 01.584s,    000h 03m 23.230s
124,    1563,    204793,    000h 00m 01.563s,    000h 03m 24.793s
125,    1661,    206454,    000h 00m 01.661s,    000h 03m 26.454s
126,    1660,    208114,    000h 00m 01.660s,    000h 03m 28.114s
127,    1622,    209736,    000h 00m 01.622s,    000h 03m 29.736s
128,    1572,    211308,    000h 00m 01.572s,    000h 03m 31.308s
129,    1751,    213059,    000h 00m 01.751s,    000h 03m 33.059s
130,    1647,    214706,    000h 00m 01.647s,    000h 03m 34.706s
131,    1743,    216449,    000h 00m 01.743s,    000h 03m 36.449s
132,    1575,    218024,    000h 00m 01.575s,    000h 03m 38.024s
133,    1573,    219597,    000h 00m 01.573s,    000h 03m 39.597s
134,    1580,    221177,    000h 00m 01.580s,    000h 03m 41.177s
135,    1618,    222795,    000h 00m 01.618s,    000h 03m 42.795s
136,    1702,    224497,    000h 00m 01.702s,    000h 03m 44.497s
137,    1588,    226085,    000h 00m 01.588s,    000h 03m 46.085s
138,    1672,    227757,    000h 00m 01.672s,    000h 03m 47.757s
139,    1618,    229375,    000h 00m 01.618s,    000h 03m 49.375s
140,    1740,    231115,    000h 00m 01.740s,    000h 03m 51.115s
141,    1760,    232875,    000h 00m 01.760s,    000h 03m 52.875s
142,    1563,    234438,    000h 00m 01.563s,    000h 03m 54.438s
143,    1727,    236165,    000h 00m 01.727s,    000h 03m 56.165s
144,    1759,    237924,    000h 00m 01.759s,    000h 03m 57.924s
145,    1643,    239567,    000h 00m 01.643s,    000h 03m 59.567s
146,    1664,    241231,    000h 00m 01.664s,    000h 04m 01.231s
147,    1707,    242938,    000h 00m 01.707s,    000h 04m 02.938s
148,    1685,    244623,    000h 00m 01.685s,    000h 04m 04.623s
149,    1768,    246391,    000h 00m 01.768s,    000h 04m 06.391s
150,    1550,    247941,    000h 00m 01.550s,    000h 04m 07.941s
151,    1755,    249696,    000h 00m 01.755s,    000h 04m 09.696s
152,    1658,    251354,    000h 00m 01.658s,    000h 04m 11.354s
153,    1599,    252953,    000h 00m 01.599s,    000h 04m 12.953s
154,    1705,    254658,    000h 00m 01.705s,    000h 04m 14.658s
155,    1539,    256197,    000h 00m 01.539s,    000h 04m 16.197s
156,    1707,    257904,    000h 00m 01.707s,    000h 04m 17.904s
157,    1607,    259511,    000h 00m 01.607s,    000h 04m 19.511s
158,    1513,    261024,    000h 00m 01.513s,    000h 04m 21.024s
159,    1770,    262794,    000h 00m 01.770s,    000h 04m 22.794s
160,    1675,    264469,    000h 00m 01.675s,    000h 04m 24.469s
161,    1735,    266204,    000h 00m 01.735s,    000h 04m 26.204s
162,    1586,    267790,    000h 00m 01.586s,    000h 04m 27.790s
163,    1598,    269388,    000h 00m 01.598s,    000h 04m 29.388s
164,    1559,    270947,    000h 00m 01.559s,    000h 04m 30.947s
165,    1765,    272712,    000h 00m 01.765s,    000h 04m 32.712s
166,    1729,    274441,    000h 00m 01.729s,    000h 04m 34.441s
167,    1597,    276038,    000h 00m 01.597s,    000h 04m 36.038s
168,    1807,    277845,    000h 00m 01.807s,    000h 04m 37.845s
169,    1658,    279503,    000h 00m 01.658s,    000h 04m 39.503s
170,    1716,    281219,    000h 00m 01.716s,    000h 04m 41.219s
171,    1751,    282970,    000h 00m 01.751s,    000h 04m 42.970s
172,    1753,    284723,    000h 00m 01.753s,    000h 04m 44.723s
173,    1674,    286397,    000h 00m 01.674s,    000h 04m 46.397s
174,    1610,    288007,    000h 00m 01.610s,    000h 04m 48.007s
175,    1570,    289577,    000h 00m 01.570s,    000h 04m 49.577s
176,    1590,    291167,    000h 00m 01.590s,    000h 04m 51.167s
177,    1569,    292736,    000h 00m 01.569s,    000h 04m 52.736s
178,    1636,    294372,    000h 00m 01.636s,    000h 04m 54.372s
179,    1614,    295986,    000h 00m 01.614s,    000h 04m 55.986s
180,    1526,    297512,    000h 00m 01.526s,    000h 04m 57.512s
181,    1604,    299116,    000h 00m 01.604s,    000h 04m 59.116s
182,    1569,    300685,    000h 00m 01.569s,    000h 05m 00.685s
183,    1770,    302455,    000h 00m 01.770s,    000h 05m 02.455s
184,    1524,    303979,    000h 00m 01.524s,    000h 05m 03.979s
185,    1742,    305721,    000h 00m 01.742s,    000h 05m 05.721s
186,    1666,    307387,    000h 00m 01.666s,    000h 05m 07.387s
187,    1743,    309130,    000h 00m 01.743s,    000h 05m 09.130s
188,    1536,    310666,    000h 00m 01.536s,    000h 05m 10.666s
189,    1684,    312350,    000h 00m 01.684s,    000h 05m 12.350s
190,    1745,    314095,    000h 00m 01.745s,    000h 05m 14.095s
191,    1685,    315780,    000h 00m 01.685s,    000h 05m 15.780s
192,    1557,    317337,    000h 00m 01.557s,    000h 05m 17.337s
193,    1719,    319056,    000h 00m 01.719s,    000h 05m 19.056s
194,    1726,    320782,    000h 00m 01.726s,    000h 05m 20.782s
195,    1659,    322441,    000h 00m 01.659s,    000h 05m 22.441s
196,    1717,    324158,    000h 00m 01.717s,    000h 05m 24.158s
197,    1569,    325727,    000h 00m 01.569s,    000h 05m 25.727s
198,    1634,    327361,    000h 00m 01.634s,    000h 05m 27.361s
199,    1743,    329104,    000h 00m 01.743s,    000h 05m 29.104s
200,    1766,    330870,    000h 00m 01.766s,    000h 05m 30.870s
201,    1723,    332593,    000h 00m 01.723s,    000h 05m 32.593s
202,    1773,    334366,    000h 00m 01.773s,    000h 05m 34.366s
203,    1646,    336012,    000h 00m 01.646s,    000h 05m 36.012s
204,    1648,    337660,    000h 00m 01.648s,    000h 05m 37.660s
205,    1723,    339383,    000h 00m 01.723s,    000h 05m 39.383s
206,    1642,    341025,    000h 00m 01.642s,    000h 05m 41.025s
207,    1621,    342646,    000h 00m 01.621s,    000h 05m 42.646s
208,    1561,    344207,    000h 00m 01.561s,    000h 05m 44.207s
209,    1763,    345970,    000h 00m 01.763s,    000h 05m 45.970s
210,    1540,    347510,    000h 00m 01.540s,    000h 05m 47.510s
211,    1697,    349207,    000h 00m 01.697s,    000h 05m 49.207s
212,    1613,    350820,    000h 00m 01.613s,    000h 05m 50.820s
213,    1556,    352376,    000h 00m 01.556s,    000h 05m 52.376s
214,    1679,    354055,    000h 00m 01.679s,    000h 05m 54.055s
215,    1753,    355808,    000h 00m 01.753s,    000h 05m 55.808s
216,    1563,    357371,    000h 00m 01.563s,    000h 05m 57.371s
217,    1362,    358733,    000h 00m 01.362s,    000h 05m 58.733s
218,    1548,    360281,    000h 00m 01.548s,    000h 06m 00.281s
219,    1574,    361855,    000h 00m 01.574s,    000h 06m 01.855s
220,    1728,    363583,    000h 00m 01.728s,    000h 06m 03.583s
221,    1591,    365174,    000h 00m 01.591s,    000h 06m 05.174s
222,    1731,    366905,    000h 00m 01.731s,    000h 06m 06.905s
223,    1751,    368656,    000h 00m 01.751s,    000h 06m 08.656s
224,    1762,    370418,    000h 00m 01.762s,    000h 06m 10.418s
225,    1746,    372164,    000h 00m 01.746s,    000h 06m 12.164s
226,    1594,    373758,    000h 00m 01.594s,    000h 06m 13.758s
227,    1629,    375387,    000h 00m 01.629s,    000h 06m 15.387s
228,    1661,    377048,    000h 00m 01.661s,    000h 06m 17.048s
229,    1359,    378407,    000h 00m 01.359s,    000h 06m 18.407s
230,    1607,    380014,    000h 00m 01.607s,    000h 06m 20.014s
231,    1748,    381762,    000h 00m 01.748s,    000h 06m 21.762s
232,    1314,    383076,    000h 00m 01.314s,    000h 06m 23.076s
233,    1637,    384713,    000h 00m 01.637s,    000h 06m 24.713s
234,    1531,    386244,    000h 00m 01.531s,    000h 06m 26.244s
235,    1572,    387816,    000h 00m 01.572s,    000h 06m 27.816s
236,    1715,    389531,    000h 00m 01.715s,    000h 06m 29.531s
237,    1640,    391171,    000h 00m 01.640s,    000h 06m 31.171s
238,    1767,    392938,    000h 00m 01.767s,    000h 06m 32.938s
239,    1586,    394524,    000h 00m 01.586s,    000h 06m 34.524s
240,    1701,    396225,    000h 00m 01.701s,    000h 06m 36.225s
241,    1595,    397820,    000h 00m 01.595s,    000h 06m 37.820s
242,    1720,    399540,    000h 00m 01.720s,    000h 06m 39.540s
243,    1732,    401272,    000h 00m 01.732s,    000h 06m 41.272s
244,    1647,    402919,    000h 00m 01.647s,    000h 06m 42.919s
245,    1730,    404649,    000h 00m 01.730s,    000h 06m 44.649s
246,    1748,    406397,    000h 00m 01.748s,    000h 06m 46.397s
247,    1756,    408153,    000h 00m 01.756s,    000h 06m 48.153s
248,    1767,    409920,    000h 00m 01.767s,    000h 06m 49.920s
249,    1731,    411651,    000h 00m 01.731s,    000h 06m 51.651s
250,    1697,    413348,    000h 00m 01.697s,    000h 06m 53.348s
251,    1688,    415036,    000h 00m 01.688s,    000h 06m 55.036s
252,    1615,    416651,    000h 00m 01.615s,    000h 06m 56.651s
253,    1746,    418397,    000h 00m 01.746s,    000h 06m 58.397s
254,    1584,    419981,    000h 00m 01.584s,    000h 06m 59.981s
255,    1732,    421713,    000h 00m 01.732s,    000h 07m 01.713s
256,    1754,    423467,    000h 00m 01.754s,    000h 07m 03.467s
257,    1740,    425207,    000h 00m 01.740s,    000h 07m 05.207s
258,    1552,    426759,    000h 00m 01.552s,    000h 07m 06.759s
259,    1553,    428312,    000h 00m 01.553s,    000h 07m 08.312s
260,    1690,    430002,    000h 00m 01.690s,    000h 07m 10.002s
261,    1676,    431678,    000h 00m 01.676s,    000h 07m 11.678s
262,    1668,    433346,    000h 00m 01.668s,    000h 07m 13.346s
263,    1748,    435094,    000h 00m 01.748s,    000h 07m 15.094s
264,    1803,    436897,    000h 00m 01.803s,    000h 07m 16.897s
265,    1634,    438531,    000h 00m 01.634s,    000h 07m 18.531s
266,    1558,    440089,    000h 00m 01.558s,    000h 07m 20.089s
267,    1639,    441728,    000h 00m 01.639s,    000h 07m 21.728s
268,    1727,    443455,    000h 00m 01.727s,    000h 07m 23.455s
269,    1420,    444875,    000h 00m 01.420s,    000h 07m 24.875s
270,    1708,    446583,    000h 00m 01.708s,    000h 07m 26.583s
271,    1753,    448336,    000h 00m 01.753s,    000h 07m 28.336s
272,    1529,    449865,    000h 00m 01.529s,    000h 07m 29.865s
273,    1737,    451602,    000h 00m 01.737s,    000h 07m 31.602s
274,    1706,    453308,    000h 00m 01.706s,    000h 07m 33.308s
275,    1552,    454860,    000h 00m 01.552s,    000h 07m 34.860s
276,    1546,    456406,    000h 00m 01.546s,    000h 07m 36.406s
277,    1757,    458163,    000h 00m 01.757s,    000h 07m 38.163s
278,    1548,    459711,    000h 00m 01.548s,    000h 07m 39.711s
279,    1729,    461440,    000h 00m 01.729s,    000h 07m 41.440s
280,    1689,    463129,    000h 00m 01.689s,    000h 07m 43.129s
281,    1759,    464888,    000h 00m 01.759s,    000h 07m 44.888s
282,    1582,    466470,    000h 00m 01.582s,    000h 07m 46.470s
283,    1770,    468240,    000h 00m 01.770s,    000h 07m 48.240s
284,    1724,    469964,    000h 00m 01.724s,    000h 07m 49.964s
285,    1599,    471563,    000h 00m 01.599s,    000h 07m 51.563s
286,    1508,    473071,    000h 00m 01.508s,    000h 07m 53.071s
287,    1552,    474623,    000h 00m 01.552s,    000h 07m 54.623s
288,    1721,    476344,    000h 00m 01.721s,    000h 07m 56.344s
289,    1638,    477982,    000h 00m 01.638s,    000h 07m 57.982s
290,    1625,    479607,    000h 00m 01.625s,    000h 07m 59.607s
291,    1656,    481263,    000h 00m 01.656s,    000h 08m 01.263s
292,    1614,    482877,    000h 00m 01.614s,    000h 08m 02.877s
293,    1735,    484612,    000h 00m 01.735s,    000h 08m 04.612s
294,    1623,    486235,    000h 00m 01.623s,    000h 08m 06.235s
295,    1715,    487950,    000h 00m 01.715s,    000h 08m 07.950s
296,    1726,    489676,    000h 00m 01.726s,    000h 08m 09.676s
297,    1614,    491290,    000h 00m 01.614s,    000h 08m 11.290s
298,    1697,    492987,    000h 00m 01.697s,    000h 08m 12.987s
299,    1713,    494700,    000h 00m 01.713s,    000h 08m 14.700s
300,    1697,    496397,    000h 00m 01.697s,    000h 08m 16.397s
301,    1543,    497940,    000h 00m 01.543s,    000h 08m 17.940s
302,    1733,    499673,    000h 00m 01.733s,    000h 08m 19.673s
303,    1698,    501371,    000h 00m 01.698s,    000h 08m 21.371s
304,    1556,    502927,    000h 00m 01.556s,    000h 08m 22.927s
305,    1734,    504661,    000h 00m 01.734s,    000h 08m 24.661s
306,    1638,    506299,    000h 00m 01.638s,    000h 08m 26.299s
307,    1559,    507858,    000h 00m 01.559s,    000h 08m 27.858s
308,    1550,    509408,    000h 00m 01.550s,    000h 08m 29.408s
309,    1730,    511138,    000h 00m 01.730s,    000h 08m 31.138s
310,    1387,    512525,    000h 00m 01.387s,    000h 08m 32.525s
311,    1672,    514197,    000h 00m 01.672s,    000h 08m 34.197s
312,    1674,    515871,    000h 00m 01.674s,    000h 08m 35.871s
313,    1655,    517526,    000h 00m 01.655s,    000h 08m 37.526s
314,    1679,    519205,    000h 00m 01.679s,    000h 08m 39.205s
315,    1766,    520971,    000h 00m 01.766s,    000h 08m 40.971s
316,    1611,    522582,    000h 00m 01.611s,    000h 08m 42.582s
317,    1740,    524322,    000h 00m 01.740s,    000h 08m 44.322s
318,    1684,    526006,    000h 00m 01.684s,    000h 08m 46.006s
319,    1571,    527577,    000h 00m 01.571s,    000h 08m 47.577s
320,    1605,    529182,    000h 00m 01.605s,    000h 08m 49.182s
321,    1692,    530874,    000h 00m 01.692s,    000h 08m 50.874s
322,    1571,    532445,    000h 00m 01.571s,    000h 08m 52.445s
323,    1738,    534183,    000h 00m 01.738s,    000h 08m 54.183s
324,    1584,    535767,    000h 00m 01.584s,    000h 08m 55.767s
325,    1679,    537446,    000h 00m 01.679s,    000h 08m 57.446s
326,    1358,    538804,    000h 00m 01.358s,    000h 08m 58.804s
327,    1744,    540548,    000h 00m 01.744s,    000h 09m 00.548s
328,    1734,    542282,    000h 00m 01.734s,    000h 09m 02.282s
329,    1747,    544029,    000h 00m 01.747s,    000h 09m 04.029s
330,    1753,    545782,    000h 00m 01.753s,    000h 09m 05.782s
331,    1699,    547481,    000h 00m 01.699s,    000h 09m 07.481s
332,    1721,    549202,    000h 00m 01.721s,    000h 09m 09.202s
333,    1709,    550911,    000h 00m 01.709s,    000h 09m 10.911s
334,    1672,    552583,    000h 00m 01.672s,    000h 09m 12.583s
335,    1750,    554333,    000h 00m 01.750s,    000h 09m 14.333s
336,    1588,    555921,    000h 00m 01.588s,    000h 09m 15.921s
337,    1551,    557472,    000h 00m 01.551s,    000h 09m 17.472s
338,    1557,    559029,    000h 00m 01.557s,    000h 09m 19.029s
339,    1701,    560730,    000h 00m 01.701s,    000h 09m 20.730s
340,    1727,    562457,    000h 00m 01.727s,    000h 09m 22.457s
341,    1700,    564157,    000h 00m 01.700s,    000h 09m 24.157s
342,    1485,    565642,    000h 00m 01.485s,    000h 09m 25.642s
343,    1741,    567383,    000h 00m 01.741s,    000h 09m 27.383s
344,    1669,    569052,    000h 00m 01.669s,    000h 09m 29.052s
345,    1484,    570536,    000h 00m 01.484s,    000h 09m 30.536s
346,    1377,    571913,    000h 00m 01.377s,    000h 09m 31.913s
347,    1571,    573484,    000h 00m 01.571s,    000h 09m 33.484s
348,    1697,    575181,    000h 00m 01.697s,    000h 09m 35.181s
349,    1751,    576932,    000h 00m 01.751s,    000h 09m 36.932s
350,    1549,    578481,    000h 00m 01.549s,    000h 09m 38.481s
351,    1583,    580064,    000h 00m 01.583s,    000h 09m 40.064s
352,    1591,    581655,    000h 00m 01.591s,    000h 09m 41.655s
353,    1782,    583437,    000h 00m 01.782s,    000h 09m 43.437s
354,    1670,    585107,    000h 00m 01.670s,    000h 09m 45.107s
355,    1771,    586878,    000h 00m 01.771s,    000h 09m 46.878s
356,    1738,    588616,    000h 00m 01.738s,    000h 09m 48.616s
357,    1650,    590266,    000h 00m 01.650s,    000h 09m 50.266s
358,    1623,    591889,    000h 00m 01.623s,    000h 09m 51.889s
359,    1577,    593466,    000h 00m 01.577s,    000h 09m 53.466s
360,    1510,    594976,    000h 00m 01.510s,    000h 09m 54.976s
361,    1607,    596583,    000h 00m 01.607s,    000h 09m 56.583s
362,    1765,    598348,    000h 00m 01.765s,    000h 09m 58.348s
363,    1548,    599896,    000h 00m 01.548s,    000h 09m 59.896s
364,    1572,    601468,    000h 00m 01.572s,    000h 10m 01.468s
365,    1707,    603175,    000h 00m 01.707s,    000h 10m 03.175s
366,    1618,    604793,    000h 00m 01.618s,    000h 10m 04.793s
367,    1751,    606544,    000h 00m 01.751s,    000h 10m 06.544s
368,    1719,    608263,    000h 00m 01.719s,    000h 10m 08.263s
369,    1739,    610002,    000h 00m 01.739s,    000h 10m 10.002s
370,    1768,    611770,    000h 00m 01.768s,    000h 10m 11.770s
371,    1371,    613141,    000h 00m 01.371s,    000h 10m 13.141s
372,    1592,    614733,    000h 00m 01.592s,    000h 10m 14.733s
373,    1634,    616367,    000h 00m 01.634s,    000h 10m 16.367s
374,    1672,    618039,    000h 00m 01.672s,    000h 10m 18.039s
375,    1544,    619583,    000h 00m 01.544s,    000h 10m 19.583s
376,    1581,    621164,    000h 00m 01.581s,    000h 10m 21.164s
377,    1619,    622783,    000h 00m 01.619s,    000h 10m 22.783s
378,    1728,    624511,    000h 00m 01.728s,    000h 10m 24.511s
379,    1558,    626069,    000h 00m 01.558s,    000h 10m 26.069s
380,    1596,    627665,    000h 00m 01.596s,    000h 10m 27.665s
381,    1744,    629409,    000h 00m 01.744s,    000h 10m 29.409s
382,    1343,    630752,    000h 00m 01.343s,    000h 10m 30.752s
383,    1679,    632431,    000h 00m 01.679s,    000h 10m 32.431s
384,    1767,    634198,    000h 00m 01.767s,    000h 10m 34.198s
385,    1358,    635556,    000h 00m 01.358s,    000h 10m 35.556s
386,    1479,    637035,    000h 00m 01.479s,    000h 10m 37.035s
387,    1573,    638608,    000h 00m 01.573s,    000h 10m 38.608s
388,    1738,    640346,    000h 00m 01.738s,    000h 10m 40.346s
389,    1586,    641932,    000h 00m 01.586s,    000h 10m 41.932s
390,    1599,    643531,    000h 00m 01.599s,    000h 10m 43.531s
391,    1724,    645255,    000h 00m 01.724s,    000h 10m 45.255s
392,    1547,    646802,    000h 00m 01.547s,    000h 10m 46.802s
393,    1682,    648484,    000h 00m 01.682s,    000h 10m 48.484s
394,    1624,    650108,    000h 00m 01.624s,    000h 10m 50.108s
395,    1746,    651854,    000h 00m 01.746s,    000h 10m 51.854s
396,    1718,    653572,    000h 00m 01.718s,    000h 10m 53.572s
397,    1659,    655231,    000h 00m 01.659s,    000h 10m 55.231s
398,    1709,    656940,    000h 00m 01.709s,    000h 10m 56.940s
399,    1303,    658243,    000h 00m 01.303s,    000h 10m 58.243s
400,    1602,    659845,    000h 00m 01.602s,    000h 10m 59.845s
401,    1722,    661567,    000h 00m 01.722s,    000h 11m 01.567s
402,    1641,    663208,    000h 00m 01.641s,    000h 11m 03.208s
403,    1681,    664889,    000h 00m 01.681s,    000h 11m 04.889s
404,    1775,    666664,    000h 00m 01.775s,    000h 11m 06.664s
405,    1672,    668336,    000h 00m 01.672s,    000h 11m 08.336s
406,    1710,    670046,    000h 00m 01.710s,    000h 11m 10.046s
407,    1569,    671615,    000h 00m 01.569s,    000h 11m 11.615s
408,    1661,    673276,    000h 00m 01.661s,    000h 11m 13.276s
409,    1559,    674835,    000h 00m 01.559s,    000h 11m 14.835s
410,    1639,    676474,    000h 00m 01.639s,    000h 11m 16.474s
411,    1599,    678073,    000h 00m 01.599s,    000h 11m 18.073s
412,    1789,    679862,    000h 00m 01.789s,    000h 11m 19.862s
413,    1720,    681582,    000h 00m 01.720s,    000h 11m 21.582s
414,    1662,    683244,    000h 00m 01.662s,    000h 11m 23.244s
415,    1713,    684957,    000h 00m 01.713s,    000h 11m 24.957s
416,    1752,    686709,    000h 00m 01.752s,    000h 11m 26.709s
417,    1710,    688419,    000h 00m 01.710s,    000h 11m 28.419s
418,    1705,    690124,    000h 00m 01.705s,    000h 11m 30.124s
419,    1564,    691688,    000h 00m 01.564s,    000h 11m 31.688s
420,    1745,    693433,    000h 00m 01.745s,    000h 11m 33.433s
421,    1357,    694790,    000h 00m 01.357s,    000h 11m 34.790s
422,    1733,    696523,    000h 00m 01.733s,    000h 11m 36.523s
423,    1632,    698155,    000h 00m 01.632s,    000h 11m 38.155s
424,    1729,    699884,    000h 00m 01.729s,    000h 11m 39.884s
425,    1571,    701455,    000h 00m 01.571s,    000h 11m 41.455s
426,    1730,    703185,    000h 00m 01.730s,    000h 11m 43.185s
427,    1712,    704897,    000h 00m 01.712s,    000h 11m 44.897s
428,    1718,    706615,    000h 00m 01.718s,    000h 11m 46.615s
429,    1650,    708265,    000h 00m 01.650s,    000h 11m 48.265s
430,    1605,    709870,    000h 00m 01.605s,    000h 11m 49.870s
431,    1359,    711229,    000h 00m 01.359s,    000h 11m 51.229s
432,    1652,    712881,    000h 00m 01.652s,    000h 11m 52.881s
433,    1755,    714636,    000h 00m 01.755s,    000h 11m 54.636s
434,    1701,    716337,    000h 00m 01.701s,    000h 11m 56.337s
435,    1750,    718087,    000h 00m 01.750s,    000h 11m 58.087s
436,    1548,    719635,    000h 00m 01.548s,    000h 11m 59.635s
437,    1682,    721317,    000h 00m 01.682s,    000h 12m 01.317s
438,    1675,    722992,    000h 00m 01.675s,    000h 12m 02.992s
439,    1559,    724551,    000h 00m 01.559s,    000h 12m 04.551s
440,    1585,    726136,    000h 00m 01.585s,    000h 12m 06.136s
441,    1658,    727794,    000h 00m 01.658s,    000h 12m 07.794s
442,    1662,    729456,    000h 00m 01.662s,    000h 12m 09.456s
443,    1616,    731072,    000h 00m 01.616s,    000h 12m 11.072s
444,    1744,    732816,    000h 00m 01.744s,    000h 12m 12.816s
445,    1558,    734374,    000h 00m 01.558s,    000h 12m 14.374s
446,    1670,    736044,    000h 00m 01.670s,    000h 12m 16.044s
447,    1752,    737796,    000h 00m 01.752s,    000h 12m 17.796s
448,    1760,    739556,    000h 00m 01.760s,    000h 12m 19.556s
449,    1548,    741104,    000h 00m 01.548s,    000h 12m 21.104s
450,    1752,    742856,    000h 00m 01.752s,    000h 12m 22.856s
451,    1693,    744549,    000h 00m 01.693s,    000h 12m 24.549s
452,    1546,    746095,    000h 00m 01.546s,    000h 12m 26.095s
453,    1606,    747701,    000h 00m 01.606s,    000h 12m 27.701s
454,    1675,    749376,    000h 00m 01.675s,    000h 12m 29.376s
455,    1723,    751099,    000h 00m 01.723s,    000h 12m 31.099s
456,    1554,    752653,    000h 00m 01.554s,    000h 12m 32.653s
457,    1738,    754391,    000h 00m 01.738s,    000h 12m 34.391s
458,    1644,    756035,    000h 00m 01.644s,    000h 12m 36.035s
459,    1782,    757817,    000h 00m 01.782s,    000h 12m 37.817s
460,    1710,    759527,    000h 00m 01.710s,    000h 12m 39.527s
461,    1539,    761066,    000h 00m 01.539s,    000h 12m 41.066s
462,    1537,    762603,    000h 00m 01.537s,    000h 12m 42.603s
463,    1718,    764321,    000h 00m 01.718s,    000h 12m 44.321s
464,    1694,    766015,    000h 00m 01.694s,    000h 12m 46.015s
465,    1620,    767635,    000h 00m 01.620s,    000h 12m 47.635s
466,    1582,    769217,    000h 00m 01.582s,    000h 12m 49.217s
467,    1597,    770814,    000h 00m 01.597s,    000h 12m 50.814s
468,    1787,    772601,    000h 00m 01.787s,    000h 12m 52.601s
469,    1683,    774284,    000h 00m 01.683s,    000h 12m 54.284s
470,    1756,    776040,    000h 00m 01.756s,    000h 12m 56.040s
471,    1588,    777628,    000h 00m 01.588s,    000h 12m 57.628s
472,    1675,    779303,    000h 00m 01.675s,    000h 12m 59.303s
473,    1578,    780881,    000h 00m 01.578s,    000h 13m 00.881s
474,    1732,    782613,    000h 00m 01.732s,    000h 13m 02.613s
475,    1720,    784333,    000h 00m 01.720s,    000h 13m 04.333s
476,    1569,    785902,    000h 00m 01.569s,    000h 13m 05.902s
477,    1739,    787641,    000h 00m 01.739s,    000h 13m 07.641s
478,    1774,    789415,    000h 00m 01.774s,    000h 13m 09.415s
479,    1745,    791160,    000h 00m 01.745s,    000h 13m 11.160s
480,    1563,    792723,    000h 00m 01.563s,    000h 13m 12.723s
481,    1653,    794376,    000h 00m 01.653s,    000h 13m 14.376s
482,    1669,    796045,    000h 00m 01.669s,    000h 13m 16.045s
483,    1587,    797632,    000h 00m 01.587s,    000h 13m 17.632s
484,    1526,    799158,    000h 00m 01.526s,    000h 13m 19.158s
485,    1764,    800922,    000h 00m 01.764s,    000h 13m 20.922s
486,    1692,    802614,    000h 00m 01.692s,    000h 13m 22.614s
487,    1598,    804212,    000h 00m 01.598s,    000h 13m 24.212s
488,    1367,    805579,    000h 00m 01.367s,    000h 13m 25.579s
489,    1796,    807375,    000h 00m 01.796s,    000h 13m 27.375s
490,    1780,    809155,    000h 00m 01.780s,    000h 13m 29.155s
491,    1748,    810903,    000h 00m 01.748s,    000h 13m 30.903s
492,    1696,    812599,    000h 00m 01.696s,    000h 13m 32.599s
493,    1593,    814192,    000h 00m 01.593s,    000h 13m 34.192s
494,    1733,    815925,    000h 00m 01.733s,    000h 13m 35.925s
495,    1739,    817664,    000h 00m 01.739s,    000h 13m 37.664s
496,    1691,    819355,    000h 00m 01.691s,    000h 13m 39.355s
497,    1683,    821038,    000h 00m 01.683s,    000h 13m 41.038s
498,    1741,    822779,    000h 00m 01.741s,    000h 13m 42.779s
499,    1786,    824565,    000h 00m 01.786s,    000h 13m 44.565s
500,    1723,    826288,    000h 00m 01.723s,    000h 13m 46.288s
501,    1643,    827931,    000h 00m 01.643s,    000h 13m 47.931s
502,    1727,    829658,    000h 00m 01.727s,    000h 13m 49.658s
503,    1563,    831221,    000h 00m 01.563s,    000h 13m 51.221s
504,    1321,    832542,    000h 00m 01.321s,    000h 13m 52.542s
505,    1589,    834131,    000h 00m 01.589s,    000h 13m 54.131s
506,    1548,    835679,    000h 00m 01.548s,    000h 13m 55.679s
507,    1726,    837405,    000h 00m 01.726s,    000h 13m 57.405s
508,    1697,    839102,    000h 00m 01.697s,    000h 13m 59.102s
509,    1710,    840812,    000h 00m 01.710s,    000h 14m 00.812s
510,    1642,    842454,    000h 00m 01.642s,    000h 14m 02.454s
511,    1753,    844207,    000h 00m 01.753s,    000h 14m 04.207s
512,    1688,    845895,    000h 00m 01.688s,    000h 14m 05.895s
513,    1557,    847452,    000h 00m 01.557s,    000h 14m 07.452s
514,    1723,    849175,    000h 00m 01.723s,    000h 14m 09.175s
515,    1525,    850700,    000h 00m 01.525s,    000h 14m 10.700s
516,    1652,    852352,    000h 00m 01.652s,    000h 14m 12.352s
517,    1586,    853938,    000h 00m 01.586s,    000h 14m 13.938s
518,    1650,    855588,    000h 00m 01.650s,    000h 14m 15.588s
519,    1715,    857303,    000h 00m 01.715s,    000h 14m 17.303s
520,    1351,    858654,    000h 00m 01.351s,    000h 14m 18.654s
521,    1602,    860256,    000h 00m 01.602s,    000h 14m 20.256s
522,    1692,    861948,    000h 00m 01.692s,    000h 14m 21.948s
523,    1556,    863504,    000h 00m 01.556s,    000h 14m 23.504s
524,    1554,    865058,    000h 00m 01.554s,    000h 14m 25.058s
525,    1322,    866380,    000h 00m 01.322s,    000h 14m 26.380s
526,    1662,    868042,    000h 00m 01.662s,    000h 14m 28.042s
527,    1585,    869627,    000h 00m 01.585s,    000h 14m 29.627s
528,    1613,    871240,    000h 00m 01.613s,    000h 14m 31.240s
529,    1432,    872672,    000h 00m 01.432s,    000h 14m 32.672s
530,    1567,    874239,    000h 00m 01.567s,    000h 14m 34.239s
531,    1685,    875924,    000h 00m 01.685s,    000h 14m 35.924s
532,    1705,    877629,    000h 00m 01.705s,    000h 14m 37.629s
533,    1528,    879157,    000h 00m 01.528s,    000h 14m 39.157s
534,    1643,    880800,    000h 00m 01.643s,    000h 14m 40.800s
535,    1755,    882555,    000h 00m 01.755s,    000h 14m 42.555s
536,    1700,    884255,    000h 00m 01.700s,    000h 14m 44.255s
537,    1597,    885852,    000h 00m 01.597s,    000h 14m 45.852s
538,    1746,    887598,    000h 00m 01.746s,    000h 14m 47.598s
539,    1673,    889271,    000h 00m 01.673s,    000h 14m 49.271s
540,    1638,    890909,    000h 00m 01.638s,    000h 14m 50.909s
541,    1747,    892656,    000h 00m 01.747s,    000h 14m 52.656s
542,    1706,    894362,    000h 00m 01.706s,    000h 14m 54.362s
543,    1634,    895996,    000h 00m 01.634s,    000h 14m 55.996s
544,    1671,    897667,    000h 00m 01.671s,    000h 14m 57.667s
545,    1751,    899418,    000h 00m 01.751s,    000h 14m 59.418s
546,    1662,    901080,    000h 00m 01.662s,    000h 15m 01.080s
547,    1638,    902718,    000h 00m 01.638s,    000h 15m 02.718s
548,    1686,    904404,    000h 00m 01.686s,    000h 15m 04.404s
549,    1611,    906015,    000h 00m 01.611s,    000h 15m 06.015s
550,    1647,    907662,    000h 00m 01.647s,    000h 15m 07.662s
551,    1737,    909399,    000h 00m 01.737s,    000h 15m 09.399s
552,    1650,    911049,    000h 00m 01.650s,    000h 15m 11.049s
553,    1738,    912787,    000h 00m 01.738s,    000h 15m 12.787s
554,    1714,    914501,    000h 00m 01.714s,    000h 15m 14.501s
555,    1651,    916152,    000h 00m 01.651s,    000h 15m 16.152s
556,    1697,    917849,    000h 00m 01.697s,    000h 15m 17.849s
557,    1706,    919555,    000h 00m 01.706s,    000h 15m 19.555s
558,    1710,    921265,    000h 00m 01.710s,    000h 15m 21.265s
559,    1370,    922635,    000h 00m 01.370s,    000h 15m 22.635s
560,    1726,    924361,    000h 00m 01.726s,    000h 15m 24.361s
561,    1558,    925919,    000h 00m 01.558s,    000h 15m 25.919s
562,    1619,    927538,    000h 00m 01.619s,    000h 15m 27.538s
563,    1748,    929286,    000h 00m 01.748s,    000h 15m 29.286s
564,    1559,    930845,    000h 00m 01.559s,    000h 15m 30.845s
565,    1361,    932206,    000h 00m 01.361s,    000h 15m 32.206s
566,    1727,    933933,    000h 00m 01.727s,    000h 15m 33.933s
567,    1756,    935689,    000h 00m 01.756s,    000h 15m 35.689s
568,    1597,    937286,    000h 00m 01.597s,    000h 15m 37.286s
569,    1592,    938878,    000h 00m 01.592s,    000h 15m 38.878s
570,    1738,    940616,    000h 00m 01.738s,    000h 15m 40.616s
571,    1686,    942302,    000h 00m 01.686s,    000h 15m 42.302s
572,    1741,    944043,    000h 00m 01.741s,    000h 15m 44.043s
573,    1725,    945768,    000h 00m 01.725s,    000h 15m 45.768s
574,    1687,    947455,    000h 00m 01.687s,    000h 15m 47.455s
575,    1650,    949105,    000h 00m 01.650s,    000h 15m 49.105s
576,    1607,    950712,    000h 00m 01.607s,    000h 15m 50.712s
577,    1642,    952354,    000h 00m 01.642s,    000h 15m 52.354s
578,    1753,    954107,    000h 00m 01.753s,    000h 15m 54.107s
579,    1621,    955728,    000h 00m 01.621s,    000h 15m 55.728s
580,    1707,    957435,    000h 00m 01.707s,    000h 15m 57.435s
581,    1636,    959071,    000h 00m 01.636s,    000h 15m 59.071s
582,    1684,    960755,    000h 00m 01.684s,    000h 16m 00.755s
583,    1749,    962504,    000h 00m 01.749s,    000h 16m 02.504s
584,    1594,    964098,    000h 00m 01.594s,    000h 16m 04.098s
585,    1687,    965785,    000h 00m 01.687s,    000h 16m 05.785s
586,    1732,    967517,    000h 00m 01.732s,    000h 16m 07.517s
587,    1737,    969254,    000h 00m 01.737s,    000h 16m 09.254s
588,    1692,    970946,    000h 00m 01.692s,    000h 16m 10.946s
589,    1731,    972677,    000h 00m 01.731s,    000h 16m 12.677s
590,    1725,    974402,    000h 00m 01.725s,    000h 16m 14.402s
591,    1591,    975993,    000h 00m 01.591s,    000h 16m 15.993s
592,    1569,    977562,    000h 00m 01.569s,    000h 16m 17.562s
593,    1619,    979181,    000h 00m 01.619s,    000h 16m 19.181s
594,    1750,    980931,    000h 00m 01.750s,    000h 16m 20.931s
595,    1574,    982505,    000h 00m 01.574s,    000h 16m 22.505s
596,    1648,    984153,    000h 00m 01.648s,    000h 16m 24.153s
597,    1566,    985719,    000h 00m 01.566s,    000h 16m 25.719s
598,    1579,    987298,    000h 00m 01.579s,    000h 16m 27.298s
599,    1645,    988943,    000h 00m 01.645s,    000h 16m 28.943s
600,    1756,    990699,    000h 00m 01.756s,    000h 16m 30.699s
601,    1689,    992388,    000h 00m 01.689s,    000h 16m 32.388s
602,    1668,    994056,    000h 00m 01.668s,    000h 16m 34.056s
603,    1758,    995814,    000h 00m 01.758s,    000h 16m 35.814s
604,    1731,    997545,    000h 00m 01.731s,    000h 16m 37.545s
605,    1685,    999230,    000h 00m 01.685s,    000h 16m 39.230s
606,    1573,    1000803,    000h 00m 01.573s,    000h 16m 40.803s
607,    1650,    1002453,    000h 00m 01.650s,    000h 16m 42.453s
608,    1709,    1004162,    000h 00m 01.709s,    000h 16m 44.162s
609,    1694,    1005856,    000h 00m 01.694s,    000h 16m 45.856s
610,    1701,    1007557,    000h 00m 01.701s,    000h 16m 47.557s
611,    1688,    1009245,    000h 00m 01.688s,    000h 16m 49.245s
612,    1541,    1010786,    000h 00m 01.541s,    000h 16m 50.786s
613,    1704,    1012490,    000h 00m 01.704s,    000h 16m 52.490s
614,    1685,    1014175,    000h 00m 01.685s,    000h 16m 54.175s
615,    1743,    1015918,    000h 00m 01.743s,    000h 16m 55.918s
616,    1552,    1017470,    000h 00m 01.552s,    000h 16m 57.470s
617,    1751,    1019221,    000h 00m 01.751s,    000h 16m 59.221s
618,    1737,    1020958,    000h 00m 01.737s,    000h 17m 00.958s
619,    1775,    1022733,    000h 00m 01.775s,    000h 17m 02.733s
620,    1706,    1024439,    000h 00m 01.706s,    000h 17m 04.439s
621,    1553,    1025992,    000h 00m 01.553s,    000h 17m 05.992s
622,    1749,    1027741,    000h 00m 01.749s,    000h 17m 07.741s
623,    1548,    1029289,    000h 00m 01.548s,    000h 17m 09.289s
624,    1706,    1030995,    000h 00m 01.706s,    000h 17m 10.995s
625,    1604,    1032599,    000h 00m 01.604s,    000h 17m 12.599s
626,    1712,    1034311,    000h 00m 01.712s,    000h 17m 14.311s
627,    1628,    1035939,    000h 00m 01.628s,    000h 17m 15.939s
628,    1558,    1037497,    000h 00m 01.558s,    000h 17m 17.497s
629,    1714,    1039211,    000h 00m 01.714s,    000h 17m 19.211s
630,    1743,    1040954,    000h 00m 01.743s,    000h 17m 20.954s
631,    1551,    1042505,    000h 00m 01.551s,    000h 17m 22.505s
632,    1718,    1044223,    000h 00m 01.718s,    000h 17m 24.223s
633,    1558,    1045781,    000h 00m 01.558s,    000h 17m 25.781s
634,    1703,    1047484,    000h 00m 01.703s,    000h 17m 27.484s
635,    1613,    1049097,    000h 00m 01.613s,    000h 17m 29.097s
636,    1376,    1050473,    000h 00m 01.376s,    000h 17m 30.473s
637,    1541,    1052014,    000h 00m 01.541s,    000h 17m 32.014s
638,    1753,    1053767,    000h 00m 01.753s,    000h 17m 33.767s
639,    1737,    1055504,    000h 00m 01.737s,    000h 17m 35.504s
640,    1570,    1057074,    000h 00m 01.570s,    000h 17m 37.074s
641,    1748,    1058822,    000h 00m 01.748s,    000h 17m 38.822s
642,    1737,    1060559,    000h 00m 01.737s,    000h 17m 40.559s
643,    1615,    1062174,    000h 00m 01.615s,    000h 17m 42.174s
644,    1358,    1063532,    000h 00m 01.358s,    000h 17m 43.532s
645,    1772,    1065304,    000h 00m 01.772s,    000h 17m 45.304s
646,    1559,    1066863,    000h 00m 01.559s,    000h 17m 46.863s
647,    1700,    1068563,    000h 00m 01.700s,    000h 17m 48.563s
648,    1739,    1070302,    000h 00m 01.739s,    000h 17m 50.302s
649,    1741,    1072043,    000h 00m 01.741s,    000h 17m 52.043s
650,    1749,    1073792,    000h 00m 01.749s,    000h 17m 53.792s
651,    1605,    1075397,    000h 00m 01.605s,    000h 17m 55.397s
652,    1608,    1077005,    000h 00m 01.608s,    000h 17m 57.005s
653,    1564,    1078569,    000h 00m 01.564s,    000h 17m 58.569s
654,    1758,    1080327,    000h 00m 01.758s,    000h 18m 00.327s
655,    1667,    1081994,    000h 00m 01.667s,    000h 18m 01.994s
656,    1563,    1083557,    000h 00m 01.563s,    000h 18m 03.557s
657,    1745,    1085302,    000h 00m 01.745s,    000h 18m 05.302s
658,    1603,    1086905,    000h 00m 01.603s,    000h 18m 06.905s
659,    1742,    1088647,    000h 00m 01.742s,    000h 18m 08.647s
660,    1694,    1090341,    000h 00m 01.694s,    000h 18m 10.341s
661,    1605,    1091946,    000h 00m 01.605s,    000h 18m 11.946s
662,    1532,    1093478,    000h 00m 01.532s,    000h 18m 13.478s
663,    1731,    1095209,    000h 00m 01.731s,    000h 18m 15.209s
664,    1723,    1096932,    000h 00m 01.723s,    000h 18m 16.932s
665,    1722,    1098654,    000h 00m 01.722s,    000h 18m 18.654s
666,    1564,    1100218,    000h 00m 01.564s,    000h 18m 20.218s
667,    1710,    1101928,    000h 00m 01.710s,    000h 18m 21.928s
668,    1733,    1103661,    000h 00m 01.733s,    000h 18m 23.661s
669,    1716,    1105377,    000h 00m 01.716s,    000h 18m 25.377s
670,    1761,    1107138,    000h 00m 01.761s,    000h 18m 27.138s
671,    1772,    1108910,    000h 00m 01.772s,    000h 18m 28.910s
672,    1607,    1110517,    000h 00m 01.607s,    000h 18m 30.517s
673,    1663,    1112180,    000h 00m 01.663s,    000h 18m 32.180s
674,    1616,    1113796,    000h 00m 01.616s,    000h 18m 33.796s
675,    1694,    1115490,    000h 00m 01.694s,    000h 18m 35.490s
676,    1687,    1117177,    000h 00m 01.687s,    000h 18m 37.177s
677,    1693,    1118870,    000h 00m 01.693s,    000h 18m 38.870s
678,    1671,    1120541,    000h 00m 01.671s,    000h 18m 40.541s
679,    1692,    1122233,    000h 00m 01.692s,    000h 18m 42.233s
680,    1721,    1123954,    000h 00m 01.721s,    000h 18m 43.954s
681,    1751,    1125705,    000h 00m 01.751s,    000h 18m 45.705s
682,    1643,    1127348,    000h 00m 01.643s,    000h 18m 47.348s
683,    1683,    1129031,    000h 00m 01.683s,    000h 18m 49.031s
684,    1633,    1130664,    000h 00m 01.633s,    000h 18m 50.664s
685,    1680,    1132344,    000h 00m 01.680s,    000h 18m 52.344s
686,    1603,    1133947,    000h 00m 01.603s,    000h 18m 53.947s
687,    1635,    1135582,    000h 00m 01.635s,    000h 18m 55.582s
688,    1756,    1137338,    000h 00m 01.756s,    000h 18m 57.338s
689,    1654,    1138992,    000h 00m 01.654s,    000h 18m 58.992s
690,    1739,    1140731,    000h 00m 01.739s,    000h 19m 00.731s
691,    1752,    1142483,    000h 00m 01.752s,    000h 19m 02.483s
692,    1730,    1144213,    000h 00m 01.730s,    000h 19m 04.213s
693,    1710,    1145923,    000h 00m 01.710s,    000h 19m 05.923s
694,    1637,    1147560,    000h 00m 01.637s,    000h 19m 07.560s
695,    1646,    1149206,    000h 00m 01.646s,    000h 19m 09.206s
696,    1728,    1150934,    000h 00m 01.728s,    000h 19m 10.934s
697,    1782,    1152716,    000h 00m 01.782s,    000h 19m 12.716s
698,    1686,    1154402,    000h 00m 01.686s,    000h 19m 14.402s
699,    1725,    1156127,    000h 00m 01.725s,    000h 19m 16.127s
700,    1588,    1157715,    000h 00m 01.588s,    000h 19m 17.715s
701,    1758,    1159473,    000h 00m 01.758s,    000h 19m 19.473s
702,    1749,    1161222,    000h 00m 01.749s,    000h 19m 21.222s
703,    1746,    1162968,    000h 00m 01.746s,    000h 19m 22.968s
704,    1746,    1164714,    000h 00m 01.746s,    000h 19m 24.714s
705,    1602,    1166316,    000h 00m 01.602s,    000h 19m 26.316s
706,    1608,    1167924,    000h 00m 01.608s,    000h 19m 27.924s
707,    1566,    1169490,    000h 00m 01.566s,    000h 19m 29.490s
708,    1768,    1171258,    000h 00m 01.768s,    000h 19m 31.258s
709,    1630,    1172888,    000h 00m 01.630s,    000h 19m 32.888s
710,    1758,    1174646,    000h 00m 01.758s,    000h 19m 34.646s
711,    1639,    1176285,    000h 00m 01.639s,    000h 19m 36.285s
712,    1729,    1178014,    000h 00m 01.729s,    000h 19m 38.014s
713,    1736,    1179750,    000h 00m 01.736s,    000h 19m 39.750s
714,    1538,    1181288,    000h 00m 01.538s,    000h 19m 41.288s
715,    1773,    1183061,    000h 00m 01.773s,    000h 19m 43.061s
716,    1738,    1184799,    000h 00m 01.738s,    000h 19m 44.799s
717,    1750,    1186549,    000h 00m 01.750s,    000h 19m 46.549s
718,    1717,    1188266,    000h 00m 01.717s,    000h 19m 48.266s
719,    1636,    1189902,    000h 00m 01.636s,    000h 19m 49.902s
720,    1615,    1191517,    000h 00m 01.615s,    000h 19m 51.517s
721,    1642,    1193159,    000h 00m 01.642s,    000h 19m 53.159s
722,    1739,    1194898,    000h 00m 01.739s,    000h 19m 54.898s
723,    1592,    1196490,    000h 00m 01.592s,    000h 19m 56.490s
724,    1330,    1197820,    000h 00m 01.330s,    000h 19m 57.820s
725,    1705,    1199525,    000h 00m 01.705s,    000h 19m 59.525s
726,    1745,    1201270,    000h 00m 01.745s,    000h 20m 01.270s
727,    1759,    1203029,    000h 00m 01.759s,    000h 20m 03.029s
728,    1684,    1204713,    000h 00m 01.684s,    000h 20m 04.713s
729,    1734,    1206447,    000h 00m 01.734s,    000h 20m 06.447s
730,    1787,    1208234,    000h 00m 01.787s,    000h 20m 08.234s
731,    1603,    1209837,    000h 00m 01.603s,    000h 20m 09.837s
732,    1595,    1211432,    000h 00m 01.595s,    000h 20m 11.432s
733,    1737,    1213169,    000h 00m 01.737s,    000h 20m 13.169s
734,    1710,    1214879,    000h 00m 01.710s,    000h 20m 14.879s
735,    1607,    1216486,    000h 00m 01.607s,    000h 20m 16.486s
736,    1752,    1218238,    000h 00m 01.752s,    000h 20m 18.238s
737,    1645,    1219883,    000h 00m 01.645s,    000h 20m 19.883s
738,    1715,    1221598,    000h 00m 01.715s,    000h 20m 21.598s
739,    1735,    1223333,    000h 00m 01.735s,    000h 20m 23.333s
740,    1688,    1225021,    000h 00m 01.688s,    000h 20m 25.021s
741,    1535,    1226556,    000h 00m 01.535s,    000h 20m 26.556s
742,    1645,    1228201,    000h 00m 01.645s,    000h 20m 28.201s
743,    1732,    1229933,    000h 00m 01.732s,    000h 20m 29.933s
744,    1615,    1231548,    000h 00m 01.615s,    000h 20m 31.548s
745,    1685,    1233233,    000h 00m 01.685s,    000h 20m 33.233s
746,    1713,    1234946,    000h 00m 01.713s,    000h 20m 34.946s
747,    1689,    1236635,    000h 00m 01.689s,    000h 20m 36.635s
748,    1741,    1238376,    000h 00m 01.741s,    000h 20m 38.376s
749,    1706,    1240082,    000h 00m 01.706s,    000h 20m 40.082s
750,    1561,    1241643,    000h 00m 01.561s,    000h 20m 41.643s
751,    1693,    1243336,    000h 00m 01.693s,    000h 20m 43.336s
752,    1703,    1245039,    000h 00m 01.703s,    000h 20m 45.039s
753,    1755,    1246794,    000h 00m 01.755s,    000h 20m 46.794s
754,    1735,    1248529,    000h 00m 01.735s,    000h 20m 48.529s
755,    1609,    1250138,    000h 00m 01.609s,    000h 20m 50.138s
756,    1751,    1251889,    000h 00m 01.751s,    000h 20m 51.889s
757,    1319,    1253208,    000h 00m 01.319s,    000h 20m 53.208s
758,    1669,    1254877,    000h 00m 01.669s,    000h 20m 54.877s
759,    1671,    1256548,    000h 00m 01.671s,    000h 20m 56.548s
760,    1749,    1258297,    000h 00m 01.749s,    000h 20m 58.297s
761,    1610,    1259907,    000h 00m 01.610s,    000h 20m 59.907s
762,    1692,    1261599,    000h 00m 01.692s,    000h 21m 01.599s
763,    1568,    1263167,    000h 00m 01.568s,    000h 21m 03.167s
764,    1527,    1264694,    000h 00m 01.527s,    000h 21m 04.694s
765,    1705,    1266399,    000h 00m 01.705s,    000h 21m 06.399s
766,    1754,    1268153,    000h 00m 01.754s,    000h 21m 08.153s
767,    1741,    1269894,    000h 00m 01.741s,    000h 21m 09.894s
768,    1666,    1271560,    000h 00m 01.666s,    000h 21m 11.560s
769,    1634,    1273194,    000h 00m 01.634s,    000h 21m 13.194s
770,    1698,    1274892,    000h 00m 01.698s,    000h 21m 14.892s
771,    1742,    1276634,    000h 00m 01.742s,    000h 21m 16.634s
772,    1318,    1277952,    000h 00m 01.318s,    000h 21m 17.952s
773,    1704,    1279656,    000h 00m 01.704s,    000h 21m 19.656s
774,    1746,    1281402,    000h 00m 01.746s,    000h 21m 21.402s
775,    1737,    1283139,    000h 00m 01.737s,    000h 21m 23.139s
776,    1728,    1284867,    000h 00m 01.728s,    000h 21m 24.867s
777,    1745,    1286612,    000h 00m 01.745s,    000h 21m 26.612s
778,    1600,    1288212,    000h 00m 01.600s,    000h 21m 28.212s
779,    1720,    1289932,    000h 00m 01.720s,    000h 21m 29.932s
780,    1569,    1291501,    000h 00m 01.569s,    000h 21m 31.501s
781,    1363,    1292864,    000h 00m 01.363s,    000h 21m 32.864s
782,    1651,    1294515,    000h 00m 01.651s,    000h 21m 34.515s
783,    1598,    1296113,    000h 00m 01.598s,    000h 21m 36.113s
784,    1744,    1297857,    000h 00m 01.744s,    000h 21m 37.857s
785,    1721,    1299578,    000h 00m 01.721s,    000h 21m 39.578s
786,    1599,    1301177,    000h 00m 01.599s,    000h 21m 41.177s
787,    1702,    1302879,    000h 00m 01.702s,    000h 21m 42.879s
788,    1668,    1304547,    000h 00m 01.668s,    000h 21m 44.547s
789,    1801,    1306348,    000h 00m 01.801s,    000h 21m 46.348s
790,    1564,    1307912,    000h 00m 01.564s,    000h 21m 47.912s
791,    1722,    1309634,    000h 00m 01.722s,    000h 21m 49.634s
792,    1319,    1310953,    000h 00m 01.319s,    000h 21m 50.953s
793,    1597,    1312550,    000h 00m 01.597s,    000h 21m 52.550s
794,    1687,    1314237,    000h 00m 01.687s,    000h 21m 54.237s
795,    1357,    1315594,    000h 00m 01.357s,    000h 21m 55.594s
796,    1569,    1317163,    000h 00m 01.569s,    000h 21m 57.163s
797,    1765,    1318928,    000h 00m 01.765s,    000h 21m 58.928s
798,    1680,    1320608,    000h 00m 01.680s,    000h 22m 00.608s
799,    1723,    1322331,    000h 00m 01.723s,    000h 22m 02.331s
800,    1570,    1323901,    000h 00m 01.570s,    000h 22m 03.901s
801,    1759,    1325660,    000h 00m 01.759s,    000h 22m 05.660s
802,    1558,    1327218,    000h 00m 01.558s,    000h 22m 07.218s
803,    1654,    1328872,    000h 00m 01.654s,    000h 22m 08.872s
804,    1623,    1330495,    000h 00m 01.623s,    000h 22m 10.495s
805,    1786,    1332281,    000h 00m 01.786s,    000h 22m 12.281s
806,    1729,    1334010,    000h 00m 01.729s,    000h 22m 14.010s
807,    1697,    1335707,    000h 00m 01.697s,    000h 22m 15.707s
808,    1744,    1337451,    000h 00m 01.744s,    000h 22m 17.451s
809,    1720,    1339171,    000h 00m 01.720s,    000h 22m 19.171s
810,    1687,    1340858,    000h 00m 01.687s,    000h 22m 20.858s
811,    1672,    1342530,    000h 00m 01.672s,    000h 22m 22.530s
812,    1555,    1344085,    000h 00m 01.555s,    000h 22m 24.085s
813,    1584,    1345669,    000h 00m 01.584s,    000h 22m 25.669s
814,    1774,    1347443,    000h 00m 01.774s,    000h 22m 27.443s
815,    1582,    1349025,    000h 00m 01.582s,    000h 22m 29.025s
816,    1660,    1350685,    000h 00m 01.660s,    000h 22m 30.685s
817,    1546,    1352231,    000h 00m 01.546s,    000h 22m 32.231s
818,    1688,    1353919,    000h 00m 01.688s,    000h 22m 33.919s
819,    1579,    1355498,    000h 00m 01.579s,    000h 22m 35.498s
820,    1343,    1356841,    000h 00m 01.343s,    000h 22m 36.841s
821,    1433,    1358274,    000h 00m 01.433s,    000h 22m 38.274s
822,    1605,    1359879,    000h 00m 01.605s,    000h 22m 39.879s
823,    1748,    1361627,    000h 00m 01.748s,    000h 22m 41.627s
824,    1770,    1363397,    000h 00m 01.770s,    000h 22m 43.397s
825,    1769,    1365166,    000h 00m 01.769s,    000h 22m 45.166s
826,    1765,    1366931,    000h 00m 01.765s,    000h 22m 46.931s
827,    1750,    1368681,    000h 00m 01.750s,    000h 22m 48.681s
828,    1681,    1370362,    000h 00m 01.681s,    000h 22m 50.362s
829,    1678,    1372040,    000h 00m 01.678s,    000h 22m 52.040s
830,    1566,    1373606,    000h 00m 01.566s,    000h 22m 53.606s
831,    1735,    1375341,    000h 00m 01.735s,    000h 22m 55.341s
832,    1758,    1377099,    000h 00m 01.758s,    000h 22m 57.099s
833,    1701,    1378800,    000h 00m 01.701s,    000h 22m 58.800s
834,    1775,    1380575,    000h 00m 01.775s,    000h 23m 00.575s
835,    1775,    1382350,    000h 00m 01.775s,    000h 23m 02.350s
836,    1565,    1383915,    000h 00m 01.565s,    000h 23m 03.915s
837,    1729,    1385644,    000h 00m 01.729s,    000h 23m 05.644s
838,    1595,    1387239,    000h 00m 01.595s,    000h 23m 07.239s
839,    1743,    1388982,    000h 00m 01.743s,    000h 23m 08.982s
840,    1723,    1390705,    000h 00m 01.723s,    000h 23m 10.705s
841,    1736,    1392441,    000h 00m 01.736s,    000h 23m 12.441s
842,    1577,    1394018,    000h 00m 01.577s,    000h 23m 14.018s
843,    1707,    1395725,    000h 00m 01.707s,    000h 23m 15.725s
844,    1719,    1397444,    000h 00m 01.719s,    000h 23m 17.444s
845,    1717,    1399161,    000h 00m 01.717s,    000h 23m 19.161s
846,    1620,    1400781,    000h 00m 01.620s,    000h 23m 20.781s
847,    1621,    1402402,    000h 00m 01.621s,    000h 23m 22.402s
848,    1420,    1403822,    000h 00m 01.420s,    000h 23m 23.822s
849,    1567,    1405389,    000h 00m 01.567s,    000h 23m 25.389s
850,    1617,    1407006,    000h 00m 01.617s,    000h 23m 27.006s
851,    1693,    1408699,    000h 00m 01.693s,    000h 23m 28.699s
852,    1598,    1410297,    000h 00m 01.598s,    000h 23m 30.297s
853,    1644,    1411941,    000h 00m 01.644s,    000h 23m 31.941s
854,    1668,    1413609,    000h 00m 01.668s,    000h 23m 33.609s
855,    1661,    1415270,    000h 00m 01.661s,    000h 23m 35.270s
856,    1766,    1417036,    000h 00m 01.766s,    000h 23m 37.036s
857,    1341,    1418377,    000h 00m 01.341s,    000h 23m 38.377s
858,    1521,    1419898,    000h 00m 01.521s,    000h 23m 39.898s
859,    1733,    1421631,    000h 00m 01.733s,    000h 23m 41.631s
860,    1584,    1423215,    000h 00m 01.584s,    000h 23m 43.215s
861,    1698,    1424913,    000h 00m 01.698s,    000h 23m 44.913s
862,    1544,    1426457,    000h 00m 01.544s,    000h 23m 46.457s
863,    1651,    1428108,    000h 00m 01.651s,    000h 23m 48.108s
864,    1778,    1429886,    000h 00m 01.778s,    000h 23m 49.886s
865,    1581,    1431467,    000h 00m 01.581s,    000h 23m 51.467s
866,    1592,    1433059,    000h 00m 01.592s,    000h 23m 53.059s
867,    1623,    1434682,    000h 00m 01.623s,    000h 23m 54.682s
868,    1750,    1436432,    000h 00m 01.750s,    000h 23m 56.432s
869,    1321,    1437753,    000h 00m 01.321s,    000h 23m 57.753s
870,    1674,    1439427,    000h 00m 01.674s,    000h 23m 59.427s
871,    1747,    1441174,    000h 00m 01.747s,    000h 24m 01.174s
872,    1728,    1442902,    000h 00m 01.728s,    000h 24m 02.902s
873,    1559,    1444461,    000h 00m 01.559s,    000h 24m 04.461s
874,    1625,    1446086,    000h 00m 01.625s,    000h 24m 06.086s
875,    1739,    1447825,    000h 00m 01.739s,    000h 24m 07.825s
876,    1689,    1449514,    000h 00m 01.689s,    000h 24m 09.514s
877,    1760,    1451274,    000h 00m 01.760s,    000h 24m 11.274s
878,    1658,    1452932,    000h 00m 01.658s,    000h 24m 12.932s
879,    1767,    1454699,    000h 00m 01.767s,    000h 24m 14.699s
880,    1644,    1456343,    000h 00m 01.644s,    000h 24m 16.343s
881,    1739,    1458082,    000h 00m 01.739s,    000h 24m 18.082s
882,    1363,    1459445,    000h 00m 01.363s,    000h 24m 19.445s
883,    1660,    1461105,    000h 00m 01.660s,    000h 24m 21.105s
884,    1550,    1462655,    000h 00m 01.550s,    000h 24m 22.655s
885,    1785,    1464440,    000h 00m 01.785s,    000h 24m 24.440s
886,    1570,    1466010,    000h 00m 01.570s,    000h 24m 26.010s
887,    1538,    1467548,    000h 00m 01.538s,    000h 24m 27.548s
888,    1735,    1469283,    000h 00m 01.735s,    000h 24m 29.283s
889,    1674,    1470957,    000h 00m 01.674s,    000h 24m 30.957s
890,    1682,    1472639,    000h 00m 01.682s,    000h 24m 32.639s
891,    1392,    1474031,    000h 00m 01.392s,    000h 24m 34.031s
892,    1783,    1475814,    000h 00m 01.783s,    000h 24m 35.814s
893,    1675,    1477489,    000h 00m 01.675s,    000h 24m 37.489s
894,    1652,    1479141,    000h 00m 01.652s,    000h 24m 39.141s
895,    1525,    1480666,    000h 00m 01.525s,    000h 24m 40.666s
896,    1751,    1482417,    000h 00m 01.751s,    000h 24m 42.417s
897,    1752,    1484169,    000h 00m 01.752s,    000h 24m 44.169s
898,    1744,    1485913,    000h 00m 01.744s,    000h 24m 45.913s
899,    1652,    1487565,    000h 00m 01.652s,    000h 24m 47.565s
900,    1622,    1489187,    000h 00m 01.622s,    000h 24m 49.187s
901,    1721,    1490908,    000h 00m 01.721s,    000h 24m 50.908s
902,    1594,    1492502,    000h 00m 01.594s,    000h 24m 52.502s
903,    1681,    1494183,    000h 00m 01.681s,    000h 24m 54.183s
904,    1576,    1495759,    000h 00m 01.576s,    000h 24m 55.759s
905,    1607,    1497366,    000h 00m 01.607s,    000h 24m 57.366s
906,    1542,    1498908,    000h 00m 01.542s,    000h 24m 58.908s
907,    1743,    1500651,    000h 00m 01.743s,    000h 25m 00.651s
908,    1735,    1502386,    000h 00m 01.735s,    000h 25m 02.386s
909,    1555,    1503941,    000h 00m 01.555s,    000h 25m 03.941s
910,    1579,    1505520,    000h 00m 01.579s,    000h 25m 05.520s
911,    1736,    1507256,    000h 00m 01.736s,    000h 25m 07.256s
912,    1381,    1508637,    000h 00m 01.381s,    000h 25m 08.637s
913,    1725,    1510362,    000h 00m 01.725s,    000h 25m 10.362s
914,    1739,    1512101,    000h 00m 01.739s,    000h 25m 12.101s
915,    1646,    1513747,    000h 00m 01.646s,    000h 25m 13.747s
916,    1743,    1515490,    000h 00m 01.743s,    000h 25m 15.490s
917,    1599,    1517089,    000h 00m 01.599s,    000h 25m 17.089s
918,    1548,    1518637,    000h 00m 01.548s,    000h 25m 18.637s
919,    1611,    1520248,    000h 00m 01.611s,    000h 25m 20.248s
920,    1653,    1521901,    000h 00m 01.653s,    000h 25m 21.901s
921,    1585,    1523486,    000h 00m 01.585s,    000h 25m 23.486s
922,    1366,    1524852,    000h 00m 01.366s,    000h 25m 24.852s
923,    1643,    1526495,    000h 00m 01.643s,    000h 25m 26.495s
924,    1732,    1528227,    000h 00m 01.732s,    000h 25m 28.227s
925,    1676,    1529903,    000h 00m 01.676s,    000h 25m 29.903s
926,    1627,    1531530,    000h 00m 01.627s,    000h 25m 31.530s
927,    1756,    1533286,    000h 00m 01.756s,    000h 25m 33.286s
928,    1643,    1534929,    000h 00m 01.643s,    000h 25m 34.929s
929,    1683,    1536612,    000h 00m 01.683s,    000h 25m 36.612s
930,    1594,    1538206,    000h 00m 01.594s,    000h 25m 38.206s
931,    1569,    1539775,    000h 00m 01.569s,    000h 25m 39.775s
932,    1674,    1541449,    000h 00m 01.674s,    000h 25m 41.449s
933,    1717,    1543166,    000h 00m 01.717s,    000h 25m 43.166s
934,    1725,    1544891,    000h 00m 01.725s,    000h 25m 44.891s
935,    1595,    1546486,    000h 00m 01.595s,    000h 25m 46.486s
936,    1616,    1548102,    000h 00m 01.616s,    000h 25m 48.102s
937,    1726,    1549828,    000h 00m 01.726s,    000h 25m 49.828s
938,    1575,    1551403,    000h 00m 01.575s,    000h 25m 51.403s
939,    1545,    1552948,    000h 00m 01.545s,    000h 25m 52.948s
940,    1757,    1554705,    000h 00m 01.757s,    000h 25m 54.705s
941,    1575,    1556280,    000h 00m 01.575s,    000h 25m 56.280s
942,    1762,    1558042,    000h 00m 01.762s,    000h 25m 58.042s
943,    1756,    1559798,    000h 00m 01.756s,    000h 25m 59.798s
944,    1549,    1561347,    000h 00m 01.549s,    000h 26m 01.347s
945,    1689,    1563036,    000h 00m 01.689s,    000h 26m 03.036s
946,    1711,    1564747,    000h 00m 01.711s,    000h 26m 04.747s
947,    1606,    1566353,    000h 00m 01.606s,    000h 26m 06.353s
948,    1715,    1568068,    000h 00m 01.715s,    000h 26m 08.068s
949,    1713,    1569781,    000h 00m 01.713s,    000h 26m 09.781s
950,    1583,    1571364,    000h 00m 01.583s,    000h 26m 11.364s
951,    1746,    1573110,    000h 00m 01.746s,    000h 26m 13.110s
952,    1717,    1574827,    000h 00m 01.717s,    000h 26m 14.827s
953,    1672,    1576499,    000h 00m 01.672s,    000h 26m 16.499s
954,    1741,    1578240,    000h 00m 01.741s,    000h 26m 18.240s
955,    1769,    1580009,    000h 00m 01.769s,    000h 26m 20.009s
956,    1751,    1581760,    000h 00m 01.751s,    000h 26m 21.760s
957,    1683,    1583443,    000h 00m 01.683s,    000h 26m 23.443s
958,    1612,    1585055,    000h 00m 01.612s,    000h 26m 25.055s
959,    1684,    1586739,    000h 00m 01.684s,    000h 26m 26.739s
960,    1551,    1588290,    000h 00m 01.551s,    000h 26m 28.290s
961,    1736,    1590026,    000h 00m 01.736s,    000h 26m 30.026s
962,    1704,    1591730,    000h 00m 01.704s,    000h 26m 31.730s
963,    1713,    1593443,    000h 00m 01.713s,    000h 26m 33.443s
964,    1564,    1595007,    000h 00m 01.564s,    000h 26m 35.007s
965,    1690,    1596697,    000h 00m 01.690s,    000h 26m 36.697s
966,    1563,    1598260,    000h 00m 01.563s,    000h 26m 38.260s
967,    1595,    1599855,    000h 00m 01.595s,    000h 26m 39.855s
968,    1648,    1601503,    000h 00m 01.648s,    000h 26m 41.503s
969,    1558,    1603061,    000h 00m 01.558s,    000h 26m 43.061s
970,    1674,    1604735,    000h 00m 01.674s,    000h 26m 44.735s
971,    1642,    1606377,    000h 00m 01.642s,    000h 26m 46.377s
972,    1710,    1608087,    000h 00m 01.710s,    000h 26m 48.087s
973,    1587,    1609674,    000h 00m 01.587s,    000h 26m 49.674s
974,    1691,    1611365,    000h 00m 01.691s,    000h 26m 51.365s
975,    1728,    1613093,    000h 00m 01.728s,    000h 26m 53.093s
976,    1778,    1614871,    000h 00m 01.778s,    000h 26m 54.871s
977,    1731,    1616602,    000h 00m 01.731s,    000h 26m 56.602s
978,    1656,    1618258,    000h 00m 01.656s,    000h 26m 58.258s
979,    1719,    1619977,    000h 00m 01.719s,    000h 26m 59.977s
980,    1555,    1621532,    000h 00m 01.555s,    000h 27m 01.532s
981,    1741,    1623273,    000h 00m 01.741s,    000h 27m 03.273s
982,    1742,    1625015,    000h 00m 01.742s,    000h 27m 05.015s
983,    1735,    1626750,    000h 00m 01.735s,    000h 27m 06.750s
984,    1772,    1628522,    000h 00m 01.772s,    000h 27m 08.522s
985,    1653,    1630175,    000h 00m 01.653s,    000h 27m 10.175s
986,    1705,    1631880,    000h 00m 01.705s,    000h 27m 11.880s
987,    1727,    1633607,    000h 00m 01.727s,    000h 27m 13.607s
988,    1761,    1635368,    000h 00m 01.761s,    000h 27m 15.368s
989,    1615,    1636983,    000h 00m 01.615s,    000h 27m 16.983s
990,    1652,    1638635,    000h 00m 01.652s,    000h 27m 18.635s
991,    1652,    1640287,    000h 00m 01.652s,    000h 27m 20.287s
992,    1772,    1642059,    000h 00m 01.772s,    000h 27m 22.059s
993,    1725,    1643784,    000h 00m 01.725s,    000h 27m 23.784s
994,    1647,    1645431,    000h 00m 01.647s,    000h 27m 25.431s
995,    1750,    1647181,    000h 00m 01.750s,    000h 27m 27.181s
996,    1663,    1648844,    000h 00m 01.663s,    000h 27m 28.844s
997,    1708,    1650552,    000h 00m 01.708s,    000h 27m 30.552s
998,    1654,    1652206,    000h 00m 01.654s,    000h 27m 32.206s
999,    1598,    1653804,    000h 00m 01.598s,    000h 27m 33.804s
1000,    1695,    1655499,    000h 00m 01.695s,    000h 27m 35.499s
1001,    1544,    1657043,    000h 00m 01.544s,    000h 27m 37.043s
1002,    1728,    1658771,    000h 00m 01.728s,    000h 27m 38.771s
1003,    1714,    1660485,    000h 00m 01.714s,    000h 27m 40.485s
1004,    1579,    1662064,    000h 00m 01.579s,    000h 27m 42.064s
1005,    1646,    1663710,    000h 00m 01.646s,    000h 27m 43.710s
1006,    1630,    1665340,    000h 00m 01.630s,    000h 27m 45.340s
1007,    1651,    1666991,    000h 00m 01.651s,    000h 27m 46.991s
1008,    1746,    1668737,    000h 00m 01.746s,    000h 27m 48.737s
1009,    1719,    1670456,    000h 00m 01.719s,    000h 27m 50.456s
1010,    1688,    1672144,    000h 00m 01.688s,    000h 27m 52.144s
1011,    1481,    1673625,    000h 00m 01.481s,    000h 27m 53.625s
1012,    1677,    1675302,    000h 00m 01.677s,    000h 27m 55.302s
1013,    1723,    1677025,    000h 00m 01.723s,    000h 27m 57.025s
1014,    1791,    1678816,    000h 00m 01.791s,    000h 27m 58.816s
1015,    1599,    1680415,    000h 00m 01.599s,    000h 28m 00.415s
1016,    1704,    1682119,    000h 00m 01.704s,    000h 28m 02.119s
1017,    1771,    1683890,    000h 00m 01.771s,    000h 28m 03.890s
1018,    1636,    1685526,    000h 00m 01.636s,    000h 28m 05.526s
1019,    1644,    1687170,    000h 00m 01.644s,    000h 28m 07.170s
1020,    1698,    1688868,    000h 00m 01.698s,    000h 28m 08.868s
1021,    1604,    1690472,    000h 00m 01.604s,    000h 28m 10.472s
1022,    1662,    1692134,    000h 00m 01.662s,    000h 28m 12.134s
1023,    1576,    1693710,    000h 00m 01.576s,    000h 28m 13.710s
1024,    1680,    1695390,    000h 00m 01.680s,    000h 28m 15.390s
1025,    1647,    1697037,    000h 00m 01.647s,    000h 28m 17.037s
