pass,    time (ms),    total time (ms),    time,     total_time
1,    2174,    2174,    000h 00m 02.174s,    000h 00m 02.174s
2,    2055,    4229,    000h 00m 02.055s,    000h 00m 04.229s
3,    2158,    6387,    000h 00m 02.158s,    000h 00m 06.387s
4,    2162,    8549,    000h 00m 02.162s,    000h 00m 08.549s
5,    2212,    10761,    000h 00m 02.212s,    000h 00m 10.761s
6,    2243,    13004,    000h 00m 02.243s,    000h 00m 13.004s
7,    2256,    15260,    000h 00m 02.256s,    000h 00m 15.260s
8,    2224,    17484,    000h 00m 02.224s,    000h 00m 17.484s
9,    2114,    19598,    000h 00m 02.114s,    000h 00m 19.598s
10,    2208,    21806,    000h 00m 02.208s,    000h 00m 21.806s
11,    2103,    23909,    000h 00m 02.103s,    000h 00m 23.909s
12,    2204,    26113,    000h 00m 02.204s,    000h 00m 26.113s
13,    2325,    28438,    000h 00m 02.325s,    000h 00m 28.438s
14,    2165,    30603,    000h 00m 02.165s,    000h 00m 30.603s
15,    2136,    32739,    000h 00m 02.136s,    000h 00m 32.739s
16,    2059,    34798,    000h 00m 02.059s,    000h 00m 34.798s
17,    2203,    37001,    000h 00m 02.203s,    000h 00m 37.001s
18,    2223,    39224,    000h 00m 02.223s,    000h 00m 39.224s
19,    2144,    41368,    000h 00m 02.144s,    000h 00m 41.368s
20,    2027,    43395,    000h 00m 02.027s,    000h 00m 43.395s
21,    2128,    45523,    000h 00m 02.128s,    000h 00m 45.523s
22,    2157,    47680,    000h 00m 02.157s,    000h 00m 47.680s
23,    2159,    49839,    000h 00m 02.159s,    000h 00m 49.839s
24,    2159,    51998,    000h 00m 02.159s,    000h 00m 51.998s
25,    2178,    54176,    000h 00m 02.178s,    000h 00m 54.176s
26,    2165,    56341,    000h 00m 02.165s,    000h 00m 56.341s
27,    2206,    58547,    000h 00m 02.206s,    000h 00m 58.547s
28,    2179,    60726,    000h 00m 02.179s,    000h 01m 00.726s
29,    2237,    62963,    000h 00m 02.237s,    000h 01m 02.963s
30,    2145,    65108,    000h 00m 02.145s,    000h 01m 05.108s
31,    2206,    67314,    000h 00m 02.206s,    000h 01m 07.314s
32,    2067,    69381,    000h 00m 02.067s,    000h 01m 09.381s
33,    2195,    71576,    000h 00m 02.195s,    000h 01m 11.576s
34,    2074,    73650,    000h 00m 02.074s,    000h 01m 13.650s
35,    2219,    75869,    000h 00m 02.219s,    000h 01m 15.869s
36,    2220,    78089,    000h 00m 02.220s,    000h 01m 18.089s
37,    2268,    80357,    000h 00m 02.268s,    000h 01m 20.357s
38,    2219,    82576,    000h 00m 02.219s,    000h 01m 22.576s
39,    2202,    84778,    000h 00m 02.202s,    000h 01m 24.778s
40,    2144,    86922,    000h 00m 02.144s,    000h 01m 26.922s
41,    2276,    89198,    000h 00m 02.276s,    000h 01m 29.198s
42,    2116,    91314,    000h 00m 02.116s,    000h 01m 31.314s
43,    2135,    93449,    000h 00m 02.135s,    000h 01m 33.449s
44,    2204,    95653,    000h 00m 02.204s,    000h 01m 35.653s
45,    2124,    97777,    000h 00m 02.124s,    000h 01m 37.777s
46,    2086,    99863,    000h 00m 02.086s,    000h 01m 39.863s
47,    2143,    102006,    000h 00m 02.143s,    000h 01m 42.006s
48,    2234,    104240,    000h 00m 02.234s,    000h 01m 44.240s
49,    2265,    106505,    000h 00m 02.265s,    000h 01m 46.505s
50,    2410,    108915,    000h 00m 02.410s,    000h 01m 48.915s
51,    2502,    111417,    000h 00m 02.502s,    000h 01m 51.417s
52,    2187,    113604,    000h 00m 02.187s,    000h 01m 53.604s
53,    2266,    115870,    000h 00m 02.266s,    000h 01m 55.870s
54,    2215,    118085,    000h 00m 02.215s,    000h 01m 58.085s
55,    2292,    120377,    000h 00m 02.292s,    000h 02m 00.377s
56,    2211,    122588,    000h 00m 02.211s,    000h 02m 02.588s
57,    2210,    124798,    000h 00m 02.210s,    000h 02m 04.798s
58,    2107,    126905,    000h 00m 02.107s,    000h 02m 06.905s
59,    2221,    129126,    000h 00m 02.221s,    000h 02m 09.126s
60,    2204,    131330,    000h 00m 02.204s,    000h 02m 11.330s
61,    2216,    133546,    000h 00m 02.216s,    000h 02m 13.546s
62,    2065,    135611,    000h 00m 02.065s,    000h 02m 15.611s
63,    2025,    137636,    000h 00m 02.025s,    000h 02m 17.636s
64,    2164,    139800,    000h 00m 02.164s,    000h 02m 19.800s
65,    2267,    142067,    000h 00m 02.267s,    000h 02m 22.067s
66,    2202,    144269,    000h 00m 02.202s,    000h 02m 24.269s
67,    2203,    146472,    000h 00m 02.203s,    000h 02m 26.472s
68,    2117,    148589,    000h 00m 02.117s,    000h 02m 28.589s
69,    2141,    150730,    000h 00m 02.141s,    000h 02m 30.730s
70,    2101,    152831,    000h 00m 02.101s,    000h 02m 32.831s
71,    2251,    155082,    000h 00m 02.251s,    000h 02m 35.082s
72,    2052,    157134,    000h 00m 02.052s,    000h 02m 37.134s
73,    2198,    159332,    000h 00m 02.198s,    000h 02m 39.332s
74,    2186,    161518,    000h 00m 02.186s,    000h 02m 41.518s
75,    2081,    163599,    000h 00m 02.081s,    000h 02m 43.599s
76,    2219,    165818,    000h 00m 02.219s,    000h 02m 45.818s
77,    2159,    167977,    000h 00m 02.159s,    000h 02m 47.977s
78,    2169,    170146,    000h 00m 02.169s,    000h 02m 50.146s
79,    2193,    172339,    000h 00m 02.193s,    000h 02m 52.339s
80,    2116,    174455,    000h 00m 02.116s,    000h 02m 54.455s
81,    2184,    176639,    000h 00m 02.184s,    000h 02m 56.639s
82,    2125,    178764,    000h 00m 02.125s,    000h 02m 58.764s
83,    2133,    180897,    000h 00m 02.133s,    000h 03m 00.897s
84,    2145,    183042,    000h 00m 02.145s,    000h 03m 03.042s
85,    2224,    185266,    000h 00m 02.224s,    000h 03m 05.266s
86,    2132,    187398,    000h 00m 02.132s,    000h 03m 07.398s
87,    2233,    189631,    000h 00m 02.233s,    000h 03m 09.631s
88,    2209,    191840,    000h 00m 02.209s,    000h 03m 11.840s
89,    2214,    194054,    000h 00m 02.214s,    000h 03m 14.054s
90,    2170,    196224,    000h 00m 02.170s,    000h 03m 16.224s
91,    2125,    198349,    000h 00m 02.125s,    000h 03m 18.349s
92,    2064,    200413,    000h 00m 02.064s,    000h 03m 20.413s
93,    2140,    202553,    000h 00m 02.140s,    000h 03m 22.553s
94,    2130,    204683,    000h 00m 02.130s,    000h 03m 24.683s
95,    2139,    206822,    000h 00m 02.139s,    000h 03m 26.822s
96,    2176,    208998,    000h 00m 02.176s,    000h 03m 28.998s
97,    2088,    211086,    000h 00m 02.088s,    000h 03m 31.086s
98,    2335,    213421,    000h 00m 02.335s,    000h 03m 33.421s
99,    2266,    215687,    000h 00m 02.266s,    000h 03m 35.687s
100,    2189,    217876,    000h 00m 02.189s,    000h 03m 37.876s
101,    2026,    219902,    000h 00m 02.026s,    000h 03m 39.902s
102,    2241,    222143,    000h 00m 02.241s,    000h 03m 42.143s
103,    2238,    224381,    000h 00m 02.238s,    000h 03m 44.381s
104,    2117,    226498,    000h 00m 02.117s,    000h 03m 46.498s
105,    2289,    228787,    000h 00m 02.289s,    000h 03m 48.787s
106,    2034,    230821,    000h 00m 02.034s,    000h 03m 50.821s
107,    2151,    232972,    000h 00m 02.151s,    000h 03m 52.972s
108,    2171,    235143,    000h 00m 02.171s,    000h 03m 55.143s
109,    2186,    237329,    000h 00m 02.186s,    000h 03m 57.329s
110,    2284,    239613,    000h 00m 02.284s,    000h 03m 59.613s
111,    2134,    241747,    000h 00m 02.134s,    000h 04m 01.747s
112,    2051,    243798,    000h 00m 02.051s,    000h 04m 03.798s
113,    2106,    245904,    000h 00m 02.106s,    000h 04m 05.904s
114,    2214,    248118,    000h 00m 02.214s,    000h 04m 08.118s
115,    2133,    250251,    000h 00m 02.133s,    000h 04m 10.251s
116,    2199,    252450,    000h 00m 02.199s,    000h 04m 12.450s
117,    2235,    254685,    000h 00m 02.235s,    000h 04m 14.685s
118,    2143,    256828,    000h 00m 02.143s,    000h 04m 16.828s
119,    2183,    259011,    000h 00m 02.183s,    000h 04m 19.011s
120,    2166,    261177,    000h 00m 02.166s,    000h 04m 21.177s
121,    2087,    263264,    000h 00m 02.087s,    000h 04m 23.264s
122,    2129,    265393,    000h 00m 02.129s,    000h 04m 25.393s
123,    2143,    267536,    000h 00m 02.143s,    000h 04m 27.536s
124,    2131,    269667,    000h 00m 02.131s,    000h 04m 29.667s
125,    2122,    271789,    000h 00m 02.122s,    000h 04m 31.789s
126,    2135,    273924,    000h 00m 02.135s,    000h 04m 33.924s
127,    2226,    276150,    000h 00m 02.226s,    000h 04m 36.150s
128,    2208,    278358,    000h 00m 02.208s,    000h 04m 38.358s
129,    2186,    280544,    000h 00m 02.186s,    000h 04m 40.544s
130,    2223,    282767,    000h 00m 02.223s,    000h 04m 42.767s
131,    2138,    284905,    000h 00m 02.138s,    000h 04m 44.905s
132,    2243,    287148,    000h 00m 02.243s,    000h 04m 47.148s
133,    2049,    289197,    000h 00m 02.049s,    000h 04m 49.197s
134,    2204,    291401,    000h 00m 02.204s,    000h 04m 51.401s
135,    2175,    293576,    000h 00m 02.175s,    000h 04m 53.576s
136,    2159,    295735,    000h 00m 02.159s,    000h 04m 55.735s
137,    2132,    297867,    000h 00m 02.132s,    000h 04m 57.867s
138,    2177,    300044,    000h 00m 02.177s,    000h 05m 00.044s
139,    2235,    302279,    000h 00m 02.235s,    000h 05m 02.279s
140,    2198,    304477,    000h 00m 02.198s,    000h 05m 04.477s
141,    2084,    306561,    000h 00m 02.084s,    000h 05m 06.561s
142,    2254,    308815,    000h 00m 02.254s,    000h 05m 08.815s
143,    2207,    311022,    000h 00m 02.207s,    000h 05m 11.022s
144,    2158,    313180,    000h 00m 02.158s,    000h 05m 13.180s
145,    2188,    315368,    000h 00m 02.188s,    000h 05m 15.368s
146,    2067,    317435,    000h 00m 02.067s,    000h 05m 17.435s
147,    2099,    319534,    000h 00m 02.099s,    000h 05m 19.534s
148,    2141,    321675,    000h 00m 02.141s,    000h 05m 21.675s
149,    2246,    323921,    000h 00m 02.246s,    000h 05m 23.921s
150,    2176,    326097,    000h 00m 02.176s,    000h 05m 26.097s
151,    2162,    328259,    000h 00m 02.162s,    000h 05m 28.259s
152,    2156,    330415,    000h 00m 02.156s,    000h 05m 30.415s
153,    2170,    332585,    000h 00m 02.170s,    000h 05m 32.585s
154,    2137,    334722,    000h 00m 02.137s,    000h 05m 34.722s
155,    2217,    336939,    000h 00m 02.217s,    000h 05m 36.939s
156,    2097,    339036,    000h 00m 02.097s,    000h 05m 39.036s
157,    2285,    341321,    000h 00m 02.285s,    000h 05m 41.321s
158,    2232,    343553,    000h 00m 02.232s,    000h 05m 43.553s
159,    2226,    345779,    000h 00m 02.226s,    000h 05m 45.779s
160,    2266,    348045,    000h 00m 02.266s,    000h 05m 48.045s
161,    2127,    350172,    000h 00m 02.127s,    000h 05m 50.172s
162,    2229,    352401,    000h 00m 02.229s,    000h 05m 52.401s
163,    2206,    354607,    000h 00m 02.206s,    000h 05m 54.607s
164,    2181,    356788,    000h 00m 02.181s,    000h 05m 56.788s
165,    2137,    358925,    000h 00m 02.137s,    000h 05m 58.925s
166,    2136,    361061,    000h 00m 02.136s,    000h 06m 01.061s
167,    2176,    363237,    000h 00m 02.176s,    000h 06m 03.237s
168,    2135,    365372,    000h 00m 02.135s,    000h 06m 05.372s
169,    2115,    367487,    000h 00m 02.115s,    000h 06m 07.487s
170,    2197,    369684,    000h 00m 02.197s,    000h 06m 09.684s
171,    2219,    371903,    000h 00m 02.219s,    000h 06m 11.903s
172,    2304,    374207,    000h 00m 02.304s,    000h 06m 14.207s
173,    2230,    376437,    000h 00m 02.230s,    000h 06m 16.437s
174,    2157,    378594,    000h 00m 02.157s,    000h 06m 18.594s
175,    2213,    380807,    000h 00m 02.213s,    000h 06m 20.807s
176,    2170,    382977,    000h 00m 02.170s,    000h 06m 22.977s
177,    2231,    385208,    000h 00m 02.231s,    000h 06m 25.208s
178,    2126,    387334,    000h 00m 02.126s,    000h 06m 27.334s
179,    2227,    389561,    000h 00m 02.227s,    000h 06m 29.561s
180,    2170,    391731,    000h 00m 02.170s,    000h 06m 31.731s
181,    2062,    393793,    000h 00m 02.062s,    000h 06m 33.793s
182,    2279,    396072,    000h 00m 02.279s,    000h 06m 36.072s
183,    2151,    398223,    000h 00m 02.151s,    000h 06m 38.223s
184,    2253,    400476,    000h 00m 02.253s,    000h 06m 40.476s
185,    2130,    402606,    000h 00m 02.130s,    000h 06m 42.606s
186,    2213,    404819,    000h 00m 02.213s,    000h 06m 44.819s
187,    2159,    406978,    000h 00m 02.159s,    000h 06m 46.978s
188,    2136,    409114,    000h 00m 02.136s,    000h 06m 49.114s
189,    2170,    411284,    000h 00m 02.170s,    000h 06m 51.284s
190,    2190,    413474,    000h 00m 02.190s,    000h 06m 53.474s
191,    2206,    415680,    000h 00m 02.206s,    000h 06m 55.680s
192,    2185,    417865,    000h 00m 02.185s,    000h 06m 57.865s
193,    2174,    420039,    000h 00m 02.174s,    000h 07m 00.039s
194,    2239,    422278,    000h 00m 02.239s,    000h 07m 02.278s
195,    2159,    424437,    000h 00m 02.159s,    000h 07m 04.437s
196,    2138,    426575,    000h 00m 02.138s,    000h 07m 06.575s
197,    2292,    428867,    000h 00m 02.292s,    000h 07m 08.867s
198,    2272,    431139,    000h 00m 02.272s,    000h 07m 11.139s
199,    2227,    433366,    000h 00m 02.227s,    000h 07m 13.366s
200,    2173,    435539,    000h 00m 02.173s,    000h 07m 15.539s
201,    2184,    437723,    000h 00m 02.184s,    000h 07m 17.723s
202,    2163,    439886,    000h 00m 02.163s,    000h 07m 19.886s
203,    2186,    442072,    000h 00m 02.186s,    000h 07m 22.072s
204,    2136,    444208,    000h 00m 02.136s,    000h 07m 24.208s
205,    2200,    446408,    000h 00m 02.200s,    000h 07m 26.408s
206,    2110,    448518,    000h 00m 02.110s,    000h 07m 28.518s
207,    2210,    450728,    000h 00m 02.210s,    000h 07m 30.728s
208,    2345,    453073,    000h 00m 02.345s,    000h 07m 33.073s
209,    2115,    455188,    000h 00m 02.115s,    000h 07m 35.188s
210,    2176,    457364,    000h 00m 02.176s,    000h 07m 37.364s
211,    2215,    459579,    000h 00m 02.215s,    000h 07m 39.579s
212,    2341,    461920,    000h 00m 02.341s,    000h 07m 41.920s
213,    2191,    464111,    000h 00m 02.191s,    000h 07m 44.111s
214,    2220,    466331,    000h 00m 02.220s,    000h 07m 46.331s
215,    2097,    468428,    000h 00m 02.097s,    000h 07m 48.428s
216,    2180,    470608,    000h 00m 02.180s,    000h 07m 50.608s
217,    2168,    472776,    000h 00m 02.168s,    000h 07m 52.776s
218,    2185,    474961,    000h 00m 02.185s,    000h 07m 54.961s
219,    2088,    477049,    000h 00m 02.088s,    000h 07m 57.049s
220,    2184,    479233,    000h 00m 02.184s,    000h 07m 59.233s
221,    2156,    481389,    000h 00m 02.156s,    000h 08m 01.389s
222,    2164,    483553,    000h 00m 02.164s,    000h 08m 03.553s
223,    2173,    485726,    000h 00m 02.173s,    000h 08m 05.726s
224,    2235,    487961,    000h 00m 02.235s,    000h 08m 07.961s
225,    2200,    490161,    000h 00m 02.200s,    000h 08m 10.161s
226,    2153,    492314,    000h 00m 02.153s,    000h 08m 12.314s
227,    2214,    494528,    000h 00m 02.214s,    000h 08m 14.528s
228,    2167,    496695,    000h 00m 02.167s,    000h 08m 16.695s
229,    2195,    498890,    000h 00m 02.195s,    000h 08m 18.890s
230,    2202,    501092,    000h 00m 02.202s,    000h 08m 21.092s
231,    2222,    503314,    000h 00m 02.222s,    000h 08m 23.314s
232,    2144,    505458,    000h 00m 02.144s,    000h 08m 25.458s
233,    2182,    507640,    000h 00m 02.182s,    000h 08m 27.640s
234,    2191,    509831,    000h 00m 02.191s,    000h 08m 29.831s
235,    2238,    512069,    000h 00m 02.238s,    000h 08m 32.069s
236,    2202,    514271,    000h 00m 02.202s,    000h 08m 34.271s
237,    2252,    516523,    000h 00m 02.252s,    000h 08m 36.523s
238,    2172,    518695,    000h 00m 02.172s,    000h 08m 38.695s
239,    2204,    520899,    000h 00m 02.204s,    000h 08m 40.899s
240,    2114,    523013,    000h 00m 02.114s,    000h 08m 43.013s
241,    2192,    525205,    000h 00m 02.192s,    000h 08m 45.205s
242,    2299,    527504,    000h 00m 02.299s,    000h 08m 47.504s
243,    2148,    529652,    000h 00m 02.148s,    000h 08m 49.652s
244,    2183,    531835,    000h 00m 02.183s,    000h 08m 51.835s
245,    2129,    533964,    000h 00m 02.129s,    000h 08m 53.964s
246,    2226,    536190,    000h 00m 02.226s,    000h 08m 56.190s
247,    2083,    538273,    000h 00m 02.083s,    000h 08m 58.273s
248,    2150,    540423,    000h 00m 02.150s,    000h 09m 00.423s
249,    2120,    542543,    000h 00m 02.120s,    000h 09m 02.543s
250,    2186,    544729,    000h 00m 02.186s,    000h 09m 04.729s
251,    2230,    546959,    000h 00m 02.230s,    000h 09m 06.959s
252,    2223,    549182,    000h 00m 02.223s,    000h 09m 09.182s
253,    2163,    551345,    000h 00m 02.163s,    000h 09m 11.345s
254,    2222,    553567,    000h 00m 02.222s,    000h 09m 13.567s
255,    2223,    555790,    000h 00m 02.223s,    000h 09m 15.790s
256,    2121,    557911,    000h 00m 02.121s,    000h 09m 17.911s
257,    2297,    560208,    000h 00m 02.297s,    000h 09m 20.208s
258,    2211,    562419,    000h 00m 02.211s,    000h 09m 22.419s
259,    2163,    564582,    000h 00m 02.163s,    000h 09m 24.582s
260,    2114,    566696,    000h 00m 02.114s,    000h 09m 26.696s
261,    2155,    568851,    000h 00m 02.155s,    000h 09m 28.851s
262,    2170,    571021,    000h 00m 02.170s,    000h 09m 31.021s
263,    2126,    573147,    000h 00m 02.126s,    000h 09m 33.147s
264,    2213,    575360,    000h 00m 02.213s,    000h 09m 35.360s
265,    2179,    577539,    000h 00m 02.179s,    000h 09m 37.539s
266,    2197,    579736,    000h 00m 02.197s,    000h 09m 39.736s
267,    2175,    581911,    000h 00m 02.175s,    000h 09m 41.911s
268,    2183,    584094,    000h 00m 02.183s,    000h 09m 44.094s
269,    2098,    586192,    000h 00m 02.098s,    000h 09m 46.192s
270,    2131,    588323,    000h 00m 02.131s,    000h 09m 48.323s
271,    2111,    590434,    000h 00m 02.111s,    000h 09m 50.434s
272,    2216,    592650,    000h 00m 02.216s,    000h 09m 52.650s
273,    2140,    594790,    000h 00m 02.140s,    000h 09m 54.790s
274,    2145,    596935,    000h 00m 02.145s,    000h 09m 56.935s
275,    2147,    599082,    000h 00m 02.147s,    000h 09m 59.082s
276,    2229,    601311,    000h 00m 02.229s,    000h 10m 01.311s
277,    2211,    603522,    000h 00m 02.211s,    000h 10m 03.522s
278,    2201,    605723,    000h 00m 02.201s,    000h 10m 05.723s
279,    2122,    607845,    000h 00m 02.122s,    000h 10m 07.845s
280,    2088,    609933,    000h 00m 02.088s,    000h 10m 09.933s
281,    2086,    612019,    000h 00m 02.086s,    000h 10m 12.019s
282,    2205,    614224,    000h 00m 02.205s,    000h 10m 14.224s
283,    2265,    616489,    000h 00m 02.265s,    000h 10m 16.489s
284,    2276,    618765,    000h 00m 02.276s,    000h 10m 18.765s
285,    2217,    620982,    000h 00m 02.217s,    000h 10m 20.982s
286,    2239,    623221,    000h 00m 02.239s,    000h 10m 23.221s
287,    2305,    625526,    000h 00m 02.305s,    000h 10m 25.526s
288,    2210,    627736,    000h 00m 02.210s,    000h 10m 27.736s
289,    2287,    630023,    000h 00m 02.287s,    000h 10m 30.023s
290,    2185,    632208,    000h 00m 02.185s,    000h 10m 32.208s
291,    2174,    634382,    000h 00m 02.174s,    000h 10m 34.382s
292,    2132,    636514,    000h 00m 02.132s,    000h 10m 36.514s
293,    2128,    638642,    000h 00m 02.128s,    000h 10m 38.642s
294,    2243,    640885,    000h 00m 02.243s,    000h 10m 40.885s
295,    2195,    643080,    000h 00m 02.195s,    000h 10m 43.080s
296,    2104,    645184,    000h 00m 02.104s,    000h 10m 45.184s
297,    2070,    647254,    000h 00m 02.070s,    000h 10m 47.254s
298,    2166,    649420,    000h 00m 02.166s,    000h 10m 49.420s
299,    2206,    651626,    000h 00m 02.206s,    000h 10m 51.626s
300,    2201,    653827,    000h 00m 02.201s,    000h 10m 53.827s
301,    2150,    655977,    000h 00m 02.150s,    000h 10m 55.977s
302,    2238,    658215,    000h 00m 02.238s,    000h 10m 58.215s
303,    2199,    660414,    000h 00m 02.199s,    000h 11m 00.414s
304,    2222,    662636,    000h 00m 02.222s,    000h 11m 02.636s
305,    2219,    664855,    000h 00m 02.219s,    000h 11m 04.855s
306,    2138,    666993,    000h 00m 02.138s,    000h 11m 06.993s
307,    2056,    669049,    000h 00m 02.056s,    000h 11m 09.049s
308,    2290,    671339,    000h 00m 02.290s,    000h 11m 11.339s
309,    2249,    673588,    000h 00m 02.249s,    000h 11m 13.588s
310,    2156,    675744,    000h 00m 02.156s,    000h 11m 15.744s
311,    2213,    677957,    000h 00m 02.213s,    000h 11m 17.957s
312,    2154,    680111,    000h 00m 02.154s,    000h 11m 20.111s
313,    2177,    682288,    000h 00m 02.177s,    000h 11m 22.288s
314,    2193,    684481,    000h 00m 02.193s,    000h 11m 24.481s
315,    2184,    686665,    000h 00m 02.184s,    000h 11m 26.665s
316,    2147,    688812,    000h 00m 02.147s,    000h 11m 28.812s
317,    2210,    691022,    000h 00m 02.210s,    000h 11m 31.022s
318,    2176,    693198,    000h 00m 02.176s,    000h 11m 33.198s
319,    2088,    695286,    000h 00m 02.088s,    000h 11m 35.286s
320,    2201,    697487,    000h 00m 02.201s,    000h 11m 37.487s
321,    2253,    699740,    000h 00m 02.253s,    000h 11m 39.740s
322,    2172,    701912,    000h 00m 02.172s,    000h 11m 41.912s
323,    2138,    704050,    000h 00m 02.138s,    000h 11m 44.050s
324,    2190,    706240,    000h 00m 02.190s,    000h 11m 46.240s
325,    2205,    708445,    000h 00m 02.205s,    000h 11m 48.445s
326,    2205,    710650,    000h 00m 02.205s,    000h 11m 50.650s
327,    2169,    712819,    000h 00m 02.169s,    000h 11m 52.819s
328,    2220,    715039,    000h 00m 02.220s,    000h 11m 55.039s
329,    2207,    717246,    000h 00m 02.207s,    000h 11m 57.246s
330,    2178,    719424,    000h 00m 02.178s,    000h 11m 59.424s
331,    2196,    721620,    000h 00m 02.196s,    000h 12m 01.620s
332,    2130,    723750,    000h 00m 02.130s,    000h 12m 03.750s
333,    2063,    725813,    000h 00m 02.063s,    000h 12m 05.813s
334,    2199,    728012,    000h 00m 02.199s,    000h 12m 08.012s
335,    2153,    730165,    000h 00m 02.153s,    000h 12m 10.165s
336,    2178,    732343,    000h 00m 02.178s,    000h 12m 12.343s
337,    2117,    734460,    000h 00m 02.117s,    000h 12m 14.460s
338,    2054,    736514,    000h 00m 02.054s,    000h 12m 16.514s
339,    2196,    738710,    000h 00m 02.196s,    000h 12m 18.710s
340,    2136,    740846,    000h 00m 02.136s,    000h 12m 20.846s
341,    2316,    743162,    000h 00m 02.316s,    000h 12m 23.162s
342,    2240,    745402,    000h 00m 02.240s,    000h 12m 25.402s
343,    2218,    747620,    000h 00m 02.218s,    000h 12m 27.620s
344,    2244,    749864,    000h 00m 02.244s,    000h 12m 29.864s
345,    2213,    752077,    000h 00m 02.213s,    000h 12m 32.077s
346,    2222,    754299,    000h 00m 02.222s,    000h 12m 34.299s
347,    2186,    756485,    000h 00m 02.186s,    000h 12m 36.485s
348,    2202,    758687,    000h 00m 02.202s,    000h 12m 38.687s
349,    2303,    760990,    000h 00m 02.303s,    000h 12m 40.990s
350,    2050,    763040,    000h 00m 02.050s,    000h 12m 43.040s
351,    2204,    765244,    000h 00m 02.204s,    000h 12m 45.244s
352,    2265,    767509,    000h 00m 02.265s,    000h 12m 47.509s
353,    2152,    769661,    000h 00m 02.152s,    000h 12m 49.661s
354,    2160,    771821,    000h 00m 02.160s,    000h 12m 51.821s
355,    2155,    773976,    000h 00m 02.155s,    000h 12m 53.976s
356,    2238,    776214,    000h 00m 02.238s,    000h 12m 56.214s
357,    2187,    778401,    000h 00m 02.187s,    000h 12m 58.401s
358,    2185,    780586,    000h 00m 02.185s,    000h 13m 00.586s
359,    2225,    782811,    000h 00m 02.225s,    000h 13m 02.811s
360,    2133,    784944,    000h 00m 02.133s,    000h 13m 04.944s
361,    2247,    787191,    000h 00m 02.247s,    000h 13m 07.191s
362,    2098,    789289,    000h 00m 02.098s,    000h 13m 09.289s
363,    2138,    791427,    000h 00m 02.138s,    000h 13m 11.427s
364,    2157,    793584,    000h 00m 02.157s,    000h 13m 13.584s
365,    2061,    795645,    000h 00m 02.061s,    000h 13m 15.645s
366,    2223,    797868,    000h 00m 02.223s,    000h 13m 17.868s
367,    2091,    799959,    000h 00m 02.091s,    000h 13m 19.959s
368,    2173,    802132,    000h 00m 02.173s,    000h 13m 22.132s
369,    2204,    804336,    000h 00m 02.204s,    000h 13m 24.336s
370,    2163,    806499,    000h 00m 02.163s,    000h 13m 26.499s
371,    2200,    808699,    000h 00m 02.200s,    000h 13m 28.699s
372,    2192,    810891,    000h 00m 02.192s,    000h 13m 30.891s
373,    2229,    813120,    000h 00m 02.229s,    000h 13m 33.120s
374,    2251,    815371,    000h 00m 02.251s,    000h 13m 35.371s
375,    2181,    817552,    000h 00m 02.181s,    000h 13m 37.552s
376,    2124,    819676,    000h 00m 02.124s,    000h 13m 39.676s
377,    2154,    821830,    000h 00m 02.154s,    000h 13m 41.830s
378,    2201,    824031,    000h 00m 02.201s,    000h 13m 44.031s
379,    2194,    826225,    000h 00m 02.194s,    000h 13m 46.225s
380,    2168,    828393,    000h 00m 02.168s,    000h 13m 48.393s
381,    2140,    830533,    000h 00m 02.140s,    000h 13m 50.533s
382,    2188,    832721,    000h 00m 02.188s,    000h 13m 52.721s
383,    2202,    834923,    000h 00m 02.202s,    000h 13m 54.923s
384,    2096,    837019,    000h 00m 02.096s,    000h 13m 57.019s
385,    2204,    839223,    000h 00m 02.204s,    000h 13m 59.223s
386,    2226,    841449,    000h 00m 02.226s,    000h 14m 01.449s
387,    2085,    843534,    000h 00m 02.085s,    000h 14m 03.534s
388,    2216,    845750,    000h 00m 02.216s,    000h 14m 05.750s
389,    2174,    847924,    000h 00m 02.174s,    000h 14m 07.924s
390,    2141,    850065,    000h 00m 02.141s,    000h 14m 10.065s
391,    2203,    852268,    000h 00m 02.203s,    000h 14m 12.268s
392,    2187,    854455,    000h 00m 02.187s,    000h 14m 14.455s
393,    2168,    856623,    000h 00m 02.168s,    000h 14m 16.623s
394,    2224,    858847,    000h 00m 02.224s,    000h 14m 18.847s
395,    2158,    861005,    000h 00m 02.158s,    000h 14m 21.005s
396,    2191,    863196,    000h 00m 02.191s,    000h 14m 23.196s
397,    2214,    865410,    000h 00m 02.214s,    000h 14m 25.410s
398,    2159,    867569,    000h 00m 02.159s,    000h 14m 27.569s
399,    2288,    869857,    000h 00m 02.288s,    000h 14m 29.857s
400,    2134,    871991,    000h 00m 02.134s,    000h 14m 31.991s
401,    2197,    874188,    000h 00m 02.197s,    000h 14m 34.188s
402,    2196,    876384,    000h 00m 02.196s,    000h 14m 36.384s
403,    2206,    878590,    000h 00m 02.206s,    000h 14m 38.590s
404,    2277,    880867,    000h 00m 02.277s,    000h 14m 40.867s
405,    2150,    883017,    000h 00m 02.150s,    000h 14m 43.017s
406,    2233,    885250,    000h 00m 02.233s,    000h 14m 45.250s
407,    2247,    887497,    000h 00m 02.247s,    000h 14m 47.497s
408,    2299,    889796,    000h 00m 02.299s,    000h 14m 49.796s
409,    2208,    892004,    000h 00m 02.208s,    000h 14m 52.004s
410,    2152,    894156,    000h 00m 02.152s,    000h 14m 54.156s
411,    2267,    896423,    000h 00m 02.267s,    000h 14m 56.423s
412,    2079,    898502,    000h 00m 02.079s,    000h 14m 58.502s
413,    2190,    900692,    000h 00m 02.190s,    000h 15m 00.692s
414,    2212,    902904,    000h 00m 02.212s,    000h 15m 02.904s
415,    2234,    905138,    000h 00m 02.234s,    000h 15m 05.138s
416,    2178,    907316,    000h 00m 02.178s,    000h 15m 07.316s
417,    2204,    909520,    000h 00m 02.204s,    000h 15m 09.520s
418,    2160,    911680,    000h 00m 02.160s,    000h 15m 11.680s
419,    2179,    913859,    000h 00m 02.179s,    000h 15m 13.859s
420,    2238,    916097,    000h 00m 02.238s,    000h 15m 16.097s
421,    2211,    918308,    000h 00m 02.211s,    000h 15m 18.308s
422,    2123,    920431,    000h 00m 02.123s,    000h 15m 20.431s
423,    2161,    922592,    000h 00m 02.161s,    000h 15m 22.592s
424,    2136,    924728,    000h 00m 02.136s,    000h 15m 24.728s
425,    2169,    926897,    000h 00m 02.169s,    000h 15m 26.897s
426,    2239,    929136,    000h 00m 02.239s,    000h 15m 29.136s
427,    2285,    931421,    000h 00m 02.285s,    000h 15m 31.421s
428,    2150,    933571,    000h 00m 02.150s,    000h 15m 33.571s
429,    2110,    935681,    000h 00m 02.110s,    000h 15m 35.681s
430,    2151,    937832,    000h 00m 02.151s,    000h 15m 37.832s
431,    2223,    940055,    000h 00m 02.223s,    000h 15m 40.055s
432,    2148,    942203,    000h 00m 02.148s,    000h 15m 42.203s
433,    2233,    944436,    000h 00m 02.233s,    000h 15m 44.436s
434,    2078,    946514,    000h 00m 02.078s,    000h 15m 46.514s
435,    2182,    948696,    000h 00m 02.182s,    000h 15m 48.696s
436,    2197,    950893,    000h 00m 02.197s,    000h 15m 50.893s
437,    2117,    953010,    000h 00m 02.117s,    000h 15m 53.010s
438,    2137,    955147,    000h 00m 02.137s,    000h 15m 55.147s
439,    2159,    957306,    000h 00m 02.159s,    000h 15m 57.306s
440,    2216,    959522,    000h 00m 02.216s,    000h 15m 59.522s
441,    2140,    961662,    000h 00m 02.140s,    000h 16m 01.662s
442,    2216,    963878,    000h 00m 02.216s,    000h 16m 03.878s
443,    2228,    966106,    000h 00m 02.228s,    000h 16m 06.106s
444,    2132,    968238,    000h 00m 02.132s,    000h 16m 08.238s
445,    2013,    970251,    000h 00m 02.013s,    000h 16m 10.251s
446,    2087,    972338,    000h 00m 02.087s,    000h 16m 12.338s
447,    2203,    974541,    000h 00m 02.203s,    000h 16m 14.541s
448,    2111,    976652,    000h 00m 02.111s,    000h 16m 16.652s
449,    2106,    978758,    000h 00m 02.106s,    000h 16m 18.758s
450,    2075,    980833,    000h 00m 02.075s,    000h 16m 20.833s
451,    2174,    983007,    000h 00m 02.174s,    000h 16m 23.007s
452,    2195,    985202,    000h 00m 02.195s,    000h 16m 25.202s
453,    2182,    987384,    000h 00m 02.182s,    000h 16m 27.384s
454,    2286,    989670,    000h 00m 02.286s,    000h 16m 29.670s
455,    2162,    991832,    000h 00m 02.162s,    000h 16m 31.832s
456,    2204,    994036,    000h 00m 02.204s,    000h 16m 34.036s
457,    2063,    996099,    000h 00m 02.063s,    000h 16m 36.099s
458,    2138,    998237,    000h 00m 02.138s,    000h 16m 38.237s
459,    2178,    1000415,    000h 00m 02.178s,    000h 16m 40.415s
460,    2153,    1002568,    000h 00m 02.153s,    000h 16m 42.568s
461,    2202,    1004770,    000h 00m 02.202s,    000h 16m 44.770s
462,    2157,    1006927,    000h 00m 02.157s,    000h 16m 46.927s
463,    2224,    1009151,    000h 00m 02.224s,    000h 16m 49.151s
464,    2159,    1011310,    000h 00m 02.159s,    000h 16m 51.310s
465,    2225,    1013535,    000h 00m 02.225s,    000h 16m 53.535s
466,    2227,    1015762,    000h 00m 02.227s,    000h 16m 55.762s
467,    2246,    1018008,    000h 00m 02.246s,    000h 16m 58.008s
468,    2322,    1020330,    000h 00m 02.322s,    000h 17m 00.330s
469,    2082,    1022412,    000h 00m 02.082s,    000h 17m 02.412s
470,    2217,    1024629,    000h 00m 02.217s,    000h 17m 04.629s
471,    2086,    1026715,    000h 00m 02.086s,    000h 17m 06.715s
472,    2186,    1028901,    000h 00m 02.186s,    000h 17m 08.901s
473,    2184,    1031085,    000h 00m 02.184s,    000h 17m 11.085s
474,    2164,    1033249,    000h 00m 02.164s,    000h 17m 13.249s
475,    2148,    1035397,    000h 00m 02.148s,    000h 17m 15.397s
476,    2179,    1037576,    000h 00m 02.179s,    000h 17m 17.576s
477,    2203,    1039779,    000h 00m 02.203s,    000h 17m 19.779s
478,    2123,    1041902,    000h 00m 02.123s,    000h 17m 21.902s
479,    2273,    1044175,    000h 00m 02.273s,    000h 17m 24.175s
480,    2224,    1046399,    000h 00m 02.224s,    000h 17m 26.399s
481,    2192,    1048591,    000h 00m 02.192s,    000h 17m 28.591s
482,    2031,    1050622,    000h 00m 02.031s,    000h 17m 30.622s
483,    2314,    1052936,    000h 00m 02.314s,    000h 17m 32.936s
484,    2220,    1055156,    000h 00m 02.220s,    000h 17m 35.156s
485,    2050,    1057206,    000h 00m 02.050s,    000h 17m 37.206s
486,    2137,    1059343,    000h 00m 02.137s,    000h 17m 39.343s
487,    2350,    1061693,    000h 00m 02.350s,    000h 17m 41.693s
488,    2293,    1063986,    000h 00m 02.293s,    000h 17m 43.986s
489,    2217,    1066203,    000h 00m 02.217s,    000h 17m 46.203s
490,    2211,    1068414,    000h 00m 02.211s,    000h 17m 48.414s
491,    2248,    1070662,    000h 00m 02.248s,    000h 17m 50.662s
492,    2140,    1072802,    000h 00m 02.140s,    000h 17m 52.802s
493,    2123,    1074925,    000h 00m 02.123s,    000h 17m 54.925s
494,    2168,    1077093,    000h 00m 02.168s,    000h 17m 57.093s
495,    2140,    1079233,    000h 00m 02.140s,    000h 17m 59.233s
496,    2091,    1081324,    000h 00m 02.091s,    000h 18m 01.324s
497,    2108,    1083432,    000h 00m 02.108s,    000h 18m 03.432s
498,    2160,    1085592,    000h 00m 02.160s,    000h 18m 05.592s
499,    2123,    1087715,    000h 00m 02.123s,    000h 18m 07.715s
500,    2032,    1089747,    000h 00m 02.032s,    000h 18m 09.747s
501,    2157,    1091904,    000h 00m 02.157s,    000h 18m 11.904s
502,    2219,    1094123,    000h 00m 02.219s,    000h 18m 14.123s
503,    2217,    1096340,    000h 00m 02.217s,    000h 18m 16.340s
504,    2231,    1098571,    000h 00m 02.231s,    000h 18m 18.571s
505,    2291,    1100862,    000h 00m 02.291s,    000h 18m 20.862s
506,    2219,    1103081,    000h 00m 02.219s,    000h 18m 23.081s
507,    2095,    1105176,    000h 00m 02.095s,    000h 18m 25.176s
508,    2250,    1107426,    000h 00m 02.250s,    000h 18m 27.426s
509,    2182,    1109608,    000h 00m 02.182s,    000h 18m 29.608s
510,    2128,    1111736,    000h 00m 02.128s,    000h 18m 31.736s
511,    2084,    1113820,    000h 00m 02.084s,    000h 18m 33.820s
512,    2226,    1116046,    000h 00m 02.226s,    000h 18m 36.046s
513,    2136,    1118182,    000h 00m 02.136s,    000h 18m 38.182s
514,    2150,    1120332,    000h 00m 02.150s,    000h 18m 40.332s
515,    2360,    1122692,    000h 00m 02.360s,    000h 18m 42.692s
516,    2213,    1124905,    000h 00m 02.213s,    000h 18m 44.905s
517,    2105,    1127010,    000h 00m 02.105s,    000h 18m 47.010s
518,    2229,    1129239,    000h 00m 02.229s,    000h 18m 49.239s
519,    2193,    1131432,    000h 00m 02.193s,    000h 18m 51.432s
520,    2176,    1133608,    000h 00m 02.176s,    000h 18m 53.608s
521,    2115,    1135723,    000h 00m 02.115s,    000h 18m 55.723s
522,    2191,    1137914,    000h 00m 02.191s,    000h 18m 57.914s
523,    2198,    1140112,    000h 00m 02.198s,    000h 19m 00.112s
524,    2217,    1142329,    000h 00m 02.217s,    000h 19m 02.329s
525,    2072,    1144401,    000h 00m 02.072s,    000h 19m 04.401s
526,    2176,    1146577,    000h 00m 02.176s,    000h 19m 06.577s
527,    2175,    1148752,    000h 00m 02.175s,    000h 19m 08.752s
528,    2169,    1150921,    000h 00m 02.169s,    000h 19m 10.921s
529,    2219,    1153140,    000h 00m 02.219s,    000h 19m 13.140s
530,    2322,    1155462,    000h 00m 02.322s,    000h 19m 15.462s
531,    2172,    1157634,    000h 00m 02.172s,    000h 19m 17.634s
532,    2157,    1159791,    000h 00m 02.157s,    000h 19m 19.791s
533,    2357,    1162148,    000h 00m 02.357s,    000h 19m 22.148s
534,    2285,    1164433,    000h 00m 02.285s,    000h 19m 24.433s
535,    2047,    1166480,    000h 00m 02.047s,    000h 19m 26.480s
536,    2158,    1168638,    000h 00m 02.158s,    000h 19m 28.638s
537,    2207,    1170845,    000h 00m 02.207s,    000h 19m 30.845s
538,    2148,    1172993,    000h 00m 02.148s,    000h 19m 32.993s
539,    2071,    1175064,    000h 00m 02.071s,    000h 19m 35.064s
540,    2112,    1177176,    000h 00m 02.112s,    000h 19m 37.176s
541,    2102,    1179278,    000h 00m 02.102s,    000h 19m 39.278s
542,    2292,    1181570,    000h 00m 02.292s,    000h 19m 41.570s
543,    2164,    1183734,    000h 00m 02.164s,    000h 19m 43.734s
544,    2181,    1185915,    000h 00m 02.181s,    000h 19m 45.915s
545,    2139,    1188054,    000h 00m 02.139s,    000h 19m 48.054s
546,    2061,    1190115,    000h 00m 02.061s,    000h 19m 50.115s
547,    2209,    1192324,    000h 00m 02.209s,    000h 19m 52.324s
548,    2211,    1194535,    000h 00m 02.211s,    000h 19m 54.535s
549,    2177,    1196712,    000h 00m 02.177s,    000h 19m 56.712s
550,    2253,    1198965,    000h 00m 02.253s,    000h 19m 58.965s
551,    2145,    1201110,    000h 00m 02.145s,    000h 20m 01.110s
552,    2199,    1203309,    000h 00m 02.199s,    000h 20m 03.309s
553,    2201,    1205510,    000h 00m 02.201s,    000h 20m 05.510s
554,    2262,    1207772,    000h 00m 02.262s,    000h 20m 07.772s
555,    2205,    1209977,    000h 00m 02.205s,    000h 20m 09.977s
556,    2187,    1212164,    000h 00m 02.187s,    000h 20m 12.164s
557,    2150,    1214314,    000h 00m 02.150s,    000h 20m 14.314s
558,    2173,    1216487,    000h 00m 02.173s,    000h 20m 16.487s
559,    2155,    1218642,    000h 00m 02.155s,    000h 20m 18.642s
560,    2128,    1220770,    000h 00m 02.128s,    000h 20m 20.770s
561,    2182,    1222952,    000h 00m 02.182s,    000h 20m 22.952s
562,    2130,    1225082,    000h 00m 02.130s,    000h 20m 25.082s
563,    2161,    1227243,    000h 00m 02.161s,    000h 20m 27.243s
564,    2169,    1229412,    000h 00m 02.169s,    000h 20m 29.412s
565,    2148,    1231560,    000h 00m 02.148s,    000h 20m 31.560s
566,    2279,    1233839,    000h 00m 02.279s,    000h 20m 33.839s
567,    2188,    1236027,    000h 00m 02.188s,    000h 20m 36.027s
568,    2197,    1238224,    000h 00m 02.197s,    000h 20m 38.224s
569,    2202,    1240426,    000h 00m 02.202s,    000h 20m 40.426s
570,    2204,    1242630,    000h 00m 02.204s,    000h 20m 42.630s
571,    2056,    1244686,    000h 00m 02.056s,    000h 20m 44.686s
572,    2230,    1246916,    000h 00m 02.230s,    000h 20m 46.916s
573,    2107,    1249023,    000h 00m 02.107s,    000h 20m 49.023s
574,    2184,    1251207,    000h 00m 02.184s,    000h 20m 51.207s
575,    2205,    1253412,    000h 00m 02.205s,    000h 20m 53.412s
576,    2134,    1255546,    000h 00m 02.134s,    000h 20m 55.546s
577,    2160,    1257706,    000h 00m 02.160s,    000h 20m 57.706s
578,    2326,    1260032,    000h 00m 02.326s,    000h 21m 00.032s
579,    2256,    1262288,    000h 00m 02.256s,    000h 21m 02.288s
580,    2305,    1264593,    000h 00m 02.305s,    000h 21m 04.593s
581,    2127,    1266720,    000h 00m 02.127s,    000h 21m 06.720s
582,    2065,    1268785,    000h 00m 02.065s,    000h 21m 08.785s
583,    2194,    1270979,    000h 00m 02.194s,    000h 21m 10.979s
584,    2204,    1273183,    000h 00m 02.204s,    000h 21m 13.183s
585,    2124,    1275307,    000h 00m 02.124s,    000h 21m 15.307s
586,    2303,    1277610,    000h 00m 02.303s,    000h 21m 17.610s
587,    2175,    1279785,    000h 00m 02.175s,    000h 21m 19.785s
588,    2194,    1281979,    000h 00m 02.194s,    000h 21m 21.979s
589,    2180,    1284159,    000h 00m 02.180s,    000h 21m 24.159s
590,    2339,    1286498,    000h 00m 02.339s,    000h 21m 26.498s
591,    2246,    1288744,    000h 00m 02.246s,    000h 21m 28.744s
592,    2049,    1290793,    000h 00m 02.049s,    000h 21m 30.793s
593,    2206,    1292999,    000h 00m 02.206s,    000h 21m 32.999s
594,    2197,    1295196,    000h 00m 02.197s,    000h 21m 35.196s
595,    2175,    1297371,    000h 00m 02.175s,    000h 21m 37.371s
596,    2130,    1299501,    000h 00m 02.130s,    000h 21m 39.501s
597,    2196,    1301697,    000h 00m 02.196s,    000h 21m 41.697s
598,    2222,    1303919,    000h 00m 02.222s,    000h 21m 43.919s
599,    2207,    1306126,    000h 00m 02.207s,    000h 21m 46.126s
600,    2213,    1308339,    000h 00m 02.213s,    000h 21m 48.339s
601,    2127,    1310466,    000h 00m 02.127s,    000h 21m 50.466s
602,    2151,    1312617,    000h 00m 02.151s,    000h 21m 52.617s
603,    2062,    1314679,    000h 00m 02.062s,    000h 21m 54.679s
604,    2122,    1316801,    000h 00m 02.122s,    000h 21m 56.801s
605,    2189,    1318990,    000h 00m 02.189s,    000h 21m 58.990s
606,    2176,    1321166,    000h 00m 02.176s,    000h 22m 01.166s
607,    2318,    1323484,    000h 00m 02.318s,    000h 22m 03.484s
608,    2194,    1325678,    000h 00m 02.194s,    000h 22m 05.678s
609,    2146,    1327824,    000h 00m 02.146s,    000h 22m 07.824s
610,    2155,    1329979,    000h 00m 02.155s,    000h 22m 09.979s
611,    2254,    1332233,    000h 00m 02.254s,    000h 22m 12.233s
612,    2218,    1334451,    000h 00m 02.218s,    000h 22m 14.451s
613,    2219,    1336670,    000h 00m 02.219s,    000h 22m 16.670s
614,    2134,    1338804,    000h 00m 02.134s,    000h 22m 18.804s
615,    2239,    1341043,    000h 00m 02.239s,    000h 22m 21.043s
616,    2245,    1343288,    000h 00m 02.245s,    000h 22m 23.288s
617,    2258,    1345546,    000h 00m 02.258s,    000h 22m 25.546s
618,    2210,    1347756,    000h 00m 02.210s,    000h 22m 27.756s
619,    2226,    1349982,    000h 00m 02.226s,    000h 22m 29.982s
620,    2255,    1352237,    000h 00m 02.255s,    000h 22m 32.237s
621,    2188,    1354425,    000h 00m 02.188s,    000h 22m 34.425s
622,    2057,    1356482,    000h 00m 02.057s,    000h 22m 36.482s
623,    2122,    1358604,    000h 00m 02.122s,    000h 22m 38.604s
624,    2015,    1360619,    000h 00m 02.015s,    000h 22m 40.619s
625,    2221,    1362840,    000h 00m 02.221s,    000h 22m 42.840s
626,    2025,    1364865,    000h 00m 02.025s,    000h 22m 44.865s
627,    2167,    1367032,    000h 00m 02.167s,    000h 22m 47.032s
628,    2196,    1369228,    000h 00m 02.196s,    000h 22m 49.228s
629,    2179,    1371407,    000h 00m 02.179s,    000h 22m 51.407s
630,    2317,    1373724,    000h 00m 02.317s,    000h 22m 53.724s
631,    2189,    1375913,    000h 00m 02.189s,    000h 22m 55.913s
632,    2045,    1377958,    000h 00m 02.045s,    000h 22m 57.958s
633,    2292,    1380250,    000h 00m 02.292s,    000h 23m 00.250s
634,    2228,    1382478,    000h 00m 02.228s,    000h 23m 02.478s
635,    2169,    1384647,    000h 00m 02.169s,    000h 23m 04.647s
636,    2049,    1386696,    000h 00m 02.049s,    000h 23m 06.696s
637,    2238,    1388934,    000h 00m 02.238s,    000h 23m 08.934s
638,    2185,    1391119,    000h 00m 02.185s,    000h 23m 11.119s
639,    2186,    1393305,    000h 00m 02.186s,    000h 23m 13.305s
640,    2140,    1395445,    000h 00m 02.140s,    000h 23m 15.445s
641,    2192,    1397637,    000h 00m 02.192s,    000h 23m 17.637s
642,    2113,    1399750,    000h 00m 02.113s,    000h 23m 19.750s
643,    2146,    1401896,    000h 00m 02.146s,    000h 23m 21.896s
644,    2173,    1404069,    000h 00m 02.173s,    000h 23m 24.069s
645,    2264,    1406333,    000h 00m 02.264s,    000h 23m 26.333s
646,    2062,    1408395,    000h 00m 02.062s,    000h 23m 28.395s
647,    2061,    1410456,    000h 00m 02.061s,    000h 23m 30.456s
648,    2183,    1412639,    000h 00m 02.183s,    000h 23m 32.639s
649,    2150,    1414789,    000h 00m 02.150s,    000h 23m 34.789s
650,    2041,    1416830,    000h 00m 02.041s,    000h 23m 36.830s
651,    2218,    1419048,    000h 00m 02.218s,    000h 23m 39.048s
652,    2145,    1421193,    000h 00m 02.145s,    000h 23m 41.193s
653,    2184,    1423377,    000h 00m 02.184s,    000h 23m 43.377s
654,    2160,    1425537,    000h 00m 02.160s,    000h 23m 45.537s
655,    2329,    1427866,    000h 00m 02.329s,    000h 23m 47.866s
656,    2112,    1429978,    000h 00m 02.112s,    000h 23m 49.978s
657,    2181,    1432159,    000h 00m 02.181s,    000h 23m 52.159s
658,    2224,    1434383,    000h 00m 02.224s,    000h 23m 54.383s
659,    2202,    1436585,    000h 00m 02.202s,    000h 23m 56.585s
660,    2013,    1438598,    000h 00m 02.013s,    000h 23m 58.598s
661,    2133,    1440731,    000h 00m 02.133s,    000h 24m 00.731s
662,    2163,    1442894,    000h 00m 02.163s,    000h 24m 02.894s
663,    2154,    1445048,    000h 00m 02.154s,    000h 24m 05.048s
664,    2151,    1447199,    000h 00m 02.151s,    000h 24m 07.199s
665,    2230,    1449429,    000h 00m 02.230s,    000h 24m 09.429s
666,    2162,    1451591,    000h 00m 02.162s,    000h 24m 11.591s
667,    2069,    1453660,    000h 00m 02.069s,    000h 24m 13.660s
668,    2027,    1455687,    000h 00m 02.027s,    000h 24m 15.687s
669,    2117,    1457804,    000h 00m 02.117s,    000h 24m 17.804s
670,    2146,    1459950,    000h 00m 02.146s,    000h 24m 19.950s
671,    2198,    1462148,    000h 00m 02.198s,    000h 24m 22.148s
672,    2191,    1464339,    000h 00m 02.191s,    000h 24m 24.339s
673,    2283,    1466622,    000h 00m 02.283s,    000h 24m 26.622s
674,    2107,    1468729,    000h 00m 02.107s,    000h 24m 28.729s
675,    2245,    1470974,    000h 00m 02.245s,    000h 24m 30.974s
676,    2110,    1473084,    000h 00m 02.110s,    000h 24m 33.084s
677,    2206,    1475290,    000h 00m 02.206s,    000h 24m 35.290s
678,    2184,    1477474,    000h 00m 02.184s,    000h 24m 37.474s
679,    2158,    1479632,    000h 00m 02.158s,    000h 24m 39.632s
680,    2213,    1481845,    000h 00m 02.213s,    000h 24m 41.845s
681,    2115,    1483960,    000h 00m 02.115s,    000h 24m 43.960s
682,    2228,    1486188,    000h 00m 02.228s,    000h 24m 46.188s
683,    2184,    1488372,    000h 00m 02.184s,    000h 24m 48.372s
684,    2217,    1490589,    000h 00m 02.217s,    000h 24m 50.589s
685,    2210,    1492799,    000h 00m 02.210s,    000h 24m 52.799s
686,    2029,    1494828,    000h 00m 02.029s,    000h 24m 54.828s
687,    2136,    1496964,    000h 00m 02.136s,    000h 24m 56.964s
688,    2244,    1499208,    000h 00m 02.244s,    000h 24m 59.208s
689,    2129,    1501337,    000h 00m 02.129s,    000h 25m 01.337s
690,    2223,    1503560,    000h 00m 02.223s,    000h 25m 03.560s
691,    2117,    1505677,    000h 00m 02.117s,    000h 25m 05.677s
692,    2207,    1507884,    000h 00m 02.207s,    000h 25m 07.884s
693,    2211,    1510095,    000h 00m 02.211s,    000h 25m 10.095s
694,    2063,    1512158,    000h 00m 02.063s,    000h 25m 12.158s
695,    2168,    1514326,    000h 00m 02.168s,    000h 25m 14.326s
696,    2238,    1516564,    000h 00m 02.238s,    000h 25m 16.564s
697,    2217,    1518781,    000h 00m 02.217s,    000h 25m 18.781s
698,    2216,    1520997,    000h 00m 02.216s,    000h 25m 20.997s
699,    2118,    1523115,    000h 00m 02.118s,    000h 25m 23.115s
700,    2146,    1525261,    000h 00m 02.146s,    000h 25m 25.261s
701,    2239,    1527500,    000h 00m 02.239s,    000h 25m 27.500s
702,    2177,    1529677,    000h 00m 02.177s,    000h 25m 29.677s
703,    2180,    1531857,    000h 00m 02.180s,    000h 25m 31.857s
704,    2226,    1534083,    000h 00m 02.226s,    000h 25m 34.083s
705,    2296,    1536379,    000h 00m 02.296s,    000h 25m 36.379s
706,    2239,    1538618,    000h 00m 02.239s,    000h 25m 38.618s
707,    2119,    1540737,    000h 00m 02.119s,    000h 25m 40.737s
708,    2288,    1543025,    000h 00m 02.288s,    000h 25m 43.025s
709,    2205,    1545230,    000h 00m 02.205s,    000h 25m 45.230s
710,    2060,    1547290,    000h 00m 02.060s,    000h 25m 47.290s
711,    2083,    1549373,    000h 00m 02.083s,    000h 25m 49.373s
712,    2245,    1551618,    000h 00m 02.245s,    000h 25m 51.618s
713,    2161,    1553779,    000h 00m 02.161s,    000h 25m 53.779s
714,    2185,    1555964,    000h 00m 02.185s,    000h 25m 55.964s
715,    2157,    1558121,    000h 00m 02.157s,    000h 25m 58.121s
716,    2219,    1560340,    000h 00m 02.219s,    000h 26m 00.340s
717,    2242,    1562582,    000h 00m 02.242s,    000h 26m 02.582s
718,    2161,    1564743,    000h 00m 02.161s,    000h 26m 04.743s
719,    2167,    1566910,    000h 00m 02.167s,    000h 26m 06.910s
720,    2227,    1569137,    000h 00m 02.227s,    000h 26m 09.137s
721,    2167,    1571304,    000h 00m 02.167s,    000h 26m 11.304s
722,    2174,    1573478,    000h 00m 02.174s,    000h 26m 13.478s
723,    2131,    1575609,    000h 00m 02.131s,    000h 26m 15.609s
724,    2157,    1577766,    000h 00m 02.157s,    000h 26m 17.766s
725,    2197,    1579963,    000h 00m 02.197s,    000h 26m 19.963s
726,    2189,    1582152,    000h 00m 02.189s,    000h 26m 22.152s
727,    2267,    1584419,    000h 00m 02.267s,    000h 26m 24.419s
728,    2535,    1586954,    000h 00m 02.535s,    000h 26m 26.954s
729,    2203,    1589157,    000h 00m 02.203s,    000h 26m 29.157s
730,    2258,    1591415,    000h 00m 02.258s,    000h 26m 31.415s
731,    2264,    1593679,    000h 00m 02.264s,    000h 26m 33.679s
732,    2119,    1595798,    000h 00m 02.119s,    000h 26m 35.798s
733,    2239,    1598037,    000h 00m 02.239s,    000h 26m 38.037s
734,    2176,    1600213,    000h 00m 02.176s,    000h 26m 40.213s
735,    2192,    1602405,    000h 00m 02.192s,    000h 26m 42.405s
736,    2163,    1604568,    000h 00m 02.163s,    000h 26m 44.568s
737,    2322,    1606890,    000h 00m 02.322s,    000h 26m 46.890s
738,    2199,    1609089,    000h 00m 02.199s,    000h 26m 49.089s
739,    2190,    1611279,    000h 00m 02.190s,    000h 26m 51.279s
740,    2141,    1613420,    000h 00m 02.141s,    000h 26m 53.420s
741,    2220,    1615640,    000h 00m 02.220s,    000h 26m 55.640s
742,    2177,    1617817,    000h 00m 02.177s,    000h 26m 57.817s
743,    2178,    1619995,    000h 00m 02.178s,    000h 26m 59.995s
744,    2330,    1622325,    000h 00m 02.330s,    000h 27m 02.325s
745,    2132,    1624457,    000h 00m 02.132s,    000h 27m 04.457s
746,    2167,    1626624,    000h 00m 02.167s,    000h 27m 06.624s
747,    2250,    1628874,    000h 00m 02.250s,    000h 27m 08.874s
748,    2223,    1631097,    000h 00m 02.223s,    000h 27m 11.097s
749,    2105,    1633202,    000h 00m 02.105s,    000h 27m 13.202s
750,    2193,    1635395,    000h 00m 02.193s,    000h 27m 15.395s
751,    2107,    1637502,    000h 00m 02.107s,    000h 27m 17.502s
752,    2203,    1639705,    000h 00m 02.203s,    000h 27m 19.705s
753,    2195,    1641900,    000h 00m 02.195s,    000h 27m 21.900s
754,    2217,    1644117,    000h 00m 02.217s,    000h 27m 24.117s
755,    2079,    1646196,    000h 00m 02.079s,    000h 27m 26.196s
756,    2191,    1648387,    000h 00m 02.191s,    000h 27m 28.387s
757,    2186,    1650573,    000h 00m 02.186s,    000h 27m 30.573s
758,    2064,    1652637,    000h 00m 02.064s,    000h 27m 32.637s
759,    2225,    1654862,    000h 00m 02.225s,    000h 27m 34.862s
760,    2222,    1657084,    000h 00m 02.222s,    000h 27m 37.084s
761,    2149,    1659233,    000h 00m 02.149s,    000h 27m 39.233s
762,    2053,    1661286,    000h 00m 02.053s,    000h 27m 41.286s
763,    2244,    1663530,    000h 00m 02.244s,    000h 27m 43.530s
764,    2141,    1665671,    000h 00m 02.141s,    000h 27m 45.671s
765,    2125,    1667796,    000h 00m 02.125s,    000h 27m 47.796s
766,    2183,    1669979,    000h 00m 02.183s,    000h 27m 49.979s
767,    2206,    1672185,    000h 00m 02.206s,    000h 27m 52.185s
768,    2219,    1674404,    000h 00m 02.219s,    000h 27m 54.404s
769,    2147,    1676551,    000h 00m 02.147s,    000h 27m 56.551s
770,    2141,    1678692,    000h 00m 02.141s,    000h 27m 58.692s
771,    2142,    1680834,    000h 00m 02.142s,    000h 28m 00.834s
772,    2131,    1682965,    000h 00m 02.131s,    000h 28m 02.965s
773,    2227,    1685192,    000h 00m 02.227s,    000h 28m 05.192s
774,    2156,    1687348,    000h 00m 02.156s,    000h 28m 07.348s
775,    2274,    1689622,    000h 00m 02.274s,    000h 28m 09.622s
776,    2131,    1691753,    000h 00m 02.131s,    000h 28m 11.753s
777,    2109,    1693862,    000h 00m 02.109s,    000h 28m 13.862s
778,    2190,    1696052,    000h 00m 02.190s,    000h 28m 16.052s
779,    2231,    1698283,    000h 00m 02.231s,    000h 28m 18.283s
780,    2237,    1700520,    000h 00m 02.237s,    000h 28m 20.520s
781,    2217,    1702737,    000h 00m 02.217s,    000h 28m 22.737s
782,    2168,    1704905,    000h 00m 02.168s,    000h 28m 24.905s
783,    2152,    1707057,    000h 00m 02.152s,    000h 28m 27.057s
784,    2256,    1709313,    000h 00m 02.256s,    000h 28m 29.313s
785,    2199,    1711512,    000h 00m 02.199s,    000h 28m 31.512s
786,    2241,    1713753,    000h 00m 02.241s,    000h 28m 33.753s
787,    2179,    1715932,    000h 00m 02.179s,    000h 28m 35.932s
788,    2148,    1718080,    000h 00m 02.148s,    000h 28m 38.080s
789,    2134,    1720214,    000h 00m 02.134s,    000h 28m 40.214s
790,    2207,    1722421,    000h 00m 02.207s,    000h 28m 42.421s
791,    2064,    1724485,    000h 00m 02.064s,    000h 28m 44.485s
792,    2213,    1726698,    000h 00m 02.213s,    000h 28m 46.698s
793,    2208,    1728906,    000h 00m 02.208s,    000h 28m 48.906s
794,    2188,    1731094,    000h 00m 02.188s,    000h 28m 51.094s
795,    2201,    1733295,    000h 00m 02.201s,    000h 28m 53.295s
796,    2178,    1735473,    000h 00m 02.178s,    000h 28m 55.473s
797,    2199,    1737672,    000h 00m 02.199s,    000h 28m 57.672s
798,    2096,    1739768,    000h 00m 02.096s,    000h 28m 59.768s
799,    2228,    1741996,    000h 00m 02.228s,    000h 29m 01.996s
800,    2103,    1744099,    000h 00m 02.103s,    000h 29m 04.099s
801,    2136,    1746235,    000h 00m 02.136s,    000h 29m 06.235s
802,    2119,    1748354,    000h 00m 02.119s,    000h 29m 08.354s
803,    2099,    1750453,    000h 00m 02.099s,    000h 29m 10.453s
804,    2160,    1752613,    000h 00m 02.160s,    000h 29m 12.613s
805,    2209,    1754822,    000h 00m 02.209s,    000h 29m 14.822s
806,    2169,    1756991,    000h 00m 02.169s,    000h 29m 16.991s
807,    2219,    1759210,    000h 00m 02.219s,    000h 29m 19.210s
808,    2086,    1761296,    000h 00m 02.086s,    000h 29m 21.296s
809,    2156,    1763452,    000h 00m 02.156s,    000h 29m 23.452s
810,    2039,    1765491,    000h 00m 02.039s,    000h 29m 25.491s
811,    2129,    1767620,    000h 00m 02.129s,    000h 29m 27.620s
812,    2230,    1769850,    000h 00m 02.230s,    000h 29m 29.850s
813,    2209,    1772059,    000h 00m 02.209s,    000h 29m 32.059s
814,    2144,    1774203,    000h 00m 02.144s,    000h 29m 34.203s
815,    2125,    1776328,    000h 00m 02.125s,    000h 29m 36.328s
816,    2170,    1778498,    000h 00m 02.170s,    000h 29m 38.498s
817,    2239,    1780737,    000h 00m 02.239s,    000h 29m 40.737s
818,    2212,    1782949,    000h 00m 02.212s,    000h 29m 42.949s
819,    2155,    1785104,    000h 00m 02.155s,    000h 29m 45.104s
820,    2191,    1787295,    000h 00m 02.191s,    000h 29m 47.295s
821,    2162,    1789457,    000h 00m 02.162s,    000h 29m 49.457s
822,    2162,    1791619,    000h 00m 02.162s,    000h 29m 51.619s
823,    2126,    1793745,    000h 00m 02.126s,    000h 29m 53.745s
824,    2063,    1795808,    000h 00m 02.063s,    000h 29m 55.808s
825,    2167,    1797975,    000h 00m 02.167s,    000h 29m 57.975s
826,    2340,    1800315,    000h 00m 02.340s,    000h 30m 00.315s
827,    2237,    1802552,    000h 00m 02.237s,    000h 30m 02.552s
828,    2294,    1804846,    000h 00m 02.294s,    000h 30m 04.846s
829,    2123,    1806969,    000h 00m 02.123s,    000h 30m 06.969s
830,    2156,    1809125,    000h 00m 02.156s,    000h 30m 09.125s
831,    2312,    1811437,    000h 00m 02.312s,    000h 30m 11.437s
832,    2145,    1813582,    000h 00m 02.145s,    000h 30m 13.582s
833,    2178,    1815760,    000h 00m 02.178s,    000h 30m 15.760s
834,    2149,    1817909,    000h 00m 02.149s,    000h 30m 17.909s
835,    2190,    1820099,    000h 00m 02.190s,    000h 30m 20.099s
836,    2149,    1822248,    000h 00m 02.149s,    000h 30m 22.248s
837,    2027,    1824275,    000h 00m 02.027s,    000h 30m 24.275s
838,    2178,    1826453,    000h 00m 02.178s,    000h 30m 26.453s
839,    2153,    1828606,    000h 00m 02.153s,    000h 30m 28.606s
840,    2200,    1830806,    000h 00m 02.200s,    000h 30m 30.806s
841,    2133,    1832939,    000h 00m 02.133s,    000h 30m 32.939s
842,    2136,    1835075,    000h 00m 02.136s,    000h 30m 35.075s
843,    2049,    1837124,    000h 00m 02.049s,    000h 30m 37.124s
844,    2188,    1839312,    000h 00m 02.188s,    000h 30m 39.312s
845,    2133,    1841445,    000h 00m 02.133s,    000h 30m 41.445s
846,    2118,    1843563,    000h 00m 02.118s,    000h 30m 43.563s
847,    2200,    1845763,    000h 00m 02.200s,    000h 30m 45.763s
848,    2145,    1847908,    000h 00m 02.145s,    000h 30m 47.908s
849,    2136,    1850044,    000h 00m 02.136s,    000h 30m 50.044s
850,    2189,    1852233,    000h 00m 02.189s,    000h 30m 52.233s
851,    2073,    1854306,    000h 00m 02.073s,    000h 30m 54.306s
852,    2233,    1856539,    000h 00m 02.233s,    000h 30m 56.539s
853,    2145,    1858684,    000h 00m 02.145s,    000h 30m 58.684s
854,    2166,    1860850,    000h 00m 02.166s,    000h 31m 00.850s
855,    2139,    1862989,    000h 00m 02.139s,    000h 31m 02.989s
856,    2290,    1865279,    000h 00m 02.290s,    000h 31m 05.279s
857,    2116,    1867395,    000h 00m 02.116s,    000h 31m 07.395s
858,    2080,    1869475,    000h 00m 02.080s,    000h 31m 09.475s
859,    2203,    1871678,    000h 00m 02.203s,    000h 31m 11.678s
860,    2128,    1873806,    000h 00m 02.128s,    000h 31m 13.806s
861,    2280,    1876086,    000h 00m 02.280s,    000h 31m 16.086s
862,    2189,    1878275,    000h 00m 02.189s,    000h 31m 18.275s
863,    2224,    1880499,    000h 00m 02.224s,    000h 31m 20.499s
864,    2123,    1882622,    000h 00m 02.123s,    000h 31m 22.622s
865,    2166,    1884788,    000h 00m 02.166s,    000h 31m 24.788s
866,    2156,    1886944,    000h 00m 02.156s,    000h 31m 26.944s
867,    2247,    1889191,    000h 00m 02.247s,    000h 31m 29.191s
868,    2230,    1891421,    000h 00m 02.230s,    000h 31m 31.421s
869,    2210,    1893631,    000h 00m 02.210s,    000h 31m 33.631s
870,    2219,    1895850,    000h 00m 02.219s,    000h 31m 35.850s
871,    2263,    1898113,    000h 00m 02.263s,    000h 31m 38.113s
872,    2294,    1900407,    000h 00m 02.294s,    000h 31m 40.407s
873,    2109,    1902516,    000h 00m 02.109s,    000h 31m 42.516s
874,    2179,    1904695,    000h 00m 02.179s,    000h 31m 44.695s
875,    2185,    1906880,    000h 00m 02.185s,    000h 31m 46.880s
876,    2168,    1909048,    000h 00m 02.168s,    000h 31m 49.048s
877,    2177,    1911225,    000h 00m 02.177s,    000h 31m 51.225s
878,    2230,    1913455,    000h 00m 02.230s,    000h 31m 53.455s
879,    2216,    1915671,    000h 00m 02.216s,    000h 31m 55.671s
880,    2143,    1917814,    000h 00m 02.143s,    000h 31m 57.814s
881,    2197,    1920011,    000h 00m 02.197s,    000h 32m 00.011s
882,    2123,    1922134,    000h 00m 02.123s,    000h 32m 02.134s
883,    2202,    1924336,    000h 00m 02.202s,    000h 32m 04.336s
884,    2168,    1926504,    000h 00m 02.168s,    000h 32m 06.504s
885,    2198,    1928702,    000h 00m 02.198s,    000h 32m 08.702s
886,    2154,    1930856,    000h 00m 02.154s,    000h 32m 10.856s
887,    2184,    1933040,    000h 00m 02.184s,    000h 32m 13.040s
888,    2191,    1935231,    000h 00m 02.191s,    000h 32m 15.231s
889,    2115,    1937346,    000h 00m 02.115s,    000h 32m 17.346s
890,    2176,    1939522,    000h 00m 02.176s,    000h 32m 19.522s
891,    2208,    1941730,    000h 00m 02.208s,    000h 32m 21.730s
892,    2153,    1943883,    000h 00m 02.153s,    000h 32m 23.883s
893,    2205,    1946088,    000h 00m 02.205s,    000h 32m 26.088s
894,    2230,    1948318,    000h 00m 02.230s,    000h 32m 28.318s
895,    2173,    1950491,    000h 00m 02.173s,    000h 32m 30.491s
896,    2156,    1952647,    000h 00m 02.156s,    000h 32m 32.647s
897,    2203,    1954850,    000h 00m 02.203s,    000h 32m 34.850s
898,    2219,    1957069,    000h 00m 02.219s,    000h 32m 37.069s
899,    2266,    1959335,    000h 00m 02.266s,    000h 32m 39.335s
900,    2188,    1961523,    000h 00m 02.188s,    000h 32m 41.523s
901,    2255,    1963778,    000h 00m 02.255s,    000h 32m 43.778s
902,    2153,    1965931,    000h 00m 02.153s,    000h 32m 45.931s
903,    2329,    1968260,    000h 00m 02.329s,    000h 32m 48.260s
904,    2148,    1970408,    000h 00m 02.148s,    000h 32m 50.408s
905,    2089,    1972497,    000h 00m 02.089s,    000h 32m 52.497s
906,    2246,    1974743,    000h 00m 02.246s,    000h 32m 54.743s
907,    2173,    1976916,    000h 00m 02.173s,    000h 32m 56.916s
908,    2220,    1979136,    000h 00m 02.220s,    000h 32m 59.136s
909,    2149,    1981285,    000h 00m 02.149s,    000h 33m 01.285s
910,    2244,    1983529,    000h 00m 02.244s,    000h 33m 03.529s
911,    2118,    1985647,    000h 00m 02.118s,    000h 33m 05.647s
912,    2283,    1987930,    000h 00m 02.283s,    000h 33m 07.930s
913,    2211,    1990141,    000h 00m 02.211s,    000h 33m 10.141s
914,    2133,    1992274,    000h 00m 02.133s,    000h 33m 12.274s
915,    2231,    1994505,    000h 00m 02.231s,    000h 33m 14.505s
916,    2142,    1996647,    000h 00m 02.142s,    000h 33m 16.647s
917,    2142,    1998789,    000h 00m 02.142s,    000h 33m 18.789s
918,    2198,    2000987,    000h 00m 02.198s,    000h 33m 20.987s
919,    2209,    2003196,    000h 00m 02.209s,    000h 33m 23.196s
920,    2133,    2005329,    000h 00m 02.133s,    000h 33m 25.329s
921,    2232,    2007561,    000h 00m 02.232s,    000h 33m 27.561s
922,    2124,    2009685,    000h 00m 02.124s,    000h 33m 29.685s
923,    2184,    2011869,    000h 00m 02.184s,    000h 33m 31.869s
924,    2231,    2014100,    000h 00m 02.231s,    000h 33m 34.100s
925,    2220,    2016320,    000h 00m 02.220s,    000h 33m 36.320s
926,    2100,    2018420,    000h 00m 02.100s,    000h 33m 38.420s
927,    2025,    2020445,    000h 00m 02.025s,    000h 33m 40.445s
928,    2280,    2022725,    000h 00m 02.280s,    000h 33m 42.725s
929,    2122,    2024847,    000h 00m 02.122s,    000h 33m 44.847s
930,    2137,    2026984,    000h 00m 02.137s,    000h 33m 46.984s
931,    2175,    2029159,    000h 00m 02.175s,    000h 33m 49.159s
932,    2117,    2031276,    000h 00m 02.117s,    000h 33m 51.276s
933,    2122,    2033398,    000h 00m 02.122s,    000h 33m 53.398s
934,    2254,    2035652,    000h 00m 02.254s,    000h 33m 55.652s
935,    2212,    2037864,    000h 00m 02.212s,    000h 33m 57.864s
936,    2152,    2040016,    000h 00m 02.152s,    000h 34m 00.016s
937,    2186,    2042202,    000h 00m 02.186s,    000h 34m 02.202s
938,    2219,    2044421,    000h 00m 02.219s,    000h 34m 04.421s
939,    2162,    2046583,    000h 00m 02.162s,    000h 34m 06.583s
940,    2242,    2048825,    000h 00m 02.242s,    000h 34m 08.825s
941,    2216,    2051041,    000h 00m 02.216s,    000h 34m 11.041s
942,    2245,    2053286,    000h 00m 02.245s,    000h 34m 13.286s
943,    2206,    2055492,    000h 00m 02.206s,    000h 34m 15.492s
944,    2169,    2057661,    000h 00m 02.169s,    000h 34m 17.661s
945,    2187,    2059848,    000h 00m 02.187s,    000h 34m 19.848s
946,    2171,    2062019,    000h 00m 02.171s,    000h 34m 22.019s
947,    2186,    2064205,    000h 00m 02.186s,    000h 34m 24.205s
948,    2193,    2066398,    000h 00m 02.193s,    000h 34m 26.398s
949,    2226,    2068624,    000h 00m 02.226s,    000h 34m 28.624s
950,    2127,    2070751,    000h 00m 02.127s,    000h 34m 30.751s
951,    2191,    2072942,    000h 00m 02.191s,    000h 34m 32.942s
952,    2223,    2075165,    000h 00m 02.223s,    000h 34m 35.165s
953,    2215,    2077380,    000h 00m 02.215s,    000h 34m 37.380s
954,    2204,    2079584,    000h 00m 02.204s,    000h 34m 39.584s
955,    2296,    2081880,    000h 00m 02.296s,    000h 34m 41.880s
956,    2173,    2084053,    000h 00m 02.173s,    000h 34m 44.053s
957,    2223,    2086276,    000h 00m 02.223s,    000h 34m 46.276s
958,    2173,    2088449,    000h 00m 02.173s,    000h 34m 48.449s
959,    2197,    2090646,    000h 00m 02.197s,    000h 34m 50.646s
960,    2328,    2092974,    000h 00m 02.328s,    000h 34m 52.974s
961,    2221,    2095195,    000h 00m 02.221s,    000h 34m 55.195s
962,    2310,    2097505,    000h 00m 02.310s,    000h 34m 57.505s
963,    2169,    2099674,    000h 00m 02.169s,    000h 34m 59.674s
964,    2186,    2101860,    000h 00m 02.186s,    000h 35m 01.860s
965,    2081,    2103941,    000h 00m 02.081s,    000h 35m 03.941s
966,    2124,    2106065,    000h 00m 02.124s,    000h 35m 06.065s
967,    2225,    2108290,    000h 00m 02.225s,    000h 35m 08.290s
968,    2229,    2110519,    000h 00m 02.229s,    000h 35m 10.519s
969,    2246,    2112765,    000h 00m 02.246s,    000h 35m 12.765s
970,    2122,    2114887,    000h 00m 02.122s,    000h 35m 14.887s
971,    2185,    2117072,    000h 00m 02.185s,    000h 35m 17.072s
972,    2262,    2119334,    000h 00m 02.262s,    000h 35m 19.334s
973,    2181,    2121515,    000h 00m 02.181s,    000h 35m 21.515s
974,    2250,    2123765,    000h 00m 02.250s,    000h 35m 23.765s
975,    2274,    2126039,    000h 00m 02.274s,    000h 35m 26.039s
976,    2283,    2128322,    000h 00m 02.283s,    000h 35m 28.322s
977,    2171,    2130493,    000h 00m 02.171s,    000h 35m 30.493s
978,    2171,    2132664,    000h 00m 02.171s,    000h 35m 32.664s
979,    2204,    2134868,    000h 00m 02.204s,    000h 35m 34.868s
980,    2013,    2136881,    000h 00m 02.013s,    000h 35m 36.881s
981,    2331,    2139212,    000h 00m 02.331s,    000h 35m 39.212s
982,    2109,    2141321,    000h 00m 02.109s,    000h 35m 41.321s
983,    2066,    2143387,    000h 00m 02.066s,    000h 35m 43.387s
984,    2261,    2145648,    000h 00m 02.261s,    000h 35m 45.648s
985,    2174,    2147822,    000h 00m 02.174s,    000h 35m 47.822s
986,    2256,    2150078,    000h 00m 02.256s,    000h 35m 50.078s
987,    2157,    2152235,    000h 00m 02.157s,    000h 35m 52.235s
988,    2230,    2154465,    000h 00m 02.230s,    000h 35m 54.465s
989,    2143,    2156608,    000h 00m 02.143s,    000h 35m 56.608s
990,    2208,    2158816,    000h 00m 02.208s,    000h 35m 58.816s
991,    2120,    2160936,    000h 00m 02.120s,    000h 36m 00.936s
992,    1998,    2162934,    000h 00m 01.998s,    000h 36m 02.934s
993,    2198,    2165132,    000h 00m 02.198s,    000h 36m 05.132s
994,    2152,    2167284,    000h 00m 02.152s,    000h 36m 07.284s
995,    2195,    2169479,    000h 00m 02.195s,    000h 36m 09.479s
996,    2190,    2171669,    000h 00m 02.190s,    000h 36m 11.669s
997,    2197,    2173866,    000h 00m 02.197s,    000h 36m 13.866s
998,    2233,    2176099,    000h 00m 02.233s,    000h 36m 16.099s
999,    2118,    2178217,    000h 00m 02.118s,    000h 36m 18.217s
1000,    2109,    2180326,    000h 00m 02.109s,    000h 36m 20.326s
1001,    2194,    2182520,    000h 00m 02.194s,    000h 36m 22.520s
1002,    2270,    2184790,    000h 00m 02.270s,    000h 36m 24.790s
1003,    2219,    2187009,    000h 00m 02.219s,    000h 36m 27.009s
1004,    2297,    2189306,    000h 00m 02.297s,    000h 36m 29.306s
1005,    2185,    2191491,    000h 00m 02.185s,    000h 36m 31.491s
1006,    2129,    2193620,    000h 00m 02.129s,    000h 36m 33.620s
1007,    2148,    2195768,    000h 00m 02.148s,    000h 36m 35.768s
1008,    2189,    2197957,    000h 00m 02.189s,    000h 36m 37.957s
1009,    2148,    2200105,    000h 00m 02.148s,    000h 36m 40.105s
1010,    2285,    2202390,    000h 00m 02.285s,    000h 36m 42.390s
1011,    2013,    2204403,    000h 00m 02.013s,    000h 36m 44.403s
1012,    2150,    2206553,    000h 00m 02.150s,    000h 36m 46.553s
1013,    2142,    2208695,    000h 00m 02.142s,    000h 36m 48.695s
1014,    2214,    2210909,    000h 00m 02.214s,    000h 36m 50.909s
1015,    2179,    2213088,    000h 00m 02.179s,    000h 36m 53.088s
1016,    2215,    2215303,    000h 00m 02.215s,    000h 36m 55.303s
1017,    2124,    2217427,    000h 00m 02.124s,    000h 36m 57.427s
1018,    2087,    2219514,    000h 00m 02.087s,    000h 36m 59.514s
1019,    2255,    2221769,    000h 00m 02.255s,    000h 37m 01.769s
1020,    2192,    2223961,    000h 00m 02.192s,    000h 37m 03.961s
1021,    2207,    2226168,    000h 00m 02.207s,    000h 37m 06.168s
1022,    2049,    2228217,    000h 00m 02.049s,    000h 37m 08.217s
1023,    2124,    2230341,    000h 00m 02.124s,    000h 37m 10.341s
1024,    2194,    2232535,    000h 00m 02.194s,    000h 37m 12.535s
1025,    2201,    2234736,    000h 00m 02.201s,    000h 37m 14.736s
