pass,    time (ms),    total time (ms),    time,     total_time
1,    2179,    2179,    000h 00m 02.179s,    000h 00m 02.179s
2,    2189,    4368,    000h 00m 02.189s,    000h 00m 04.368s
3,    2276,    6644,    000h 00m 02.276s,    000h 00m 06.644s
4,    2184,    8828,    000h 00m 02.184s,    000h 00m 08.828s
5,    2148,    10976,    000h 00m 02.148s,    000h 00m 10.976s
6,    2152,    13128,    000h 00m 02.152s,    000h 00m 13.128s
7,    2208,    15336,    000h 00m 02.208s,    000h 00m 15.336s
8,    2203,    17539,    000h 00m 02.203s,    000h 00m 17.539s
9,    2200,    19739,    000h 00m 02.200s,    000h 00m 19.739s
10,    2264,    22003,    000h 00m 02.264s,    000h 00m 22.003s
11,    2191,    24194,    000h 00m 02.191s,    000h 00m 24.194s
12,    2256,    26450,    000h 00m 02.256s,    000h 00m 26.450s
13,    2153,    28603,    000h 00m 02.153s,    000h 00m 28.603s
14,    2291,    30894,    000h 00m 02.291s,    000h 00m 30.894s
15,    2114,    33008,    000h 00m 02.114s,    000h 00m 33.008s
16,    2224,    35232,    000h 00m 02.224s,    000h 00m 35.232s
17,    2216,    37448,    000h 00m 02.216s,    000h 00m 37.448s
18,    2229,    39677,    000h 00m 02.229s,    000h 00m 39.677s
19,    2329,    42006,    000h 00m 02.329s,    000h 00m 42.006s
20,    2232,    44238,    000h 00m 02.232s,    000h 00m 44.238s
21,    2213,    46451,    000h 00m 02.213s,    000h 00m 46.451s
22,    2258,    48709,    000h 00m 02.258s,    000h 00m 48.709s
23,    2115,    50824,    000h 00m 02.115s,    000h 00m 50.824s
24,    2213,    53037,    000h 00m 02.213s,    000h 00m 53.037s
25,    2212,    55249,    000h 00m 02.212s,    000h 00m 55.249s
26,    2243,    57492,    000h 00m 02.243s,    000h 00m 57.492s
27,    2204,    59696,    000h 00m 02.204s,    000h 00m 59.696s
28,    2109,    61805,    000h 00m 02.109s,    000h 01m 01.805s
29,    2145,    63950,    000h 00m 02.145s,    000h 01m 03.950s
30,    2138,    66088,    000h 00m 02.138s,    000h 01m 06.088s
31,    2226,    68314,    000h 00m 02.226s,    000h 01m 08.314s
32,    2222,    70536,    000h 00m 02.222s,    000h 01m 10.536s
33,    2219,    72755,    000h 00m 02.219s,    000h 01m 12.755s
34,    2190,    74945,    000h 00m 02.190s,    000h 01m 14.945s
35,    2090,    77035,    000h 00m 02.090s,    000h 01m 17.035s
36,    2173,    79208,    000h 00m 02.173s,    000h 01m 19.208s
37,    2164,    81372,    000h 00m 02.164s,    000h 01m 21.372s
38,    2147,    83519,    000h 00m 02.147s,    000h 01m 23.519s
39,    2181,    85700,    000h 00m 02.181s,    000h 01m 25.700s
40,    2090,    87790,    000h 00m 02.090s,    000h 01m 27.790s
41,    2297,    90087,    000h 00m 02.297s,    000h 01m 30.087s
42,    2194,    92281,    000h 00m 02.194s,    000h 01m 32.281s
43,    2157,    94438,    000h 00m 02.157s,    000h 01m 34.438s
44,    2163,    96601,    000h 00m 02.163s,    000h 01m 36.601s
45,    2246,    98847,    000h 00m 02.246s,    000h 01m 38.847s
46,    2324,    101171,    000h 00m 02.324s,    000h 01m 41.171s
47,    2238,    103409,    000h 00m 02.238s,    000h 01m 43.409s
48,    2143,    105552,    000h 00m 02.143s,    000h 01m 45.552s
49,    2129,    107681,    000h 00m 02.129s,    000h 01m 47.681s
50,    2344,    110025,    000h 00m 02.344s,    000h 01m 50.025s
51,    2171,    112196,    000h 00m 02.171s,    000h 01m 52.196s
52,    2246,    114442,    000h 00m 02.246s,    000h 01m 54.442s
53,    2142,    116584,    000h 00m 02.142s,    000h 01m 56.584s
54,    2187,    118771,    000h 00m 02.187s,    000h 01m 58.771s
55,    2227,    120998,    000h 00m 02.227s,    000h 02m 00.998s
56,    2024,    123022,    000h 00m 02.024s,    000h 02m 03.022s
57,    2191,    125213,    000h 00m 02.191s,    000h 02m 05.213s
58,    2219,    127432,    000h 00m 02.219s,    000h 02m 07.432s
59,    2197,    129629,    000h 00m 02.197s,    000h 02m 09.629s
60,    2168,    131797,    000h 00m 02.168s,    000h 02m 11.797s
61,    2130,    133927,    000h 00m 02.130s,    000h 02m 13.927s
62,    2160,    136087,    000h 00m 02.160s,    000h 02m 16.087s
63,    2202,    138289,    000h 00m 02.202s,    000h 02m 18.289s
64,    2189,    140478,    000h 00m 02.189s,    000h 02m 20.478s
65,    2285,    142763,    000h 00m 02.285s,    000h 02m 22.763s
66,    2252,    145015,    000h 00m 02.252s,    000h 02m 25.015s
67,    2150,    147165,    000h 00m 02.150s,    000h 02m 27.165s
68,    2095,    149260,    000h 00m 02.095s,    000h 02m 29.260s
69,    2016,    151276,    000h 00m 02.016s,    000h 02m 31.276s
70,    2219,    153495,    000h 00m 02.219s,    000h 02m 33.495s
71,    2195,    155690,    000h 00m 02.195s,    000h 02m 35.690s
72,    2145,    157835,    000h 00m 02.145s,    000h 02m 37.835s
73,    2167,    160002,    000h 00m 02.167s,    000h 02m 40.002s
74,    2220,    162222,    000h 00m 02.220s,    000h 02m 42.222s
75,    2137,    164359,    000h 00m 02.137s,    000h 02m 44.359s
76,    2204,    166563,    000h 00m 02.204s,    000h 02m 46.563s
77,    2142,    168705,    000h 00m 02.142s,    000h 02m 48.705s
78,    2123,    170828,    000h 00m 02.123s,    000h 02m 50.828s
79,    2197,    173025,    000h 00m 02.197s,    000h 02m 53.025s
80,    2217,    175242,    000h 00m 02.217s,    000h 02m 55.242s
81,    2145,    177387,    000h 00m 02.145s,    000h 02m 57.387s
82,    2185,    179572,    000h 00m 02.185s,    000h 02m 59.572s
83,    2192,    181764,    000h 00m 02.192s,    000h 03m 01.764s
84,    2155,    183919,    000h 00m 02.155s,    000h 03m 03.919s
85,    2121,    186040,    000h 00m 02.121s,    000h 03m 06.040s
86,    2270,    188310,    000h 00m 02.270s,    000h 03m 08.310s
87,    2195,    190505,    000h 00m 02.195s,    000h 03m 10.505s
88,    2206,    192711,    000h 00m 02.206s,    000h 03m 12.711s
89,    2116,    194827,    000h 00m 02.116s,    000h 03m 14.827s
90,    2148,    196975,    000h 00m 02.148s,    000h 03m 16.975s
91,    2204,    199179,    000h 00m 02.204s,    000h 03m 19.179s
92,    2090,    201269,    000h 00m 02.090s,    000h 03m 21.269s
93,    2215,    203484,    000h 00m 02.215s,    000h 03m 23.484s
94,    2190,    205674,    000h 00m 02.190s,    000h 03m 25.674s
95,    2327,    208001,    000h 00m 02.327s,    000h 03m 28.001s
96,    2217,    210218,    000h 00m 02.217s,    000h 03m 30.218s
97,    2237,    212455,    000h 00m 02.237s,    000h 03m 32.455s
98,    2013,    214468,    000h 00m 02.013s,    000h 03m 34.468s
99,    2286,    216754,    000h 00m 02.286s,    000h 03m 36.754s
100,    2174,    218928,    000h 00m 02.174s,    000h 03m 38.928s
101,    2134,    221062,    000h 00m 02.134s,    000h 03m 41.062s
102,    2255,    223317,    000h 00m 02.255s,    000h 03m 43.317s
103,    2097,    225414,    000h 00m 02.097s,    000h 03m 45.414s
104,    2064,    227478,    000h 00m 02.064s,    000h 03m 47.478s
105,    2249,    229727,    000h 00m 02.249s,    000h 03m 49.727s
106,    2168,    231895,    000h 00m 02.168s,    000h 03m 51.895s
107,    2145,    234040,    000h 00m 02.145s,    000h 03m 54.040s
108,    2227,    236267,    000h 00m 02.227s,    000h 03m 56.267s
109,    2172,    238439,    000h 00m 02.172s,    000h 03m 58.439s
110,    2111,    240550,    000h 00m 02.111s,    000h 04m 00.550s
111,    2158,    242708,    000h 00m 02.158s,    000h 04m 02.708s
112,    2191,    244899,    000h 00m 02.191s,    000h 04m 04.899s
113,    2257,    247156,    000h 00m 02.257s,    000h 04m 07.156s
114,    2265,    249421,    000h 00m 02.265s,    000h 04m 09.421s
115,    2278,    251699,    000h 00m 02.278s,    000h 04m 11.699s
116,    2184,    253883,    000h 00m 02.184s,    000h 04m 13.883s
117,    2164,    256047,    000h 00m 02.164s,    000h 04m 16.047s
118,    2054,    258101,    000h 00m 02.054s,    000h 04m 18.101s
119,    2188,    260289,    000h 00m 02.188s,    000h 04m 20.289s
120,    2003,    262292,    000h 00m 02.003s,    000h 04m 22.292s
121,    2060,    264352,    000h 00m 02.060s,    000h 04m 24.352s
122,    2173,    266525,    000h 00m 02.173s,    000h 04m 26.525s
123,    2336,    268861,    000h 00m 02.336s,    000h 04m 28.861s
124,    2162,    271023,    000h 00m 02.162s,    000h 04m 31.023s
125,    2155,    273178,    000h 00m 02.155s,    000h 04m 33.178s
126,    2167,    275345,    000h 00m 02.167s,    000h 04m 35.345s
127,    2172,    277517,    000h 00m 02.172s,    000h 04m 37.517s
128,    2219,    279736,    000h 00m 02.219s,    000h 04m 39.736s
129,    2169,    281905,    000h 00m 02.169s,    000h 04m 41.905s
130,    2193,    284098,    000h 00m 02.193s,    000h 04m 44.098s
131,    2252,    286350,    000h 00m 02.252s,    000h 04m 46.350s
132,    2200,    288550,    000h 00m 02.200s,    000h 04m 48.550s
133,    2112,    290662,    000h 00m 02.112s,    000h 04m 50.662s
134,    2210,    292872,    000h 00m 02.210s,    000h 04m 52.872s
135,    2146,    295018,    000h 00m 02.146s,    000h 04m 55.018s
136,    2294,    297312,    000h 00m 02.294s,    000h 04m 57.312s
137,    2172,    299484,    000h 00m 02.172s,    000h 04m 59.484s
138,    2179,    301663,    000h 00m 02.179s,    000h 05m 01.663s
139,    2194,    303857,    000h 00m 02.194s,    000h 05m 03.857s
140,    2211,    306068,    000h 00m 02.211s,    000h 05m 06.068s
141,    2195,    308263,    000h 00m 02.195s,    000h 05m 08.263s
142,    2211,    310474,    000h 00m 02.211s,    000h 05m 10.474s
143,    2234,    312708,    000h 00m 02.234s,    000h 05m 12.708s
144,    2172,    314880,    000h 00m 02.172s,    000h 05m 14.880s
145,    2203,    317083,    000h 00m 02.203s,    000h 05m 17.083s
146,    2148,    319231,    000h 00m 02.148s,    000h 05m 19.231s
147,    2131,    321362,    000h 00m 02.131s,    000h 05m 21.362s
148,    2129,    323491,    000h 00m 02.129s,    000h 05m 23.491s
149,    2166,    325657,    000h 00m 02.166s,    000h 05m 25.657s
150,    2149,    327806,    000h 00m 02.149s,    000h 05m 27.806s
151,    2089,    329895,    000h 00m 02.089s,    000h 05m 29.895s
152,    2064,    331959,    000h 00m 02.064s,    000h 05m 31.959s
153,    2246,    334205,    000h 00m 02.246s,    000h 05m 34.205s
154,    2122,    336327,    000h 00m 02.122s,    000h 05m 36.327s
155,    2072,    338399,    000h 00m 02.072s,    000h 05m 38.399s
156,    2148,    340547,    000h 00m 02.148s,    000h 05m 40.547s
157,    2171,    342718,    000h 00m 02.171s,    000h 05m 42.718s
158,    2169,    344887,    000h 00m 02.169s,    000h 05m 44.887s
159,    2157,    347044,    000h 00m 02.157s,    000h 05m 47.044s
160,    2166,    349210,    000h 00m 02.166s,    000h 05m 49.210s
161,    2174,    351384,    000h 00m 02.174s,    000h 05m 51.384s
162,    2141,    353525,    000h 00m 02.141s,    000h 05m 53.525s
163,    2239,    355764,    000h 00m 02.239s,    000h 05m 55.764s
164,    2222,    357986,    000h 00m 02.222s,    000h 05m 57.986s
165,    2143,    360129,    000h 00m 02.143s,    000h 06m 00.129s
166,    2155,    362284,    000h 00m 02.155s,    000h 06m 02.284s
167,    2248,    364532,    000h 00m 02.248s,    000h 06m 04.532s
168,    2355,    366887,    000h 00m 02.355s,    000h 06m 06.887s
169,    2318,    369205,    000h 00m 02.318s,    000h 06m 09.205s
170,    2217,    371422,    000h 00m 02.217s,    000h 06m 11.422s
171,    2112,    373534,    000h 00m 02.112s,    000h 06m 13.534s
172,    2134,    375668,    000h 00m 02.134s,    000h 06m 15.668s
173,    2163,    377831,    000h 00m 02.163s,    000h 06m 17.831s
174,    2209,    380040,    000h 00m 02.209s,    000h 06m 20.040s
175,    2120,    382160,    000h 00m 02.120s,    000h 06m 22.160s
176,    2202,    384362,    000h 00m 02.202s,    000h 06m 24.362s
177,    2201,    386563,    000h 00m 02.201s,    000h 06m 26.563s
178,    2206,    388769,    000h 00m 02.206s,    000h 06m 28.769s
179,    2143,    390912,    000h 00m 02.143s,    000h 06m 30.912s
180,    2165,    393077,    000h 00m 02.165s,    000h 06m 33.077s
181,    2181,    395258,    000h 00m 02.181s,    000h 06m 35.258s
182,    2227,    397485,    000h 00m 02.227s,    000h 06m 37.485s
183,    2144,    399629,    000h 00m 02.144s,    000h 06m 39.629s
184,    2213,    401842,    000h 00m 02.213s,    000h 06m 41.842s
185,    2230,    404072,    000h 00m 02.230s,    000h 06m 44.072s
186,    2174,    406246,    000h 00m 02.174s,    000h 06m 46.246s
187,    2201,    408447,    000h 00m 02.201s,    000h 06m 48.447s
188,    2298,    410745,    000h 00m 02.298s,    000h 06m 50.745s
189,    2108,    412853,    000h 00m 02.108s,    000h 06m 52.853s
190,    2169,    415022,    000h 00m 02.169s,    000h 06m 55.022s
191,    2130,    417152,    000h 00m 02.130s,    000h 06m 57.152s
192,    2167,    419319,    000h 00m 02.167s,    000h 06m 59.319s
193,    2109,    421428,    000h 00m 02.109s,    000h 07m 01.428s
194,    2137,    423565,    000h 00m 02.137s,    000h 07m 03.565s
195,    2208,    425773,    000h 00m 02.208s,    000h 07m 05.773s
196,    2093,    427866,    000h 00m 02.093s,    000h 07m 07.866s
197,    2202,    430068,    000h 00m 02.202s,    000h 07m 10.068s
198,    2174,    432242,    000h 00m 02.174s,    000h 07m 12.242s
199,    2152,    434394,    000h 00m 02.152s,    000h 07m 14.394s
200,    2184,    436578,    000h 00m 02.184s,    000h 07m 16.578s
201,    2210,    438788,    000h 00m 02.210s,    000h 07m 18.788s
202,    2189,    440977,    000h 00m 02.189s,    000h 07m 20.977s
203,    2185,    443162,    000h 00m 02.185s,    000h 07m 23.162s
204,    2134,    445296,    000h 00m 02.134s,    000h 07m 25.296s
205,    2238,    447534,    000h 00m 02.238s,    000h 07m 27.534s
206,    2186,    449720,    000h 00m 02.186s,    000h 07m 29.720s
207,    2289,    452009,    000h 00m 02.289s,    000h 07m 32.009s
208,    2137,    454146,    000h 00m 02.137s,    000h 07m 34.146s
209,    2089,    456235,    000h 00m 02.089s,    000h 07m 36.235s
210,    2056,    458291,    000h 00m 02.056s,    000h 07m 38.291s
211,    2115,    460406,    000h 00m 02.115s,    000h 07m 40.406s
212,    2189,    462595,    000h 00m 02.189s,    000h 07m 42.595s
213,    2218,    464813,    000h 00m 02.218s,    000h 07m 44.813s
214,    2110,    466923,    000h 00m 02.110s,    000h 07m 46.923s
215,    2208,    469131,    000h 00m 02.208s,    000h 07m 49.131s
216,    2166,    471297,    000h 00m 02.166s,    000h 07m 51.297s
217,    2210,    473507,    000h 00m 02.210s,    000h 07m 53.507s
218,    2227,    475734,    000h 00m 02.227s,    000h 07m 55.734s
219,    2192,    477926,    000h 00m 02.192s,    000h 07m 57.926s
220,    2228,    480154,    000h 00m 02.228s,    000h 08m 00.154s
221,    2130,    482284,    000h 00m 02.130s,    000h 08m 02.284s
222,    2125,    484409,    000h 00m 02.125s,    000h 08m 04.409s
223,    2223,    486632,    000h 00m 02.223s,    000h 08m 06.632s
224,    2206,    488838,    000h 00m 02.206s,    000h 08m 08.838s
225,    2089,    490927,    000h 00m 02.089s,    000h 08m 10.927s
226,    2182,    493109,    000h 00m 02.182s,    000h 08m 13.109s
227,    2157,    495266,    000h 00m 02.157s,    000h 08m 15.266s
228,    2189,    497455,    000h 00m 02.189s,    000h 08m 17.455s
229,    2190,    499645,    000h 00m 02.190s,    000h 08m 19.645s
230,    2246,    501891,    000h 00m 02.246s,    000h 08m 21.891s
231,    2115,    504006,    000h 00m 02.115s,    000h 08m 24.006s
232,    2141,    506147,    000h 00m 02.141s,    000h 08m 26.147s
233,    2099,    508246,    000h 00m 02.099s,    000h 08m 28.246s
234,    2272,    510518,    000h 00m 02.272s,    000h 08m 30.518s
235,    2147,    512665,    000h 00m 02.147s,    000h 08m 32.665s
236,    2109,    514774,    000h 00m 02.109s,    000h 08m 34.774s
237,    2052,    516826,    000h 00m 02.052s,    000h 08m 36.826s
238,    2079,    518905,    000h 00m 02.079s,    000h 08m 38.905s
239,    2094,    520999,    000h 00m 02.094s,    000h 08m 40.999s
240,    2169,    523168,    000h 00m 02.169s,    000h 08m 43.168s
241,    2209,    525377,    000h 00m 02.209s,    000h 08m 45.377s
242,    2087,    527464,    000h 00m 02.087s,    000h 08m 47.464s
243,    2149,    529613,    000h 00m 02.149s,    000h 08m 49.613s
244,    2119,    531732,    000h 00m 02.119s,    000h 08m 51.732s
245,    2114,    533846,    000h 00m 02.114s,    000h 08m 53.846s
246,    2140,    535986,    000h 00m 02.140s,    000h 08m 55.986s
247,    2189,    538175,    000h 00m 02.189s,    000h 08m 58.175s
248,    2246,    540421,    000h 00m 02.246s,    000h 09m 00.421s
249,    2172,    542593,    000h 00m 02.172s,    000h 09m 02.593s
250,    2213,    544806,    000h 00m 02.213s,    000h 09m 04.806s
251,    2287,    547093,    000h 00m 02.287s,    000h 09m 07.093s
252,    31825,    578918,    000h 00m 31.825s,    000h 09m 38.918s
253,    32948,    611866,    000h 00m 32.948s,    000h 10m 11.866s
254,    31722,    643588,    000h 00m 31.722s,    000h 10m 43.588s
255,    31134,    674722,    000h 00m 31.134s,    000h 11m 14.722s
256,    32983,    707705,    000h 00m 32.983s,    000h 11m 47.705s
257,    33608,    741313,    000h 00m 33.608s,    000h 12m 21.313s
258,    34277,    775590,    000h 00m 34.277s,    000h 12m 55.590s
259,    34617,    810207,    000h 00m 34.617s,    000h 13m 30.207s
260,    32735,    842942,    000h 00m 32.735s,    000h 14m 02.942s
261,    30770,    873712,    000h 00m 30.770s,    000h 14m 33.712s
262,    33494,    907206,    000h 00m 33.494s,    000h 15m 07.206s
263,    31913,    939119,    000h 00m 31.913s,    000h 15m 39.119s
264,    31823,    970942,    000h 00m 31.823s,    000h 16m 10.942s
265,    32052,    1002994,    000h 00m 32.052s,    000h 16m 42.994s
266,    31908,    1034902,    000h 00m 31.908s,    000h 17m 14.902s
267,    31746,    1066648,    000h 00m 31.746s,    000h 17m 46.648s
268,    18643,    1085291,    000h 00m 18.643s,    000h 18m 05.291s
269,    29729,    1115020,    000h 00m 29.729s,    000h 18m 35.020s
270,    32639,    1147659,    000h 00m 32.639s,    000h 19m 07.659s
271,    21041,    1168700,    000h 00m 21.041s,    000h 19m 28.700s
272,    11221,    1179921,    000h 00m 11.221s,    000h 19m 39.921s
273,    32115,    1212036,    000h 00m 32.115s,    000h 20m 12.036s
274,    32872,    1244908,    000h 00m 32.872s,    000h 20m 44.908s
275,    15163,    1260071,    000h 00m 15.163s,    000h 21m 00.071s
276,    2836,    1262907,    000h 00m 02.836s,    000h 21m 02.907s
277,    2201,    1265108,    000h 00m 02.201s,    000h 21m 05.108s
278,    2122,    1267230,    000h 00m 02.122s,    000h 21m 07.230s
279,    2205,    1269435,    000h 00m 02.205s,    000h 21m 09.435s
280,    2179,    1271614,    000h 00m 02.179s,    000h 21m 11.614s
281,    2161,    1273775,    000h 00m 02.161s,    000h 21m 13.775s
282,    2158,    1275933,    000h 00m 02.158s,    000h 21m 15.933s
283,    2325,    1278258,    000h 00m 02.325s,    000h 21m 18.258s
284,    2156,    1280414,    000h 00m 02.156s,    000h 21m 20.414s
285,    2100,    1282514,    000h 00m 02.100s,    000h 21m 22.514s
286,    2078,    1284592,    000h 00m 02.078s,    000h 21m 24.592s
287,    2271,    1286863,    000h 00m 02.271s,    000h 21m 26.863s
288,    2067,    1288930,    000h 00m 02.067s,    000h 21m 28.930s
289,    2036,    1290966,    000h 00m 02.036s,    000h 21m 30.966s
290,    2057,    1293023,    000h 00m 02.057s,    000h 21m 33.023s
291,    2136,    1295159,    000h 00m 02.136s,    000h 21m 35.159s
292,    2319,    1297478,    000h 00m 02.319s,    000h 21m 37.478s
293,    2094,    1299572,    000h 00m 02.094s,    000h 21m 39.572s
294,    2152,    1301724,    000h 00m 02.152s,    000h 21m 41.724s
295,    2074,    1303798,    000h 00m 02.074s,    000h 21m 43.798s
296,    2250,    1306048,    000h 00m 02.250s,    000h 21m 46.048s
297,    2251,    1308299,    000h 00m 02.251s,    000h 21m 48.299s
298,    2171,    1310470,    000h 00m 02.171s,    000h 21m 50.470s
299,    2205,    1312675,    000h 00m 02.205s,    000h 21m 52.675s
300,    2305,    1314980,    000h 00m 02.305s,    000h 21m 54.980s
301,    2179,    1317159,    000h 00m 02.179s,    000h 21m 57.159s
302,    2142,    1319301,    000h 00m 02.142s,    000h 21m 59.301s
303,    2104,    1321405,    000h 00m 02.104s,    000h 22m 01.405s
304,    2090,    1323495,    000h 00m 02.090s,    000h 22m 03.495s
305,    2203,    1325698,    000h 00m 02.203s,    000h 22m 05.698s
306,    2169,    1327867,    000h 00m 02.169s,    000h 22m 07.867s
307,    2182,    1330049,    000h 00m 02.182s,    000h 22m 10.049s
308,    2315,    1332364,    000h 00m 02.315s,    000h 22m 12.364s
309,    2174,    1334538,    000h 00m 02.174s,    000h 22m 14.538s
310,    2054,    1336592,    000h 00m 02.054s,    000h 22m 16.592s
311,    2141,    1338733,    000h 00m 02.141s,    000h 22m 18.733s
312,    2192,    1340925,    000h 00m 02.192s,    000h 22m 20.925s
313,    2188,    1343113,    000h 00m 02.188s,    000h 22m 23.113s
314,    2216,    1345329,    000h 00m 02.216s,    000h 22m 25.329s
315,    2177,    1347506,    000h 00m 02.177s,    000h 22m 27.506s
316,    2289,    1349795,    000h 00m 02.289s,    000h 22m 29.795s
317,    2179,    1351974,    000h 00m 02.179s,    000h 22m 31.974s
318,    19886,    1371860,    000h 00m 19.886s,    000h 22m 51.860s
319,    2248,    1374108,    000h 00m 02.248s,    000h 22m 54.108s
320,    2326,    1376434,    000h 00m 02.326s,    000h 22m 56.434s
321,    2141,    1378575,    000h 00m 02.141s,    000h 22m 58.575s
322,    2300,    1380875,    000h 00m 02.300s,    000h 23m 00.875s
323,    2091,    1382966,    000h 00m 02.091s,    000h 23m 02.966s
324,    2151,    1385117,    000h 00m 02.151s,    000h 23m 05.117s
325,    2238,    1387355,    000h 00m 02.238s,    000h 23m 07.355s
326,    2184,    1389539,    000h 00m 02.184s,    000h 23m 09.539s
327,    2169,    1391708,    000h 00m 02.169s,    000h 23m 11.708s
328,    2255,    1393963,    000h 00m 02.255s,    000h 23m 13.963s
329,    2233,    1396196,    000h 00m 02.233s,    000h 23m 16.196s
330,    2196,    1398392,    000h 00m 02.196s,    000h 23m 18.392s
331,    2235,    1400627,    000h 00m 02.235s,    000h 23m 20.627s
332,    2215,    1402842,    000h 00m 02.215s,    000h 23m 22.842s
333,    2164,    1405006,    000h 00m 02.164s,    000h 23m 25.006s
334,    2112,    1407118,    000h 00m 02.112s,    000h 23m 27.118s
335,    2178,    1409296,    000h 00m 02.178s,    000h 23m 29.296s
336,    2194,    1411490,    000h 00m 02.194s,    000h 23m 31.490s
337,    2157,    1413647,    000h 00m 02.157s,    000h 23m 33.647s
338,    2240,    1415887,    000h 00m 02.240s,    000h 23m 35.887s
339,    2056,    1417943,    000h 00m 02.056s,    000h 23m 37.943s
340,    2253,    1420196,    000h 00m 02.253s,    000h 23m 40.196s
341,    2217,    1422413,    000h 00m 02.217s,    000h 23m 42.413s
342,    2234,    1424647,    000h 00m 02.234s,    000h 23m 44.647s
343,    2126,    1426773,    000h 00m 02.126s,    000h 23m 46.773s
344,    2234,    1429007,    000h 00m 02.234s,    000h 23m 49.007s
345,    2223,    1431230,    000h 00m 02.223s,    000h 23m 51.230s
346,    2156,    1433386,    000h 00m 02.156s,    000h 23m 53.386s
347,    2217,    1435603,    000h 00m 02.217s,    000h 23m 55.603s
348,    2170,    1437773,    000h 00m 02.170s,    000h 23m 57.773s
349,    2079,    1439852,    000h 00m 02.079s,    000h 23m 59.852s
350,    2170,    1442022,    000h 00m 02.170s,    000h 24m 02.022s
351,    2157,    1444179,    000h 00m 02.157s,    000h 24m 04.179s
352,    2216,    1446395,    000h 00m 02.216s,    000h 24m 06.395s
353,    2232,    1448627,    000h 00m 02.232s,    000h 24m 08.627s
354,    2197,    1450824,    000h 00m 02.197s,    000h 24m 10.824s
355,    2286,    1453110,    000h 00m 02.286s,    000h 24m 13.110s
356,    2189,    1455299,    000h 00m 02.189s,    000h 24m 15.299s
357,    2163,    1457462,    000h 00m 02.163s,    000h 24m 17.462s
358,    2160,    1459622,    000h 00m 02.160s,    000h 24m 19.622s
359,    2303,    1461925,    000h 00m 02.303s,    000h 24m 21.925s
360,    2274,    1464199,    000h 00m 02.274s,    000h 24m 24.199s
361,    2233,    1466432,    000h 00m 02.233s,    000h 24m 26.432s
362,    2185,    1468617,    000h 00m 02.185s,    000h 24m 28.617s
363,    2089,    1470706,    000h 00m 02.089s,    000h 24m 30.706s
364,    2191,    1472897,    000h 00m 02.191s,    000h 24m 32.897s
365,    2207,    1475104,    000h 00m 02.207s,    000h 24m 35.104s
366,    2336,    1477440,    000h 00m 02.336s,    000h 24m 37.440s
367,    2143,    1479583,    000h 00m 02.143s,    000h 24m 39.583s
368,    2109,    1481692,    000h 00m 02.109s,    000h 24m 41.692s
369,    2205,    1483897,    000h 00m 02.205s,    000h 24m 43.897s
370,    2049,    1485946,    000h 00m 02.049s,    000h 24m 45.946s
371,    2077,    1488023,    000h 00m 02.077s,    000h 24m 48.023s
372,    2150,    1490173,    000h 00m 02.150s,    000h 24m 50.173s
373,    2167,    1492340,    000h 00m 02.167s,    000h 24m 52.340s
374,    2198,    1494538,    000h 00m 02.198s,    000h 24m 54.538s
375,    2143,    1496681,    000h 00m 02.143s,    000h 24m 56.681s
376,    2214,    1498895,    000h 00m 02.214s,    000h 24m 58.895s
377,    2202,    1501097,    000h 00m 02.202s,    000h 25m 01.097s
378,    2278,    1503375,    000h 00m 02.278s,    000h 25m 03.375s
379,    2166,    1505541,    000h 00m 02.166s,    000h 25m 05.541s
380,    2233,    1507774,    000h 00m 02.233s,    000h 25m 07.774s
381,    2268,    1510042,    000h 00m 02.268s,    000h 25m 10.042s
382,    2074,    1512116,    000h 00m 02.074s,    000h 25m 12.116s
383,    2225,    1514341,    000h 00m 02.225s,    000h 25m 14.341s
384,    2202,    1516543,    000h 00m 02.202s,    000h 25m 16.543s
385,    2044,    1518587,    000h 00m 02.044s,    000h 25m 18.587s
386,    2190,    1520777,    000h 00m 02.190s,    000h 25m 20.777s
387,    2118,    1522895,    000h 00m 02.118s,    000h 25m 22.895s
388,    2094,    1524989,    000h 00m 02.094s,    000h 25m 24.989s
389,    2160,    1527149,    000h 00m 02.160s,    000h 25m 27.149s
390,    2119,    1529268,    000h 00m 02.119s,    000h 25m 29.268s
391,    2328,    1531596,    000h 00m 02.328s,    000h 25m 31.596s
392,    2200,    1533796,    000h 00m 02.200s,    000h 25m 33.796s
393,    2253,    1536049,    000h 00m 02.253s,    000h 25m 36.049s
394,    2291,    1538340,    000h 00m 02.291s,    000h 25m 38.340s
395,    2241,    1540581,    000h 00m 02.241s,    000h 25m 40.581s
396,    2195,    1542776,    000h 00m 02.195s,    000h 25m 42.776s
397,    2222,    1544998,    000h 00m 02.222s,    000h 25m 44.998s
398,    2078,    1547076,    000h 00m 02.078s,    000h 25m 47.076s
399,    2131,    1549207,    000h 00m 02.131s,    000h 25m 49.207s
400,    2106,    1551313,    000h 00m 02.106s,    000h 25m 51.313s
401,    2138,    1553451,    000h 00m 02.138s,    000h 25m 53.451s
402,    2156,    1555607,    000h 00m 02.156s,    000h 25m 55.607s
403,    2208,    1557815,    000h 00m 02.208s,    000h 25m 57.815s
404,    2237,    1560052,    000h 00m 02.237s,    000h 26m 00.052s
405,    2151,    1562203,    000h 00m 02.151s,    000h 26m 02.203s
406,    2128,    1564331,    000h 00m 02.128s,    000h 26m 04.331s
407,    2085,    1566416,    000h 00m 02.085s,    000h 26m 06.416s
408,    2286,    1568702,    000h 00m 02.286s,    000h 26m 08.702s
409,    2136,    1570838,    000h 00m 02.136s,    000h 26m 10.838s
410,    2191,    1573029,    000h 00m 02.191s,    000h 26m 13.029s
411,    2181,    1575210,    000h 00m 02.181s,    000h 26m 15.210s
412,    2175,    1577385,    000h 00m 02.175s,    000h 26m 17.385s
413,    2101,    1579486,    000h 00m 02.101s,    000h 26m 19.486s
414,    2167,    1581653,    000h 00m 02.167s,    000h 26m 21.653s
415,    2200,    1583853,    000h 00m 02.200s,    000h 26m 23.853s
416,    2153,    1586006,    000h 00m 02.153s,    000h 26m 26.006s
417,    2219,    1588225,    000h 00m 02.219s,    000h 26m 28.225s
418,    2211,    1590436,    000h 00m 02.211s,    000h 26m 30.436s
419,    2145,    1592581,    000h 00m 02.145s,    000h 26m 32.581s
420,    2223,    1594804,    000h 00m 02.223s,    000h 26m 34.804s
421,    2206,    1597010,    000h 00m 02.206s,    000h 26m 37.010s
422,    2188,    1599198,    000h 00m 02.188s,    000h 26m 39.198s
423,    2204,    1601402,    000h 00m 02.204s,    000h 26m 41.402s
424,    2214,    1603616,    000h 00m 02.214s,    000h 26m 43.616s
425,    2149,    1605765,    000h 00m 02.149s,    000h 26m 45.765s
426,    2209,    1607974,    000h 00m 02.209s,    000h 26m 47.974s
427,    2115,    1610089,    000h 00m 02.115s,    000h 26m 50.089s
428,    2246,    1612335,    000h 00m 02.246s,    000h 26m 52.335s
429,    2169,    1614504,    000h 00m 02.169s,    000h 26m 54.504s
430,    2127,    1616631,    000h 00m 02.127s,    000h 26m 56.631s
431,    2161,    1618792,    000h 00m 02.161s,    000h 26m 58.792s
432,    2260,    1621052,    000h 00m 02.260s,    000h 27m 01.052s
433,    2161,    1623213,    000h 00m 02.161s,    000h 27m 03.213s
434,    2095,    1625308,    000h 00m 02.095s,    000h 27m 05.308s
435,    2085,    1627393,    000h 00m 02.085s,    000h 27m 07.393s
436,    2116,    1629509,    000h 00m 02.116s,    000h 27m 09.509s
437,    2265,    1631774,    000h 00m 02.265s,    000h 27m 11.774s
438,    2229,    1634003,    000h 00m 02.229s,    000h 27m 14.003s
439,    2188,    1636191,    000h 00m 02.188s,    000h 27m 16.191s
440,    2161,    1638352,    000h 00m 02.161s,    000h 27m 18.352s
441,    2220,    1640572,    000h 00m 02.220s,    000h 27m 20.572s
442,    2226,    1642798,    000h 00m 02.226s,    000h 27m 22.798s
443,    2080,    1644878,    000h 00m 02.080s,    000h 27m 24.878s
444,    2183,    1647061,    000h 00m 02.183s,    000h 27m 27.061s
445,    2281,    1649342,    000h 00m 02.281s,    000h 27m 29.342s
446,    2192,    1651534,    000h 00m 02.192s,    000h 27m 31.534s
447,    2122,    1653656,    000h 00m 02.122s,    000h 27m 33.656s
448,    2129,    1655785,    000h 00m 02.129s,    000h 27m 35.785s
449,    2127,    1657912,    000h 00m 02.127s,    000h 27m 37.912s
450,    2066,    1659978,    000h 00m 02.066s,    000h 27m 39.978s
451,    2077,    1662055,    000h 00m 02.077s,    000h 27m 42.055s
452,    2144,    1664199,    000h 00m 02.144s,    000h 27m 44.199s
453,    2213,    1666412,    000h 00m 02.213s,    000h 27m 46.412s
454,    2141,    1668553,    000h 00m 02.141s,    000h 27m 48.553s
455,    2295,    1670848,    000h 00m 02.295s,    000h 27m 50.848s
456,    2069,    1672917,    000h 00m 02.069s,    000h 27m 52.917s
457,    2240,    1675157,    000h 00m 02.240s,    000h 27m 55.157s
458,    2082,    1677239,    000h 00m 02.082s,    000h 27m 57.239s
459,    2097,    1679336,    000h 00m 02.097s,    000h 27m 59.336s
460,    2231,    1681567,    000h 00m 02.231s,    000h 28m 01.567s
461,    2065,    1683632,    000h 00m 02.065s,    000h 28m 03.632s
462,    2151,    1685783,    000h 00m 02.151s,    000h 28m 05.783s
463,    2129,    1687912,    000h 00m 02.129s,    000h 28m 07.912s
464,    2249,    1690161,    000h 00m 02.249s,    000h 28m 10.161s
465,    2104,    1692265,    000h 00m 02.104s,    000h 28m 12.265s
466,    2183,    1694448,    000h 00m 02.183s,    000h 28m 14.448s
467,    2331,    1696779,    000h 00m 02.331s,    000h 28m 16.779s
468,    2133,    1698912,    000h 00m 02.133s,    000h 28m 18.912s
469,    2209,    1701121,    000h 00m 02.209s,    000h 28m 21.121s
470,    2082,    1703203,    000h 00m 02.082s,    000h 28m 23.203s
471,    2201,    1705404,    000h 00m 02.201s,    000h 28m 25.404s
472,    2040,    1707444,    000h 00m 02.040s,    000h 28m 27.444s
473,    2205,    1709649,    000h 00m 02.205s,    000h 28m 29.649s
474,    2206,    1711855,    000h 00m 02.206s,    000h 28m 31.855s
475,    2057,    1713912,    000h 00m 02.057s,    000h 28m 33.912s
476,    2218,    1716130,    000h 00m 02.218s,    000h 28m 36.130s
477,    2098,    1718228,    000h 00m 02.098s,    000h 28m 38.228s
478,    2179,    1720407,    000h 00m 02.179s,    000h 28m 40.407s
479,    2039,    1722446,    000h 00m 02.039s,    000h 28m 42.446s
480,    2142,    1724588,    000h 00m 02.142s,    000h 28m 44.588s
481,    2166,    1726754,    000h 00m 02.166s,    000h 28m 46.754s
482,    2239,    1728993,    000h 00m 02.239s,    000h 28m 48.993s
483,    2211,    1731204,    000h 00m 02.211s,    000h 28m 51.204s
484,    2148,    1733352,    000h 00m 02.148s,    000h 28m 53.352s
485,    2178,    1735530,    000h 00m 02.178s,    000h 28m 55.530s
486,    2168,    1737698,    000h 00m 02.168s,    000h 28m 57.698s
487,    2225,    1739923,    000h 00m 02.225s,    000h 28m 59.923s
488,    2063,    1741986,    000h 00m 02.063s,    000h 29m 01.986s
489,    2287,    1744273,    000h 00m 02.287s,    000h 29m 04.273s
490,    2161,    1746434,    000h 00m 02.161s,    000h 29m 06.434s
491,    2172,    1748606,    000h 00m 02.172s,    000h 29m 08.606s
492,    2151,    1750757,    000h 00m 02.151s,    000h 29m 10.757s
493,    2218,    1752975,    000h 00m 02.218s,    000h 29m 12.975s
494,    2056,    1755031,    000h 00m 02.056s,    000h 29m 15.031s
495,    2146,    1757177,    000h 00m 02.146s,    000h 29m 17.177s
496,    2248,    1759425,    000h 00m 02.248s,    000h 29m 19.425s
497,    2149,    1761574,    000h 00m 02.149s,    000h 29m 21.574s
498,    2231,    1763805,    000h 00m 02.231s,    000h 29m 23.805s
499,    2183,    1765988,    000h 00m 02.183s,    000h 29m 25.988s
500,    2230,    1768218,    000h 00m 02.230s,    000h 29m 28.218s
501,    2217,    1770435,    000h 00m 02.217s,    000h 29m 30.435s
502,    2302,    1772737,    000h 00m 02.302s,    000h 29m 32.737s
503,    2203,    1774940,    000h 00m 02.203s,    000h 29m 34.940s
504,    2132,    1777072,    000h 00m 02.132s,    000h 29m 37.072s
505,    2145,    1779217,    000h 00m 02.145s,    000h 29m 39.217s
506,    2191,    1781408,    000h 00m 02.191s,    000h 29m 41.408s
507,    2215,    1783623,    000h 00m 02.215s,    000h 29m 43.623s
508,    2195,    1785818,    000h 00m 02.195s,    000h 29m 45.818s
509,    2275,    1788093,    000h 00m 02.275s,    000h 29m 48.093s
510,    2211,    1790304,    000h 00m 02.211s,    000h 29m 50.304s
511,    2208,    1792512,    000h 00m 02.208s,    000h 29m 52.512s
512,    2156,    1794668,    000h 00m 02.156s,    000h 29m 54.668s
513,    2270,    1796938,    000h 00m 02.270s,    000h 29m 56.938s
514,    2159,    1799097,    000h 00m 02.159s,    000h 29m 59.097s
515,    2176,    1801273,    000h 00m 02.176s,    000h 30m 01.273s
516,    2094,    1803367,    000h 00m 02.094s,    000h 30m 03.367s
517,    2169,    1805536,    000h 00m 02.169s,    000h 30m 05.536s
518,    2159,    1807695,    000h 00m 02.159s,    000h 30m 07.695s
519,    2098,    1809793,    000h 00m 02.098s,    000h 30m 09.793s
520,    2187,    1811980,    000h 00m 02.187s,    000h 30m 11.980s
521,    2175,    1814155,    000h 00m 02.175s,    000h 30m 14.155s
522,    2165,    1816320,    000h 00m 02.165s,    000h 30m 16.320s
523,    2183,    1818503,    000h 00m 02.183s,    000h 30m 18.503s
524,    2135,    1820638,    000h 00m 02.135s,    000h 30m 20.638s
525,    2054,    1822692,    000h 00m 02.054s,    000h 30m 22.692s
526,    2203,    1824895,    000h 00m 02.203s,    000h 30m 24.895s
527,    2272,    1827167,    000h 00m 02.272s,    000h 30m 27.167s
528,    2139,    1829306,    000h 00m 02.139s,    000h 30m 29.306s
529,    2186,    1831492,    000h 00m 02.186s,    000h 30m 31.492s
530,    2160,    1833652,    000h 00m 02.160s,    000h 30m 33.652s
531,    2109,    1835761,    000h 00m 02.109s,    000h 30m 35.761s
532,    2143,    1837904,    000h 00m 02.143s,    000h 30m 37.904s
533,    2184,    1840088,    000h 00m 02.184s,    000h 30m 40.088s
534,    2209,    1842297,    000h 00m 02.209s,    000h 30m 42.297s
535,    2166,    1844463,    000h 00m 02.166s,    000h 30m 44.463s
536,    2312,    1846775,    000h 00m 02.312s,    000h 30m 46.775s
537,    2222,    1848997,    000h 00m 02.222s,    000h 30m 48.997s
538,    2305,    1851302,    000h 00m 02.305s,    000h 30m 51.302s
539,    2193,    1853495,    000h 00m 02.193s,    000h 30m 53.495s
540,    2234,    1855729,    000h 00m 02.234s,    000h 30m 55.729s
541,    2160,    1857889,    000h 00m 02.160s,    000h 30m 57.889s
542,    2108,    1859997,    000h 00m 02.108s,    000h 30m 59.997s
543,    2216,    1862213,    000h 00m 02.216s,    000h 31m 02.213s
544,    2223,    1864436,    000h 00m 02.223s,    000h 31m 04.436s
545,    2200,    1866636,    000h 00m 02.200s,    000h 31m 06.636s
546,    2307,    1868943,    000h 00m 02.307s,    000h 31m 08.943s
547,    2170,    1871113,    000h 00m 02.170s,    000h 31m 11.113s
548,    2235,    1873348,    000h 00m 02.235s,    000h 31m 13.348s
549,    2312,    1875660,    000h 00m 02.312s,    000h 31m 15.660s
550,    2156,    1877816,    000h 00m 02.156s,    000h 31m 17.816s
551,    2188,    1880004,    000h 00m 02.188s,    000h 31m 20.004s
552,    2205,    1882209,    000h 00m 02.205s,    000h 31m 22.209s
553,    2244,    1884453,    000h 00m 02.244s,    000h 31m 24.453s
554,    2164,    1886617,    000h 00m 02.164s,    000h 31m 26.617s
555,    2219,    1888836,    000h 00m 02.219s,    000h 31m 28.836s
556,    2288,    1891124,    000h 00m 02.288s,    000h 31m 31.124s
557,    2170,    1893294,    000h 00m 02.170s,    000h 31m 33.294s
558,    2149,    1895443,    000h 00m 02.149s,    000h 31m 35.443s
559,    2177,    1897620,    000h 00m 02.177s,    000h 31m 37.620s
560,    2221,    1899841,    000h 00m 02.221s,    000h 31m 39.841s
561,    2183,    1902024,    000h 00m 02.183s,    000h 31m 42.024s
562,    2153,    1904177,    000h 00m 02.153s,    000h 31m 44.177s
563,    2106,    1906283,    000h 00m 02.106s,    000h 31m 46.283s
564,    2197,    1908480,    000h 00m 02.197s,    000h 31m 48.480s
565,    2247,    1910727,    000h 00m 02.247s,    000h 31m 50.727s
566,    2227,    1912954,    000h 00m 02.227s,    000h 31m 52.954s
567,    2232,    1915186,    000h 00m 02.232s,    000h 31m 55.186s
568,    2162,    1917348,    000h 00m 02.162s,    000h 31m 57.348s
569,    2140,    1919488,    000h 00m 02.140s,    000h 31m 59.488s
570,    2138,    1921626,    000h 00m 02.138s,    000h 32m 01.626s
571,    2206,    1923832,    000h 00m 02.206s,    000h 32m 03.832s
572,    2056,    1925888,    000h 00m 02.056s,    000h 32m 05.888s
573,    2247,    1928135,    000h 00m 02.247s,    000h 32m 08.135s
574,    2123,    1930258,    000h 00m 02.123s,    000h 32m 10.258s
575,    2312,    1932570,    000h 00m 02.312s,    000h 32m 12.570s
576,    2178,    1934748,    000h 00m 02.178s,    000h 32m 14.748s
577,    2077,    1936825,    000h 00m 02.077s,    000h 32m 16.825s
578,    2192,    1939017,    000h 00m 02.192s,    000h 32m 19.017s
579,    2180,    1941197,    000h 00m 02.180s,    000h 32m 21.197s
580,    2182,    1943379,    000h 00m 02.182s,    000h 32m 23.379s
581,    2117,    1945496,    000h 00m 02.117s,    000h 32m 25.496s
582,    2220,    1947716,    000h 00m 02.220s,    000h 32m 27.716s
583,    2231,    1949947,    000h 00m 02.231s,    000h 32m 29.947s
584,    2147,    1952094,    000h 00m 02.147s,    000h 32m 32.094s
585,    2156,    1954250,    000h 00m 02.156s,    000h 32m 34.250s
586,    2048,    1956298,    000h 00m 02.048s,    000h 32m 36.298s
587,    2197,    1958495,    000h 00m 02.197s,    000h 32m 38.495s
588,    2088,    1960583,    000h 00m 02.088s,    000h 32m 40.583s
589,    2270,    1962853,    000h 00m 02.270s,    000h 32m 42.853s
590,    2281,    1965134,    000h 00m 02.281s,    000h 32m 45.134s
591,    2151,    1967285,    000h 00m 02.151s,    000h 32m 47.285s
592,    2254,    1969539,    000h 00m 02.254s,    000h 32m 49.539s
593,    2237,    1971776,    000h 00m 02.237s,    000h 32m 51.776s
594,    2090,    1973866,    000h 00m 02.090s,    000h 32m 53.866s
595,    2213,    1976079,    000h 00m 02.213s,    000h 32m 56.079s
596,    2146,    1978225,    000h 00m 02.146s,    000h 32m 58.225s
597,    2191,    1980416,    000h 00m 02.191s,    000h 33m 00.416s
598,    2160,    1982576,    000h 00m 02.160s,    000h 33m 02.576s
599,    2131,    1984707,    000h 00m 02.131s,    000h 33m 04.707s
600,    2225,    1986932,    000h 00m 02.225s,    000h 33m 06.932s
601,    2201,    1989133,    000h 00m 02.201s,    000h 33m 09.133s
602,    2213,    1991346,    000h 00m 02.213s,    000h 33m 11.346s
603,    2228,    1993574,    000h 00m 02.228s,    000h 33m 13.574s
604,    2214,    1995788,    000h 00m 02.214s,    000h 33m 15.788s
605,    2180,    1997968,    000h 00m 02.180s,    000h 33m 17.968s
606,    2187,    2000155,    000h 00m 02.187s,    000h 33m 20.155s
607,    2104,    2002259,    000h 00m 02.104s,    000h 33m 22.259s
608,    2100,    2004359,    000h 00m 02.100s,    000h 33m 24.359s
609,    2137,    2006496,    000h 00m 02.137s,    000h 33m 26.496s
610,    2154,    2008650,    000h 00m 02.154s,    000h 33m 28.650s
611,    2215,    2010865,    000h 00m 02.215s,    000h 33m 30.865s
612,    2122,    2012987,    000h 00m 02.122s,    000h 33m 32.987s
613,    2178,    2015165,    000h 00m 02.178s,    000h 33m 35.165s
614,    2314,    2017479,    000h 00m 02.314s,    000h 33m 37.479s
615,    2155,    2019634,    000h 00m 02.155s,    000h 33m 39.634s
616,    2216,    2021850,    000h 00m 02.216s,    000h 33m 41.850s
617,    2213,    2024063,    000h 00m 02.213s,    000h 33m 44.063s
618,    2279,    2026342,    000h 00m 02.279s,    000h 33m 46.342s
619,    2236,    2028578,    000h 00m 02.236s,    000h 33m 48.578s
620,    2158,    2030736,    000h 00m 02.158s,    000h 33m 50.736s
621,    2183,    2032919,    000h 00m 02.183s,    000h 33m 52.919s
622,    2212,    2035131,    000h 00m 02.212s,    000h 33m 55.131s
623,    2293,    2037424,    000h 00m 02.293s,    000h 33m 57.424s
624,    2211,    2039635,    000h 00m 02.211s,    000h 33m 59.635s
625,    2178,    2041813,    000h 00m 02.178s,    000h 34m 01.813s
626,    2183,    2043996,    000h 00m 02.183s,    000h 34m 03.996s
627,    2183,    2046179,    000h 00m 02.183s,    000h 34m 06.179s
628,    2218,    2048397,    000h 00m 02.218s,    000h 34m 08.397s
629,    2200,    2050597,    000h 00m 02.200s,    000h 34m 10.597s
630,    2208,    2052805,    000h 00m 02.208s,    000h 34m 12.805s
631,    2198,    2055003,    000h 00m 02.198s,    000h 34m 15.003s
632,    2195,    2057198,    000h 00m 02.195s,    000h 34m 17.198s
633,    2206,    2059404,    000h 00m 02.206s,    000h 34m 19.404s
634,    2225,    2061629,    000h 00m 02.225s,    000h 34m 21.629s
635,    2046,    2063675,    000h 00m 02.046s,    000h 34m 23.675s
636,    2204,    2065879,    000h 00m 02.204s,    000h 34m 25.879s
637,    2236,    2068115,    000h 00m 02.236s,    000h 34m 28.115s
638,    2078,    2070193,    000h 00m 02.078s,    000h 34m 30.193s
639,    2071,    2072264,    000h 00m 02.071s,    000h 34m 32.264s
640,    2216,    2074480,    000h 00m 02.216s,    000h 34m 34.480s
641,    2219,    2076699,    000h 00m 02.219s,    000h 34m 36.699s
642,    2242,    2078941,    000h 00m 02.242s,    000h 34m 38.941s
643,    2119,    2081060,    000h 00m 02.119s,    000h 34m 41.060s
644,    2174,    2083234,    000h 00m 02.174s,    000h 34m 43.234s
645,    2277,    2085511,    000h 00m 02.277s,    000h 34m 45.511s
646,    2002,    2087513,    000h 00m 02.002s,    000h 34m 47.513s
647,    2320,    2089833,    000h 00m 02.320s,    000h 34m 49.833s
648,    2250,    2092083,    000h 00m 02.250s,    000h 34m 52.083s
649,    2203,    2094286,    000h 00m 02.203s,    000h 34m 54.286s
650,    2246,    2096532,    000h 00m 02.246s,    000h 34m 56.532s
651,    2097,    2098629,    000h 00m 02.097s,    000h 34m 58.629s
652,    2148,    2100777,    000h 00m 02.148s,    000h 35m 00.777s
653,    2195,    2102972,    000h 00m 02.195s,    000h 35m 02.972s
654,    2174,    2105146,    000h 00m 02.174s,    000h 35m 05.146s
655,    2121,    2107267,    000h 00m 02.121s,    000h 35m 07.267s
656,    2194,    2109461,    000h 00m 02.194s,    000h 35m 09.461s
657,    2216,    2111677,    000h 00m 02.216s,    000h 35m 11.677s
658,    2208,    2113885,    000h 00m 02.208s,    000h 35m 13.885s
659,    2158,    2116043,    000h 00m 02.158s,    000h 35m 16.043s
660,    2131,    2118174,    000h 00m 02.131s,    000h 35m 18.174s
661,    2156,    2120330,    000h 00m 02.156s,    000h 35m 20.330s
662,    2110,    2122440,    000h 00m 02.110s,    000h 35m 22.440s
663,    2156,    2124596,    000h 00m 02.156s,    000h 35m 24.596s
664,    2199,    2126795,    000h 00m 02.199s,    000h 35m 26.795s
665,    2044,    2128839,    000h 00m 02.044s,    000h 35m 28.839s
666,    2106,    2130945,    000h 00m 02.106s,    000h 35m 30.945s
667,    2248,    2133193,    000h 00m 02.248s,    000h 35m 33.193s
668,    2138,    2135331,    000h 00m 02.138s,    000h 35m 35.331s
669,    2205,    2137536,    000h 00m 02.205s,    000h 35m 37.536s
670,    2116,    2139652,    000h 00m 02.116s,    000h 35m 39.652s
671,    2219,    2141871,    000h 00m 02.219s,    000h 35m 41.871s
672,    2253,    2144124,    000h 00m 02.253s,    000h 35m 44.124s
673,    2020,    2146144,    000h 00m 02.020s,    000h 35m 46.144s
674,    2199,    2148343,    000h 00m 02.199s,    000h 35m 48.343s
675,    2305,    2150648,    000h 00m 02.305s,    000h 35m 50.648s
676,    2212,    2152860,    000h 00m 02.212s,    000h 35m 52.860s
677,    2030,    2154890,    000h 00m 02.030s,    000h 35m 54.890s
678,    2285,    2157175,    000h 00m 02.285s,    000h 35m 57.175s
679,    2154,    2159329,    000h 00m 02.154s,    000h 35m 59.329s
680,    2054,    2161383,    000h 00m 02.054s,    000h 36m 01.383s
681,    2097,    2163480,    000h 00m 02.097s,    000h 36m 03.480s
682,    2191,    2165671,    000h 00m 02.191s,    000h 36m 05.671s
683,    2106,    2167777,    000h 00m 02.106s,    000h 36m 07.777s
684,    2165,    2169942,    000h 00m 02.165s,    000h 36m 09.942s
685,    2174,    2172116,    000h 00m 02.174s,    000h 36m 12.116s
686,    2205,    2174321,    000h 00m 02.205s,    000h 36m 14.321s
687,    2147,    2176468,    000h 00m 02.147s,    000h 36m 16.468s
688,    2226,    2178694,    000h 00m 02.226s,    000h 36m 18.694s
689,    2249,    2180943,    000h 00m 02.249s,    000h 36m 20.943s
690,    2022,    2182965,    000h 00m 02.022s,    000h 36m 22.965s
691,    2036,    2185001,    000h 00m 02.036s,    000h 36m 25.001s
692,    2164,    2187165,    000h 00m 02.164s,    000h 36m 27.165s
693,    2079,    2189244,    000h 00m 02.079s,    000h 36m 29.244s
694,    2180,    2191424,    000h 00m 02.180s,    000h 36m 31.424s
695,    2232,    2193656,    000h 00m 02.232s,    000h 36m 33.656s
696,    2176,    2195832,    000h 00m 02.176s,    000h 36m 35.832s
697,    2215,    2198047,    000h 00m 02.215s,    000h 36m 38.047s
698,    2223,    2200270,    000h 00m 02.223s,    000h 36m 40.270s
699,    2133,    2202403,    000h 00m 02.133s,    000h 36m 42.403s
700,    2176,    2204579,    000h 00m 02.176s,    000h 36m 44.579s
701,    2194,    2206773,    000h 00m 02.194s,    000h 36m 46.773s
702,    2223,    2208996,    000h 00m 02.223s,    000h 36m 48.996s
703,    2215,    2211211,    000h 00m 02.215s,    000h 36m 51.211s
704,    2213,    2213424,    000h 00m 02.213s,    000h 36m 53.424s
705,    2224,    2215648,    000h 00m 02.224s,    000h 36m 55.648s
706,    2074,    2217722,    000h 00m 02.074s,    000h 36m 57.722s
707,    2213,    2219935,    000h 00m 02.213s,    000h 36m 59.935s
708,    2212,    2222147,    000h 00m 02.212s,    000h 37m 02.147s
709,    2225,    2224372,    000h 00m 02.225s,    000h 37m 04.372s
710,    2173,    2226545,    000h 00m 02.173s,    000h 37m 06.545s
711,    2155,    2228700,    000h 00m 02.155s,    000h 37m 08.700s
712,    2105,    2230805,    000h 00m 02.105s,    000h 37m 10.805s
713,    2054,    2232859,    000h 00m 02.054s,    000h 37m 12.859s
714,    2054,    2234913,    000h 00m 02.054s,    000h 37m 14.913s
715,    2115,    2237028,    000h 00m 02.115s,    000h 37m 17.028s
716,    2131,    2239159,    000h 00m 02.131s,    000h 37m 19.159s
717,    2107,    2241266,    000h 00m 02.107s,    000h 37m 21.266s
718,    2040,    2243306,    000h 00m 02.040s,    000h 37m 23.306s
719,    2170,    2245476,    000h 00m 02.170s,    000h 37m 25.476s
720,    2329,    2247805,    000h 00m 02.329s,    000h 37m 27.805s
721,    2097,    2249902,    000h 00m 02.097s,    000h 37m 29.902s
722,    2135,    2252037,    000h 00m 02.135s,    000h 37m 32.037s
723,    2224,    2254261,    000h 00m 02.224s,    000h 37m 34.261s
724,    2109,    2256370,    000h 00m 02.109s,    000h 37m 36.370s
725,    2181,    2258551,    000h 00m 02.181s,    000h 37m 38.551s
726,    2197,    2260748,    000h 00m 02.197s,    000h 37m 40.748s
727,    2232,    2262980,    000h 00m 02.232s,    000h 37m 42.980s
728,    2148,    2265128,    000h 00m 02.148s,    000h 37m 45.128s
729,    2209,    2267337,    000h 00m 02.209s,    000h 37m 47.337s
730,    2004,    2269341,    000h 00m 02.004s,    000h 37m 49.341s
731,    2176,    2271517,    000h 00m 02.176s,    000h 37m 51.517s
732,    2310,    2273827,    000h 00m 02.310s,    000h 37m 53.827s
733,    2191,    2276018,    000h 00m 02.191s,    000h 37m 56.018s
734,    2138,    2278156,    000h 00m 02.138s,    000h 37m 58.156s
735,    2166,    2280322,    000h 00m 02.166s,    000h 38m 00.322s
736,    2235,    2282557,    000h 00m 02.235s,    000h 38m 02.557s
737,    2055,    2284612,    000h 00m 02.055s,    000h 38m 04.612s
738,    2181,    2286793,    000h 00m 02.181s,    000h 38m 06.793s
739,    2205,    2288998,    000h 00m 02.205s,    000h 38m 08.998s
740,    2134,    2291132,    000h 00m 02.134s,    000h 38m 11.132s
741,    2346,    2293478,    000h 00m 02.346s,    000h 38m 13.478s
742,    2127,    2295605,    000h 00m 02.127s,    000h 38m 15.605s
743,    2126,    2297731,    000h 00m 02.126s,    000h 38m 17.731s
744,    2169,    2299900,    000h 00m 02.169s,    000h 38m 19.900s
745,    2159,    2302059,    000h 00m 02.159s,    000h 38m 22.059s
746,    2158,    2304217,    000h 00m 02.158s,    000h 38m 24.217s
747,    2183,    2306400,    000h 00m 02.183s,    000h 38m 26.400s
748,    2248,    2308648,    000h 00m 02.248s,    000h 38m 28.648s
749,    2337,    2310985,    000h 00m 02.337s,    000h 38m 30.985s
750,    2258,    2313243,    000h 00m 02.258s,    000h 38m 33.243s
751,    2062,    2315305,    000h 00m 02.062s,    000h 38m 35.305s
752,    2181,    2317486,    000h 00m 02.181s,    000h 38m 37.486s
753,    2205,    2319691,    000h 00m 02.205s,    000h 38m 39.691s
754,    2224,    2321915,    000h 00m 02.224s,    000h 38m 41.915s
755,    2277,    2324192,    000h 00m 02.277s,    000h 38m 44.192s
756,    2206,    2326398,    000h 00m 02.206s,    000h 38m 46.398s
757,    2140,    2328538,    000h 00m 02.140s,    000h 38m 48.538s
758,    2170,    2330708,    000h 00m 02.170s,    000h 38m 50.708s
759,    2136,    2332844,    000h 00m 02.136s,    000h 38m 52.844s
760,    2179,    2335023,    000h 00m 02.179s,    000h 38m 55.023s
761,    2165,    2337188,    000h 00m 02.165s,    000h 38m 57.188s
762,    2195,    2339383,    000h 00m 02.195s,    000h 38m 59.383s
763,    2254,    2341637,    000h 00m 02.254s,    000h 39m 01.637s
764,    2078,    2343715,    000h 00m 02.078s,    000h 39m 03.715s
765,    2167,    2345882,    000h 00m 02.167s,    000h 39m 05.882s
766,    2259,    2348141,    000h 00m 02.259s,    000h 39m 08.141s
767,    2238,    2350379,    000h 00m 02.238s,    000h 39m 10.379s
768,    2104,    2352483,    000h 00m 02.104s,    000h 39m 12.483s
769,    2162,    2354645,    000h 00m 02.162s,    000h 39m 14.645s
770,    2185,    2356830,    000h 00m 02.185s,    000h 39m 16.830s
771,    2153,    2358983,    000h 00m 02.153s,    000h 39m 18.983s
772,    2154,    2361137,    000h 00m 02.154s,    000h 39m 21.137s
773,    2251,    2363388,    000h 00m 02.251s,    000h 39m 23.388s
774,    2148,    2365536,    000h 00m 02.148s,    000h 39m 25.536s
775,    2103,    2367639,    000h 00m 02.103s,    000h 39m 27.639s
776,    2184,    2369823,    000h 00m 02.184s,    000h 39m 29.823s
777,    2050,    2371873,    000h 00m 02.050s,    000h 39m 31.873s
778,    2149,    2374022,    000h 00m 02.149s,    000h 39m 34.022s
779,    2124,    2376146,    000h 00m 02.124s,    000h 39m 36.146s
780,    2258,    2378404,    000h 00m 02.258s,    000h 39m 38.404s
781,    2214,    2380618,    000h 00m 02.214s,    000h 39m 40.618s
782,    2189,    2382807,    000h 00m 02.189s,    000h 39m 42.807s
783,    2151,    2384958,    000h 00m 02.151s,    000h 39m 44.958s
784,    2237,    2387195,    000h 00m 02.237s,    000h 39m 47.195s
785,    2118,    2389313,    000h 00m 02.118s,    000h 39m 49.313s
786,    2203,    2391516,    000h 00m 02.203s,    000h 39m 51.516s
787,    2294,    2393810,    000h 00m 02.294s,    000h 39m 53.810s
788,    2075,    2395885,    000h 00m 02.075s,    000h 39m 55.885s
789,    2184,    2398069,    000h 00m 02.184s,    000h 39m 58.069s
790,    2071,    2400140,    000h 00m 02.071s,    000h 40m 00.140s
791,    2178,    2402318,    000h 00m 02.178s,    000h 40m 02.318s
792,    2197,    2404515,    000h 00m 02.197s,    000h 40m 04.515s
793,    2232,    2406747,    000h 00m 02.232s,    000h 40m 06.747s
794,    2153,    2408900,    000h 00m 02.153s,    000h 40m 08.900s
795,    2215,    2411115,    000h 00m 02.215s,    000h 40m 11.115s
796,    2177,    2413292,    000h 00m 02.177s,    000h 40m 13.292s
797,    2096,    2415388,    000h 00m 02.096s,    000h 40m 15.388s
798,    2214,    2417602,    000h 00m 02.214s,    000h 40m 17.602s
799,    2159,    2419761,    000h 00m 02.159s,    000h 40m 19.761s
800,    2151,    2421912,    000h 00m 02.151s,    000h 40m 21.912s
801,    2196,    2424108,    000h 00m 02.196s,    000h 40m 24.108s
802,    2069,    2426177,    000h 00m 02.069s,    000h 40m 26.177s
803,    2137,    2428314,    000h 00m 02.137s,    000h 40m 28.314s
804,    2280,    2430594,    000h 00m 02.280s,    000h 40m 30.594s
805,    2131,    2432725,    000h 00m 02.131s,    000h 40m 32.725s
806,    2155,    2434880,    000h 00m 02.155s,    000h 40m 34.880s
807,    2197,    2437077,    000h 00m 02.197s,    000h 40m 37.077s
808,    2201,    2439278,    000h 00m 02.201s,    000h 40m 39.278s
809,    2174,    2441452,    000h 00m 02.174s,    000h 40m 41.452s
810,    2241,    2443693,    000h 00m 02.241s,    000h 40m 43.693s
811,    2165,    2445858,    000h 00m 02.165s,    000h 40m 45.858s
812,    2148,    2448006,    000h 00m 02.148s,    000h 40m 48.006s
813,    2169,    2450175,    000h 00m 02.169s,    000h 40m 50.175s
814,    2210,    2452385,    000h 00m 02.210s,    000h 40m 52.385s
815,    2028,    2454413,    000h 00m 02.028s,    000h 40m 54.413s
816,    2091,    2456504,    000h 00m 02.091s,    000h 40m 56.504s
817,    2170,    2458674,    000h 00m 02.170s,    000h 40m 58.674s
818,    2120,    2460794,    000h 00m 02.120s,    000h 41m 00.794s
819,    2165,    2462959,    000h 00m 02.165s,    000h 41m 02.959s
820,    2209,    2465168,    000h 00m 02.209s,    000h 41m 05.168s
821,    2068,    2467236,    000h 00m 02.068s,    000h 41m 07.236s
822,    2235,    2469471,    000h 00m 02.235s,    000h 41m 09.471s
823,    2260,    2471731,    000h 00m 02.260s,    000h 41m 11.731s
824,    2260,    2473991,    000h 00m 02.260s,    000h 41m 13.991s
825,    2217,    2476208,    000h 00m 02.217s,    000h 41m 16.208s
826,    2221,    2478429,    000h 00m 02.221s,    000h 41m 18.429s
827,    2189,    2480618,    000h 00m 02.189s,    000h 41m 20.618s
828,    2247,    2482865,    000h 00m 02.247s,    000h 41m 22.865s
829,    2151,    2485016,    000h 00m 02.151s,    000h 41m 25.016s
830,    2199,    2487215,    000h 00m 02.199s,    000h 41m 27.215s
831,    2173,    2489388,    000h 00m 02.173s,    000h 41m 29.388s
832,    2208,    2491596,    000h 00m 02.208s,    000h 41m 31.596s
833,    2163,    2493759,    000h 00m 02.163s,    000h 41m 33.759s
834,    2352,    2496111,    000h 00m 02.352s,    000h 41m 36.111s
835,    2115,    2498226,    000h 00m 02.115s,    000h 41m 38.226s
836,    2122,    2500348,    000h 00m 02.122s,    000h 41m 40.348s
837,    2193,    2502541,    000h 00m 02.193s,    000h 41m 42.541s
838,    2103,    2504644,    000h 00m 02.103s,    000h 41m 44.644s
839,    2076,    2506720,    000h 00m 02.076s,    000h 41m 46.720s
840,    2142,    2508862,    000h 00m 02.142s,    000h 41m 48.862s
841,    2218,    2511080,    000h 00m 02.218s,    000h 41m 51.080s
842,    2154,    2513234,    000h 00m 02.154s,    000h 41m 53.234s
843,    2072,    2515306,    000h 00m 02.072s,    000h 41m 55.306s
844,    2204,    2517510,    000h 00m 02.204s,    000h 41m 57.510s
845,    2059,    2519569,    000h 00m 02.059s,    000h 41m 59.569s
846,    2150,    2521719,    000h 00m 02.150s,    000h 42m 01.719s
847,    2166,    2523885,    000h 00m 02.166s,    000h 42m 03.885s
848,    2211,    2526096,    000h 00m 02.211s,    000h 42m 06.096s
849,    2161,    2528257,    000h 00m 02.161s,    000h 42m 08.257s
850,    2194,    2530451,    000h 00m 02.194s,    000h 42m 10.451s
851,    2137,    2532588,    000h 00m 02.137s,    000h 42m 12.588s
852,    2187,    2534775,    000h 00m 02.187s,    000h 42m 14.775s
853,    2189,    2536964,    000h 00m 02.189s,    000h 42m 16.964s
854,    2211,    2539175,    000h 00m 02.211s,    000h 42m 19.175s
855,    2106,    2541281,    000h 00m 02.106s,    000h 42m 21.281s
856,    2260,    2543541,    000h 00m 02.260s,    000h 42m 23.541s
857,    2130,    2545671,    000h 00m 02.130s,    000h 42m 25.671s
858,    2226,    2547897,    000h 00m 02.226s,    000h 42m 27.897s
859,    2161,    2550058,    000h 00m 02.161s,    000h 42m 30.058s
860,    2114,    2552172,    000h 00m 02.114s,    000h 42m 32.172s
861,    2267,    2554439,    000h 00m 02.267s,    000h 42m 34.439s
862,    2058,    2556497,    000h 00m 02.058s,    000h 42m 36.497s
863,    2145,    2558642,    000h 00m 02.145s,    000h 42m 38.642s
864,    2139,    2560781,    000h 00m 02.139s,    000h 42m 40.781s
865,    2195,    2562976,    000h 00m 02.195s,    000h 42m 42.976s
866,    2241,    2565217,    000h 00m 02.241s,    000h 42m 45.217s
867,    2164,    2567381,    000h 00m 02.164s,    000h 42m 47.381s
868,    2191,    2569572,    000h 00m 02.191s,    000h 42m 49.572s
869,    2198,    2571770,    000h 00m 02.198s,    000h 42m 51.770s
870,    2113,    2573883,    000h 00m 02.113s,    000h 42m 53.883s
871,    2174,    2576057,    000h 00m 02.174s,    000h 42m 56.057s
872,    2102,    2578159,    000h 00m 02.102s,    000h 42m 58.159s
873,    2253,    2580412,    000h 00m 02.253s,    000h 43m 00.412s
874,    2220,    2582632,    000h 00m 02.220s,    000h 43m 02.632s
875,    2211,    2584843,    000h 00m 02.211s,    000h 43m 04.843s
876,    2137,    2586980,    000h 00m 02.137s,    000h 43m 06.980s
877,    2138,    2589118,    000h 00m 02.138s,    000h 43m 09.118s
878,    2112,    2591230,    000h 00m 02.112s,    000h 43m 11.230s
879,    2232,    2593462,    000h 00m 02.232s,    000h 43m 13.462s
880,    2314,    2595776,    000h 00m 02.314s,    000h 43m 15.776s
881,    2125,    2597901,    000h 00m 02.125s,    000h 43m 17.901s
882,    2157,    2600058,    000h 00m 02.157s,    000h 43m 20.058s
883,    2267,    2602325,    000h 00m 02.267s,    000h 43m 22.325s
884,    2151,    2604476,    000h 00m 02.151s,    000h 43m 24.476s
885,    2202,    2606678,    000h 00m 02.202s,    000h 43m 26.678s
886,    2166,    2608844,    000h 00m 02.166s,    000h 43m 28.844s
887,    2053,    2610897,    000h 00m 02.053s,    000h 43m 30.897s
888,    2279,    2613176,    000h 00m 02.279s,    000h 43m 33.176s
889,    2146,    2615322,    000h 00m 02.146s,    000h 43m 35.322s
890,    2082,    2617404,    000h 00m 02.082s,    000h 43m 37.404s
891,    2244,    2619648,    000h 00m 02.244s,    000h 43m 39.648s
892,    2218,    2621866,    000h 00m 02.218s,    000h 43m 41.866s
893,    2275,    2624141,    000h 00m 02.275s,    000h 43m 44.141s
894,    2001,    2626142,    000h 00m 02.001s,    000h 43m 46.142s
895,    2151,    2628293,    000h 00m 02.151s,    000h 43m 48.293s
896,    2261,    2630554,    000h 00m 02.261s,    000h 43m 50.554s
897,    2132,    2632686,    000h 00m 02.132s,    000h 43m 52.686s
898,    2150,    2634836,    000h 00m 02.150s,    000h 43m 54.836s
899,    2258,    2637094,    000h 00m 02.258s,    000h 43m 57.094s
900,    2160,    2639254,    000h 00m 02.160s,    000h 43m 59.254s
901,    2118,    2641372,    000h 00m 02.118s,    000h 44m 01.372s
902,    2155,    2643527,    000h 00m 02.155s,    000h 44m 03.527s
903,    2141,    2645668,    000h 00m 02.141s,    000h 44m 05.668s
904,    2328,    2647996,    000h 00m 02.328s,    000h 44m 07.996s
905,    2237,    2650233,    000h 00m 02.237s,    000h 44m 10.233s
906,    2219,    2652452,    000h 00m 02.219s,    000h 44m 12.452s
907,    2190,    2654642,    000h 00m 02.190s,    000h 44m 14.642s
908,    2145,    2656787,    000h 00m 02.145s,    000h 44m 16.787s
909,    2247,    2659034,    000h 00m 02.247s,    000h 44m 19.034s
910,    2106,    2661140,    000h 00m 02.106s,    000h 44m 21.140s
911,    2162,    2663302,    000h 00m 02.162s,    000h 44m 23.302s
912,    2119,    2665421,    000h 00m 02.119s,    000h 44m 25.421s
913,    2199,    2667620,    000h 00m 02.199s,    000h 44m 27.620s
914,    2324,    2669944,    000h 00m 02.324s,    000h 44m 29.944s
915,    2159,    2672103,    000h 00m 02.159s,    000h 44m 32.103s
916,    2180,    2674283,    000h 00m 02.180s,    000h 44m 34.283s
917,    2132,    2676415,    000h 00m 02.132s,    000h 44m 36.415s
918,    2254,    2678669,    000h 00m 02.254s,    000h 44m 38.669s
919,    2238,    2680907,    000h 00m 02.238s,    000h 44m 40.907s
920,    2223,    2683130,    000h 00m 02.223s,    000h 44m 43.130s
921,    2094,    2685224,    000h 00m 02.094s,    000h 44m 45.224s
922,    2258,    2687482,    000h 00m 02.258s,    000h 44m 47.482s
923,    2200,    2689682,    000h 00m 02.200s,    000h 44m 49.682s
924,    2238,    2691920,    000h 00m 02.238s,    000h 44m 51.920s
925,    2183,    2694103,    000h 00m 02.183s,    000h 44m 54.103s
926,    2114,    2696217,    000h 00m 02.114s,    000h 44m 56.217s
927,    2146,    2698363,    000h 00m 02.146s,    000h 44m 58.363s
928,    2205,    2700568,    000h 00m 02.205s,    000h 45m 00.568s
929,    2150,    2702718,    000h 00m 02.150s,    000h 45m 02.718s
930,    2222,    2704940,    000h 00m 02.222s,    000h 45m 04.940s
931,    2218,    2707158,    000h 00m 02.218s,    000h 45m 07.158s
932,    2338,    2709496,    000h 00m 02.338s,    000h 45m 09.496s
933,    2031,    2711527,    000h 00m 02.031s,    000h 45m 11.527s
934,    2126,    2713653,    000h 00m 02.126s,    000h 45m 13.653s
935,    2126,    2715779,    000h 00m 02.126s,    000h 45m 15.779s
936,    2149,    2717928,    000h 00m 02.149s,    000h 45m 17.928s
937,    2200,    2720128,    000h 00m 02.200s,    000h 45m 20.128s
938,    2093,    2722221,    000h 00m 02.093s,    000h 45m 22.221s
939,    2183,    2724404,    000h 00m 02.183s,    000h 45m 24.404s
940,    2235,    2726639,    000h 00m 02.235s,    000h 45m 26.639s
941,    2256,    2728895,    000h 00m 02.256s,    000h 45m 28.895s
942,    2067,    2730962,    000h 00m 02.067s,    000h 45m 30.962s
943,    2025,    2732987,    000h 00m 02.025s,    000h 45m 32.987s
944,    2070,    2735057,    000h 00m 02.070s,    000h 45m 35.057s
945,    2147,    2737204,    000h 00m 02.147s,    000h 45m 37.204s
946,    2170,    2739374,    000h 00m 02.170s,    000h 45m 39.374s
947,    2337,    2741711,    000h 00m 02.337s,    000h 45m 41.711s
948,    2071,    2743782,    000h 00m 02.071s,    000h 45m 43.782s
949,    2203,    2745985,    000h 00m 02.203s,    000h 45m 45.985s
950,    2241,    2748226,    000h 00m 02.241s,    000h 45m 48.226s
951,    2201,    2750427,    000h 00m 02.201s,    000h 45m 50.427s
952,    2185,    2752612,    000h 00m 02.185s,    000h 45m 52.612s
953,    2194,    2754806,    000h 00m 02.194s,    000h 45m 54.806s
954,    2147,    2756953,    000h 00m 02.147s,    000h 45m 56.953s
955,    2200,    2759153,    000h 00m 02.200s,    000h 45m 59.153s
956,    2022,    2761175,    000h 00m 02.022s,    000h 46m 01.175s
957,    2217,    2763392,    000h 00m 02.217s,    000h 46m 03.392s
958,    2159,    2765551,    000h 00m 02.159s,    000h 46m 05.551s
959,    2216,    2767767,    000h 00m 02.216s,    000h 46m 07.767s
960,    2157,    2769924,    000h 00m 02.157s,    000h 46m 09.924s
961,    2254,    2772178,    000h 00m 02.254s,    000h 46m 12.178s
962,    2141,    2774319,    000h 00m 02.141s,    000h 46m 14.319s
963,    2317,    2776636,    000h 00m 02.317s,    000h 46m 16.636s
964,    2142,    2778778,    000h 00m 02.142s,    000h 46m 18.778s
965,    2183,    2780961,    000h 00m 02.183s,    000h 46m 20.961s
966,    2166,    2783127,    000h 00m 02.166s,    000h 46m 23.127s
967,    2033,    2785160,    000h 00m 02.033s,    000h 46m 25.160s
968,    2197,    2787357,    000h 00m 02.197s,    000h 46m 27.357s
969,    2121,    2789478,    000h 00m 02.121s,    000h 46m 29.478s
970,    2163,    2791641,    000h 00m 02.163s,    000h 46m 31.641s
971,    2208,    2793849,    000h 00m 02.208s,    000h 46m 33.849s
972,    2096,    2795945,    000h 00m 02.096s,    000h 46m 35.945s
973,    2234,    2798179,    000h 00m 02.234s,    000h 46m 38.179s
974,    2221,    2800400,    000h 00m 02.221s,    000h 46m 40.400s
975,    2094,    2802494,    000h 00m 02.094s,    000h 46m 42.494s
976,    2073,    2804567,    000h 00m 02.073s,    000h 46m 44.567s
977,    2272,    2806839,    000h 00m 02.272s,    000h 46m 46.839s
978,    2058,    2808897,    000h 00m 02.058s,    000h 46m 48.897s
979,    2287,    2811184,    000h 00m 02.287s,    000h 46m 51.184s
980,    2116,    2813300,    000h 00m 02.116s,    000h 46m 53.300s
981,    2124,    2815424,    000h 00m 02.124s,    000h 46m 55.424s
982,    2140,    2817564,    000h 00m 02.140s,    000h 46m 57.564s
983,    2206,    2819770,    000h 00m 02.206s,    000h 46m 59.770s
984,    2145,    2821915,    000h 00m 02.145s,    000h 47m 01.915s
985,    2216,    2824131,    000h 00m 02.216s,    000h 47m 04.131s
986,    2119,    2826250,    000h 00m 02.119s,    000h 47m 06.250s
987,    2234,    2828484,    000h 00m 02.234s,    000h 47m 08.484s
988,    2234,    2830718,    000h 00m 02.234s,    000h 47m 10.718s
989,    2161,    2832879,    000h 00m 02.161s,    000h 47m 12.879s
990,    2155,    2835034,    000h 00m 02.155s,    000h 47m 15.034s
991,    2276,    2837310,    000h 00m 02.276s,    000h 47m 17.310s
992,    2267,    2839577,    000h 00m 02.267s,    000h 47m 19.577s
993,    2190,    2841767,    000h 00m 02.190s,    000h 47m 21.767s
994,    2245,    2844012,    000h 00m 02.245s,    000h 47m 24.012s
995,    2185,    2846197,    000h 00m 02.185s,    000h 47m 26.197s
996,    2198,    2848395,    000h 00m 02.198s,    000h 47m 28.395s
997,    2155,    2850550,    000h 00m 02.155s,    000h 47m 30.550s
998,    2121,    2852671,    000h 00m 02.121s,    000h 47m 32.671s
999,    2154,    2854825,    000h 00m 02.154s,    000h 47m 34.825s
1000,    2164,    2856989,    000h 00m 02.164s,    000h 47m 36.989s
1001,    2083,    2859072,    000h 00m 02.083s,    000h 47m 39.072s
1002,    2187,    2861259,    000h 00m 02.187s,    000h 47m 41.259s
1003,    2206,    2863465,    000h 00m 02.206s,    000h 47m 43.465s
1004,    2132,    2865597,    000h 00m 02.132s,    000h 47m 45.597s
1005,    2187,    2867784,    000h 00m 02.187s,    000h 47m 47.784s
1006,    2264,    2870048,    000h 00m 02.264s,    000h 47m 50.048s
1007,    2173,    2872221,    000h 00m 02.173s,    000h 47m 52.221s
1008,    2197,    2874418,    000h 00m 02.197s,    000h 47m 54.418s
1009,    2260,    2876678,    000h 00m 02.260s,    000h 47m 56.678s
1010,    2214,    2878892,    000h 00m 02.214s,    000h 47m 58.892s
1011,    2183,    2881075,    000h 00m 02.183s,    000h 48m 01.075s
1012,    2159,    2883234,    000h 00m 02.159s,    000h 48m 03.234s
1013,    2274,    2885508,    000h 00m 02.274s,    000h 48m 05.508s
1014,    2200,    2887708,    000h 00m 02.200s,    000h 48m 07.708s
1015,    2095,    2889803,    000h 00m 02.095s,    000h 48m 09.803s
1016,    2169,    2891972,    000h 00m 02.169s,    000h 48m 11.972s
1017,    2187,    2894159,    000h 00m 02.187s,    000h 48m 14.159s
1018,    2035,    2896194,    000h 00m 02.035s,    000h 48m 16.194s
1019,    2157,    2898351,    000h 00m 02.157s,    000h 48m 18.351s
1020,    2220,    2900571,    000h 00m 02.220s,    000h 48m 20.571s
1021,    2151,    2902722,    000h 00m 02.151s,    000h 48m 22.722s
1022,    2076,    2904798,    000h 00m 02.076s,    000h 48m 24.798s
1023,    2212,    2907010,    000h 00m 02.212s,    000h 48m 27.010s
1024,    2084,    2909094,    000h 00m 02.084s,    000h 48m 29.094s
1025,    2166,    2911260,    000h 00m 02.166s,    000h 48m 31.260s
