pass,    time (ms),    total time (ms),    time,     total_time
1,    1655,    1655,    000h 00m 01.655s,    000h 00m 01.655s
2,    1706,    3361,    000h 00m 01.706s,    000h 00m 03.361s
3,    1678,    5039,    000h 00m 01.678s,    000h 00m 05.039s
4,    1626,    6665,    000h 00m 01.626s,    000h 00m 06.665s
5,    1648,    8313,    000h 00m 01.648s,    000h 00m 08.313s
6,    1735,    10048,    000h 00m 01.735s,    000h 00m 10.048s
7,    1713,    11761,    000h 00m 01.713s,    000h 00m 11.761s
8,    1677,    13438,    000h 00m 01.677s,    000h 00m 13.438s
9,    1717,    15155,    000h 00m 01.717s,    000h 00m 15.155s
10,    1731,    16886,    000h 00m 01.731s,    000h 00m 16.886s
11,    1662,    18548,    000h 00m 01.662s,    000h 00m 18.548s
12,    1709,    20257,    000h 00m 01.709s,    000h 00m 20.257s
13,    1708,    21965,    000h 00m 01.708s,    000h 00m 21.965s
14,    1646,    23611,    000h 00m 01.646s,    000h 00m 23.611s
15,    1617,    25228,    000h 00m 01.617s,    000h 00m 25.228s
16,    1749,    26977,    000h 00m 01.749s,    000h 00m 26.977s
17,    1662,    28639,    000h 00m 01.662s,    000h 00m 28.639s
18,    1660,    30299,    000h 00m 01.660s,    000h 00m 30.299s
19,    1664,    31963,    000h 00m 01.664s,    000h 00m 31.963s
20,    1666,    33629,    000h 00m 01.666s,    000h 00m 33.629s
21,    1755,    35384,    000h 00m 01.755s,    000h 00m 35.384s
22,    1747,    37131,    000h 00m 01.747s,    000h 00m 37.131s
23,    1573,    38704,    000h 00m 01.573s,    000h 00m 38.704s
24,    1735,    40439,    000h 00m 01.735s,    000h 00m 40.439s
25,    1745,    42184,    000h 00m 01.745s,    000h 00m 42.184s
26,    1655,    43839,    000h 00m 01.655s,    000h 00m 43.839s
27,    1736,    45575,    000h 00m 01.736s,    000h 00m 45.575s
28,    1605,    47180,    000h 00m 01.605s,    000h 00m 47.180s
29,    1726,    48906,    000h 00m 01.726s,    000h 00m 48.906s
30,    1626,    50532,    000h 00m 01.626s,    000h 00m 50.532s
31,    1714,    52246,    000h 00m 01.714s,    000h 00m 52.246s
32,    1725,    53971,    000h 00m 01.725s,    000h 00m 53.971s
33,    1726,    55697,    000h 00m 01.726s,    000h 00m 55.697s
34,    1643,    57340,    000h 00m 01.643s,    000h 00m 57.340s
35,    1569,    58909,    000h 00m 01.569s,    000h 00m 58.909s
36,    1718,    60627,    000h 00m 01.718s,    000h 01m 00.627s
37,    1719,    62346,    000h 00m 01.719s,    000h 01m 02.346s
38,    1608,    63954,    000h 00m 01.608s,    000h 01m 03.954s
39,    1631,    65585,    000h 00m 01.631s,    000h 01m 05.585s
40,    1589,    67174,    000h 00m 01.589s,    000h 01m 07.174s
41,    1731,    68905,    000h 00m 01.731s,    000h 01m 08.905s
42,    1724,    70629,    000h 00m 01.724s,    000h 01m 10.629s
43,    1704,    72333,    000h 00m 01.704s,    000h 01m 12.333s
44,    1747,    74080,    000h 00m 01.747s,    000h 01m 14.080s
45,    1714,    75794,    000h 00m 01.714s,    000h 01m 15.794s
46,    1733,    77527,    000h 00m 01.733s,    000h 01m 17.527s
47,    1719,    79246,    000h 00m 01.719s,    000h 01m 19.246s
48,    1526,    80772,    000h 00m 01.526s,    000h 01m 20.772s
49,    1595,    82367,    000h 00m 01.595s,    000h 01m 22.367s
50,    1733,    84100,    000h 00m 01.733s,    000h 01m 24.100s
51,    1756,    85856,    000h 00m 01.756s,    000h 01m 25.856s
52,    1715,    87571,    000h 00m 01.715s,    000h 01m 27.571s
53,    1643,    89214,    000h 00m 01.643s,    000h 01m 29.214s
54,    1698,    90912,    000h 00m 01.698s,    000h 01m 30.912s
55,    1724,    92636,    000h 00m 01.724s,    000h 01m 32.636s
56,    1568,    94204,    000h 00m 01.568s,    000h 01m 34.204s
57,    1703,    95907,    000h 00m 01.703s,    000h 01m 35.907s
58,    1717,    97624,    000h 00m 01.717s,    000h 01m 37.624s
59,    1590,    99214,    000h 00m 01.590s,    000h 01m 39.214s
60,    1700,    100914,    000h 00m 01.700s,    000h 01m 40.914s
61,    1507,    102421,    000h 00m 01.507s,    000h 01m 42.421s
62,    1708,    104129,    000h 00m 01.708s,    000h 01m 44.129s
63,    1742,    105871,    000h 00m 01.742s,    000h 01m 45.871s
64,    1741,    107612,    000h 00m 01.741s,    000h 01m 47.612s
65,    1712,    109324,    000h 00m 01.712s,    000h 01m 49.324s
66,    1608,    110932,    000h 00m 01.608s,    000h 01m 50.932s
67,    1692,    112624,    000h 00m 01.692s,    000h 01m 52.624s
68,    1589,    114213,    000h 00m 01.589s,    000h 01m 54.213s
69,    1565,    115778,    000h 00m 01.565s,    000h 01m 55.778s
70,    1717,    117495,    000h 00m 01.717s,    000h 01m 57.495s
71,    1719,    119214,    000h 00m 01.719s,    000h 01m 59.214s
72,    1631,    120845,    000h 00m 01.631s,    000h 02m 00.845s
73,    1621,    122466,    000h 00m 01.621s,    000h 02m 02.466s
74,    1614,    124080,    000h 00m 01.614s,    000h 02m 04.080s
75,    1639,    125719,    000h 00m 01.639s,    000h 02m 05.719s
76,    1628,    127347,    000h 00m 01.628s,    000h 02m 07.347s
77,    1610,    128957,    000h 00m 01.610s,    000h 02m 08.957s
78,    1631,    130588,    000h 00m 01.631s,    000h 02m 10.588s
79,    1754,    132342,    000h 00m 01.754s,    000h 02m 12.342s
80,    1649,    133991,    000h 00m 01.649s,    000h 02m 13.991s
81,    1570,    135561,    000h 00m 01.570s,    000h 02m 15.561s
82,    1646,    137207,    000h 00m 01.646s,    000h 02m 17.207s
83,    1731,    138938,    000h 00m 01.731s,    000h 02m 18.938s
84,    1728,    140666,    000h 00m 01.728s,    000h 02m 20.666s
85,    1587,    142253,    000h 00m 01.587s,    000h 02m 22.253s
86,    1713,    143966,    000h 00m 01.713s,    000h 02m 23.966s
87,    1648,    145614,    000h 00m 01.648s,    000h 02m 25.614s
88,    1717,    147331,    000h 00m 01.717s,    000h 02m 27.331s
89,    1632,    148963,    000h 00m 01.632s,    000h 02m 28.963s
90,    1725,    150688,    000h 00m 01.725s,    000h 02m 30.688s
91,    1729,    152417,    000h 00m 01.729s,    000h 02m 32.417s
92,    1568,    153985,    000h 00m 01.568s,    000h 02m 33.985s
93,    1734,    155719,    000h 00m 01.734s,    000h 02m 35.719s
94,    1649,    157368,    000h 00m 01.649s,    000h 02m 37.368s
95,    1733,    159101,    000h 00m 01.733s,    000h 02m 39.101s
96,    1640,    160741,    000h 00m 01.640s,    000h 02m 40.741s
97,    1746,    162487,    000h 00m 01.746s,    000h 02m 42.487s
98,    1551,    164038,    000h 00m 01.551s,    000h 02m 44.038s
99,    1697,    165735,    000h 00m 01.697s,    000h 02m 45.735s
100,    1702,    167437,    000h 00m 01.702s,    000h 02m 47.437s
101,    1596,    169033,    000h 00m 01.596s,    000h 02m 49.033s
102,    1729,    170762,    000h 00m 01.729s,    000h 02m 50.762s
103,    1630,    172392,    000h 00m 01.630s,    000h 02m 52.392s
104,    1542,    173934,    000h 00m 01.542s,    000h 02m 53.934s
105,    1530,    175464,    000h 00m 01.530s,    000h 02m 55.464s
106,    1631,    177095,    000h 00m 01.631s,    000h 02m 57.095s
107,    1603,    178698,    000h 00m 01.603s,    000h 02m 58.698s
108,    1733,    180431,    000h 00m 01.733s,    000h 03m 00.431s
109,    1577,    182008,    000h 00m 01.577s,    000h 03m 02.008s
110,    1583,    183591,    000h 00m 01.583s,    000h 03m 03.591s
111,    1736,    185327,    000h 00m 01.736s,    000h 03m 05.327s
112,    1699,    187026,    000h 00m 01.699s,    000h 03m 07.026s
113,    1631,    188657,    000h 00m 01.631s,    000h 03m 08.657s
114,    1726,    190383,    000h 00m 01.726s,    000h 03m 10.383s
115,    1737,    192120,    000h 00m 01.737s,    000h 03m 12.120s
116,    1641,    193761,    000h 00m 01.641s,    000h 03m 13.761s
117,    1643,    195404,    000h 00m 01.643s,    000h 03m 15.404s
118,    1589,    196993,    000h 00m 01.589s,    000h 03m 16.993s
119,    1632,    198625,    000h 00m 01.632s,    000h 03m 18.625s
120,    1553,    200178,    000h 00m 01.553s,    000h 03m 20.178s
121,    1612,    201790,    000h 00m 01.612s,    000h 03m 21.790s
122,    1625,    203415,    000h 00m 01.625s,    000h 03m 23.415s
123,    1728,    205143,    000h 00m 01.728s,    000h 03m 25.143s
124,    1622,    206765,    000h 00m 01.622s,    000h 03m 26.765s
125,    1719,    208484,    000h 00m 01.719s,    000h 03m 28.484s
126,    1748,    210232,    000h 00m 01.748s,    000h 03m 30.232s
127,    1731,    211963,    000h 00m 01.731s,    000h 03m 31.963s
128,    1735,    213698,    000h 00m 01.735s,    000h 03m 33.698s
129,    1627,    215325,    000h 00m 01.627s,    000h 03m 35.325s
130,    1576,    216901,    000h 00m 01.576s,    000h 03m 36.901s
131,    1707,    218608,    000h 00m 01.707s,    000h 03m 38.608s
132,    1685,    220293,    000h 00m 01.685s,    000h 03m 40.293s
133,    1647,    221940,    000h 00m 01.647s,    000h 03m 41.940s
134,    1745,    223685,    000h 00m 01.745s,    000h 03m 43.685s
135,    1597,    225282,    000h 00m 01.597s,    000h 03m 45.282s
136,    1739,    227021,    000h 00m 01.739s,    000h 03m 47.021s
137,    1672,    228693,    000h 00m 01.672s,    000h 03m 48.693s
138,    1614,    230307,    000h 00m 01.614s,    000h 03m 50.307s
139,    1669,    231976,    000h 00m 01.669s,    000h 03m 51.976s
140,    1737,    233713,    000h 00m 01.737s,    000h 03m 53.713s
141,    1728,    235441,    000h 00m 01.728s,    000h 03m 55.441s
142,    1707,    237148,    000h 00m 01.707s,    000h 03m 57.148s
143,    1692,    238840,    000h 00m 01.692s,    000h 03m 58.840s
144,    1610,    240450,    000h 00m 01.610s,    000h 04m 00.450s
145,    1653,    242103,    000h 00m 01.653s,    000h 04m 02.103s
146,    1680,    243783,    000h 00m 01.680s,    000h 04m 03.783s
147,    1687,    245470,    000h 00m 01.687s,    000h 04m 05.470s
148,    1620,    247090,    000h 00m 01.620s,    000h 04m 07.090s
149,    1580,    248670,    000h 00m 01.580s,    000h 04m 08.670s
150,    1696,    250366,    000h 00m 01.696s,    000h 04m 10.366s
151,    1587,    251953,    000h 00m 01.587s,    000h 04m 11.953s
152,    1563,    253516,    000h 00m 01.563s,    000h 04m 13.516s
153,    1657,    255173,    000h 00m 01.657s,    000h 04m 15.173s
154,    1577,    256750,    000h 00m 01.577s,    000h 04m 16.750s
155,    1557,    258307,    000h 00m 01.557s,    000h 04m 18.307s
156,    1609,    259916,    000h 00m 01.609s,    000h 04m 19.916s
157,    1532,    261448,    000h 00m 01.532s,    000h 04m 21.448s
158,    1731,    263179,    000h 00m 01.731s,    000h 04m 23.179s
159,    1727,    264906,    000h 00m 01.727s,    000h 04m 24.906s
160,    1612,    266518,    000h 00m 01.612s,    000h 04m 26.518s
161,    1710,    268228,    000h 00m 01.710s,    000h 04m 28.228s
162,    1593,    269821,    000h 00m 01.593s,    000h 04m 29.821s
163,    1640,    271461,    000h 00m 01.640s,    000h 04m 31.461s
164,    1701,    273162,    000h 00m 01.701s,    000h 04m 33.162s
165,    1579,    274741,    000h 00m 01.579s,    000h 04m 34.741s
166,    1741,    276482,    000h 00m 01.741s,    000h 04m 36.482s
167,    1741,    278223,    000h 00m 01.741s,    000h 04m 38.223s
168,    1634,    279857,    000h 00m 01.634s,    000h 04m 39.857s
169,    1686,    281543,    000h 00m 01.686s,    000h 04m 41.543s
170,    1671,    283214,    000h 00m 01.671s,    000h 04m 43.214s
171,    1620,    284834,    000h 00m 01.620s,    000h 04m 44.834s
172,    1634,    286468,    000h 00m 01.634s,    000h 04m 46.468s
173,    1730,    288198,    000h 00m 01.730s,    000h 04m 48.198s
174,    1671,    289869,    000h 00m 01.671s,    000h 04m 49.869s
175,    1619,    291488,    000h 00m 01.619s,    000h 04m 51.488s
176,    1625,    293113,    000h 00m 01.625s,    000h 04m 53.113s
177,    1744,    294857,    000h 00m 01.744s,    000h 04m 54.857s
178,    1723,    296580,    000h 00m 01.723s,    000h 04m 56.580s
179,    1658,    298238,    000h 00m 01.658s,    000h 04m 58.238s
180,    1627,    299865,    000h 00m 01.627s,    000h 04m 59.865s
181,    1612,    301477,    000h 00m 01.612s,    000h 05m 01.477s
182,    1729,    303206,    000h 00m 01.729s,    000h 05m 03.206s
183,    1745,    304951,    000h 00m 01.745s,    000h 05m 04.951s
184,    1706,    306657,    000h 00m 01.706s,    000h 05m 06.657s
185,    1705,    308362,    000h 00m 01.705s,    000h 05m 08.362s
186,    1618,    309980,    000h 00m 01.618s,    000h 05m 09.980s
187,    1728,    311708,    000h 00m 01.728s,    000h 05m 11.708s
188,    1704,    313412,    000h 00m 01.704s,    000h 05m 13.412s
189,    1641,    315053,    000h 00m 01.641s,    000h 05m 15.053s
190,    1621,    316674,    000h 00m 01.621s,    000h 05m 16.674s
191,    1629,    318303,    000h 00m 01.629s,    000h 05m 18.303s
192,    1703,    320006,    000h 00m 01.703s,    000h 05m 20.006s
193,    1618,    321624,    000h 00m 01.618s,    000h 05m 21.624s
194,    1600,    323224,    000h 00m 01.600s,    000h 05m 23.224s
195,    1708,    324932,    000h 00m 01.708s,    000h 05m 24.932s
196,    1488,    326420,    000h 00m 01.488s,    000h 05m 26.420s
197,    1704,    328124,    000h 00m 01.704s,    000h 05m 28.124s
198,    1717,    329841,    000h 00m 01.717s,    000h 05m 29.841s
199,    1733,    331574,    000h 00m 01.733s,    000h 05m 31.574s
200,    1683,    333257,    000h 00m 01.683s,    000h 05m 33.257s
201,    1655,    334912,    000h 00m 01.655s,    000h 05m 34.912s
202,    1746,    336658,    000h 00m 01.746s,    000h 05m 36.658s
203,    1630,    338288,    000h 00m 01.630s,    000h 05m 38.288s
204,    1641,    339929,    000h 00m 01.641s,    000h 05m 39.929s
205,    1735,    341664,    000h 00m 01.735s,    000h 05m 41.664s
206,    1704,    343368,    000h 00m 01.704s,    000h 05m 43.368s
207,    1725,    345093,    000h 00m 01.725s,    000h 05m 45.093s
208,    1637,    346730,    000h 00m 01.637s,    000h 05m 46.730s
209,    1566,    348296,    000h 00m 01.566s,    000h 05m 48.296s
210,    1571,    349867,    000h 00m 01.571s,    000h 05m 49.867s
211,    1591,    351458,    000h 00m 01.591s,    000h 05m 51.458s
212,    1667,    353125,    000h 00m 01.667s,    000h 05m 53.125s
213,    1722,    354847,    000h 00m 01.722s,    000h 05m 54.847s
214,    1627,    356474,    000h 00m 01.627s,    000h 05m 56.474s
215,    1726,    358200,    000h 00m 01.726s,    000h 05m 58.200s
216,    1640,    359840,    000h 00m 01.640s,    000h 05m 59.840s
217,    1619,    361459,    000h 00m 01.619s,    000h 06m 01.459s
218,    1632,    363091,    000h 00m 01.632s,    000h 06m 03.091s
219,    1681,    364772,    000h 00m 01.681s,    000h 06m 04.772s
220,    1741,    366513,    000h 00m 01.741s,    000h 06m 06.513s
221,    1647,    368160,    000h 00m 01.647s,    000h 06m 08.160s
222,    1588,    369748,    000h 00m 01.588s,    000h 06m 09.748s
223,    1675,    371423,    000h 00m 01.675s,    000h 06m 11.423s
224,    1614,    373037,    000h 00m 01.614s,    000h 06m 13.037s
225,    1474,    374511,    000h 00m 01.474s,    000h 06m 14.511s
226,    1623,    376134,    000h 00m 01.623s,    000h 06m 16.134s
227,    1738,    377872,    000h 00m 01.738s,    000h 06m 17.872s
228,    1715,    379587,    000h 00m 01.715s,    000h 06m 19.587s
229,    1720,    381307,    000h 00m 01.720s,    000h 06m 21.307s
230,    1721,    383028,    000h 00m 01.721s,    000h 06m 23.028s
231,    1625,    384653,    000h 00m 01.625s,    000h 06m 24.653s
232,    1732,    386385,    000h 00m 01.732s,    000h 06m 26.385s
233,    1582,    387967,    000h 00m 01.582s,    000h 06m 27.967s
234,    1743,    389710,    000h 00m 01.743s,    000h 06m 29.710s
235,    1673,    391383,    000h 00m 01.673s,    000h 06m 31.383s
236,    1579,    392962,    000h 00m 01.579s,    000h 06m 32.962s
237,    1552,    394514,    000h 00m 01.552s,    000h 06m 34.514s
238,    1554,    396068,    000h 00m 01.554s,    000h 06m 36.068s
239,    1574,    397642,    000h 00m 01.574s,    000h 06m 37.642s
240,    1657,    399299,    000h 00m 01.657s,    000h 06m 39.299s
241,    1746,    401045,    000h 00m 01.746s,    000h 06m 41.045s
242,    1603,    402648,    000h 00m 01.603s,    000h 06m 42.648s
243,    1642,    404290,    000h 00m 01.642s,    000h 06m 44.290s
244,    1627,    405917,    000h 00m 01.627s,    000h 06m 45.917s
245,    1634,    407551,    000h 00m 01.634s,    000h 06m 47.551s
246,    1686,    409237,    000h 00m 01.686s,    000h 06m 49.237s
247,    1720,    410957,    000h 00m 01.720s,    000h 06m 50.957s
248,    1735,    412692,    000h 00m 01.735s,    000h 06m 52.692s
249,    1717,    414409,    000h 00m 01.717s,    000h 06m 54.409s
250,    1738,    416147,    000h 00m 01.738s,    000h 06m 56.147s
251,    1655,    417802,    000h 00m 01.655s,    000h 06m 57.802s
252,    1630,    419432,    000h 00m 01.630s,    000h 06m 59.432s
253,    1640,    421072,    000h 00m 01.640s,    000h 07m 01.072s
254,    1612,    422684,    000h 00m 01.612s,    000h 07m 02.684s
255,    1563,    424247,    000h 00m 01.563s,    000h 07m 04.247s
256,    1581,    425828,    000h 00m 01.581s,    000h 07m 05.828s
257,    1734,    427562,    000h 00m 01.734s,    000h 07m 07.562s
258,    1726,    429288,    000h 00m 01.726s,    000h 07m 09.288s
259,    1742,    431030,    000h 00m 01.742s,    000h 07m 11.030s
260,    1734,    432764,    000h 00m 01.734s,    000h 07m 12.764s
261,    1553,    434317,    000h 00m 01.553s,    000h 07m 14.317s
262,    1739,    436056,    000h 00m 01.739s,    000h 07m 16.056s
263,    1698,    437754,    000h 00m 01.698s,    000h 07m 17.754s
264,    1650,    439404,    000h 00m 01.650s,    000h 07m 19.404s
265,    1739,    441143,    000h 00m 01.739s,    000h 07m 21.143s
266,    1587,    442730,    000h 00m 01.587s,    000h 07m 22.730s
267,    1515,    444245,    000h 00m 01.515s,    000h 07m 24.245s
268,    1670,    445915,    000h 00m 01.670s,    000h 07m 25.915s
269,    1644,    447559,    000h 00m 01.644s,    000h 07m 27.559s
270,    1749,    449308,    000h 00m 01.749s,    000h 07m 29.308s
271,    1731,    451039,    000h 00m 01.731s,    000h 07m 31.039s
272,    1665,    452704,    000h 00m 01.665s,    000h 07m 32.704s
273,    1657,    454361,    000h 00m 01.657s,    000h 07m 34.361s
274,    1737,    456098,    000h 00m 01.737s,    000h 07m 36.098s
275,    1638,    457736,    000h 00m 01.638s,    000h 07m 37.736s
276,    1616,    459352,    000h 00m 01.616s,    000h 07m 39.352s
277,    1667,    461019,    000h 00m 01.667s,    000h 07m 41.019s
278,    1601,    462620,    000h 00m 01.601s,    000h 07m 42.620s
279,    1714,    464334,    000h 00m 01.714s,    000h 07m 44.334s
280,    1648,    465982,    000h 00m 01.648s,    000h 07m 45.982s
281,    1735,    467717,    000h 00m 01.735s,    000h 07m 47.717s
282,    1728,    469445,    000h 00m 01.728s,    000h 07m 49.445s
283,    1688,    471133,    000h 00m 01.688s,    000h 07m 51.133s
284,    1714,    472847,    000h 00m 01.714s,    000h 07m 52.847s
285,    1555,    474402,    000h 00m 01.555s,    000h 07m 54.402s
286,    1601,    476003,    000h 00m 01.601s,    000h 07m 56.003s
287,    1673,    477676,    000h 00m 01.673s,    000h 07m 57.676s
288,    1581,    479257,    000h 00m 01.581s,    000h 07m 59.257s
289,    1561,    480818,    000h 00m 01.561s,    000h 08m 00.818s
290,    1563,    482381,    000h 00m 01.563s,    000h 08m 02.381s
291,    1594,    483975,    000h 00m 01.594s,    000h 08m 03.975s
292,    1740,    485715,    000h 00m 01.740s,    000h 08m 05.715s
293,    1617,    487332,    000h 00m 01.617s,    000h 08m 07.332s
294,    1594,    488926,    000h 00m 01.594s,    000h 08m 08.926s
295,    1571,    490497,    000h 00m 01.571s,    000h 08m 10.497s
296,    1705,    492202,    000h 00m 01.705s,    000h 08m 12.202s
297,    1720,    493922,    000h 00m 01.720s,    000h 08m 13.922s
298,    1738,    495660,    000h 00m 01.738s,    000h 08m 15.660s
299,    1626,    497286,    000h 00m 01.626s,    000h 08m 17.286s
300,    1740,    499026,    000h 00m 01.740s,    000h 08m 19.026s
301,    1629,    500655,    000h 00m 01.629s,    000h 08m 20.655s
302,    1743,    502398,    000h 00m 01.743s,    000h 08m 22.398s
303,    1570,    503968,    000h 00m 01.570s,    000h 08m 23.968s
304,    1622,    505590,    000h 00m 01.622s,    000h 08m 25.590s
305,    1658,    507248,    000h 00m 01.658s,    000h 08m 27.248s
306,    1707,    508955,    000h 00m 01.707s,    000h 08m 28.955s
307,    1589,    510544,    000h 00m 01.589s,    000h 08m 30.544s
308,    1728,    512272,    000h 00m 01.728s,    000h 08m 32.272s
309,    1617,    513889,    000h 00m 01.617s,    000h 08m 33.889s
310,    1574,    515463,    000h 00m 01.574s,    000h 08m 35.463s
311,    1667,    517130,    000h 00m 01.667s,    000h 08m 37.130s
312,    1669,    518799,    000h 00m 01.669s,    000h 08m 38.799s
313,    1654,    520453,    000h 00m 01.654s,    000h 08m 40.453s
314,    1700,    522153,    000h 00m 01.700s,    000h 08m 42.153s
315,    1738,    523891,    000h 00m 01.738s,    000h 08m 43.891s
316,    1728,    525619,    000h 00m 01.728s,    000h 08m 45.619s
317,    1641,    527260,    000h 00m 01.641s,    000h 08m 47.260s
318,    1512,    528772,    000h 00m 01.512s,    000h 08m 48.772s
319,    1651,    530423,    000h 00m 01.651s,    000h 08m 50.423s
320,    1718,    532141,    000h 00m 01.718s,    000h 08m 52.141s
321,    1637,    533778,    000h 00m 01.637s,    000h 08m 53.778s
322,    1737,    535515,    000h 00m 01.737s,    000h 08m 55.515s
323,    1606,    537121,    000h 00m 01.606s,    000h 08m 57.121s
324,    1708,    538829,    000h 00m 01.708s,    000h 08m 58.829s
325,    1722,    540551,    000h 00m 01.722s,    000h 09m 00.551s
326,    1657,    542208,    000h 00m 01.657s,    000h 09m 02.208s
327,    1557,    543765,    000h 00m 01.557s,    000h 09m 03.765s
328,    1691,    545456,    000h 00m 01.691s,    000h 09m 05.456s
329,    1745,    547201,    000h 00m 01.745s,    000h 09m 07.201s
330,    1747,    548948,    000h 00m 01.747s,    000h 09m 08.948s
331,    1657,    550605,    000h 00m 01.657s,    000h 09m 10.605s
332,    1713,    552318,    000h 00m 01.713s,    000h 09m 12.318s
333,    1736,    554054,    000h 00m 01.736s,    000h 09m 14.054s
334,    1611,    555665,    000h 00m 01.611s,    000h 09m 15.665s
335,    1663,    557328,    000h 00m 01.663s,    000h 09m 17.328s
336,    1715,    559043,    000h 00m 01.715s,    000h 09m 19.043s
337,    1710,    560753,    000h 00m 01.710s,    000h 09m 20.753s
338,    1624,    562377,    000h 00m 01.624s,    000h 09m 22.377s
339,    1576,    563953,    000h 00m 01.576s,    000h 09m 23.953s
340,    1702,    565655,    000h 00m 01.702s,    000h 09m 25.655s
341,    1732,    567387,    000h 00m 01.732s,    000h 09m 27.387s
342,    1705,    569092,    000h 00m 01.705s,    000h 09m 29.092s
343,    1594,    570686,    000h 00m 01.594s,    000h 09m 30.686s
344,    1594,    572280,    000h 00m 01.594s,    000h 09m 32.280s
345,    1710,    573990,    000h 00m 01.710s,    000h 09m 33.990s
346,    1623,    575613,    000h 00m 01.623s,    000h 09m 35.613s
347,    1695,    577308,    000h 00m 01.695s,    000h 09m 37.308s
348,    1659,    578967,    000h 00m 01.659s,    000h 09m 38.967s
349,    1601,    580568,    000h 00m 01.601s,    000h 09m 40.568s
350,    1599,    582167,    000h 00m 01.599s,    000h 09m 42.167s
351,    1632,    583799,    000h 00m 01.632s,    000h 09m 43.799s
352,    1646,    585445,    000h 00m 01.646s,    000h 09m 45.445s
353,    1738,    587183,    000h 00m 01.738s,    000h 09m 47.183s
354,    1652,    588835,    000h 00m 01.652s,    000h 09m 48.835s
355,    1743,    590578,    000h 00m 01.743s,    000h 09m 50.578s
356,    1726,    592304,    000h 00m 01.726s,    000h 09m 52.304s
357,    1589,    593893,    000h 00m 01.589s,    000h 09m 53.893s
358,    1741,    595634,    000h 00m 01.741s,    000h 09m 55.634s
359,    1707,    597341,    000h 00m 01.707s,    000h 09m 57.341s
360,    1733,    599074,    000h 00m 01.733s,    000h 09m 59.074s
361,    1700,    600774,    000h 00m 01.700s,    000h 10m 00.774s
362,    1683,    602457,    000h 00m 01.683s,    000h 10m 02.457s
363,    1575,    604032,    000h 00m 01.575s,    000h 10m 04.032s
364,    1636,    605668,    000h 00m 01.636s,    000h 10m 05.668s
365,    1732,    607400,    000h 00m 01.732s,    000h 10m 07.400s
366,    1748,    609148,    000h 00m 01.748s,    000h 10m 09.148s
367,    1608,    610756,    000h 00m 01.608s,    000h 10m 10.756s
368,    1579,    612335,    000h 00m 01.579s,    000h 10m 12.335s
369,    1654,    613989,    000h 00m 01.654s,    000h 10m 13.989s
370,    1583,    615572,    000h 00m 01.583s,    000h 10m 15.572s
371,    1560,    617132,    000h 00m 01.560s,    000h 10m 17.132s
372,    1720,    618852,    000h 00m 01.720s,    000h 10m 18.852s
373,    1730,    620582,    000h 00m 01.730s,    000h 10m 20.582s
374,    1735,    622317,    000h 00m 01.735s,    000h 10m 22.317s
375,    1683,    624000,    000h 00m 01.683s,    000h 10m 24.000s
376,    1748,    625748,    000h 00m 01.748s,    000h 10m 25.748s
377,    1683,    627431,    000h 00m 01.683s,    000h 10m 27.431s
378,    1609,    629040,    000h 00m 01.609s,    000h 10m 29.040s
379,    1738,    630778,    000h 00m 01.738s,    000h 10m 30.778s
380,    1615,    632393,    000h 00m 01.615s,    000h 10m 32.393s
381,    1726,    634119,    000h 00m 01.726s,    000h 10m 34.119s
382,    1608,    635727,    000h 00m 01.608s,    000h 10m 35.727s
383,    1724,    637451,    000h 00m 01.724s,    000h 10m 37.451s
384,    1735,    639186,    000h 00m 01.735s,    000h 10m 39.186s
385,    1581,    640767,    000h 00m 01.581s,    000h 10m 40.767s
386,    1707,    642474,    000h 00m 01.707s,    000h 10m 42.474s
387,    1638,    644112,    000h 00m 01.638s,    000h 10m 44.112s
388,    1611,    645723,    000h 00m 01.611s,    000h 10m 45.723s
389,    1737,    647460,    000h 00m 01.737s,    000h 10m 47.460s
390,    1624,    649084,    000h 00m 01.624s,    000h 10m 49.084s
391,    1674,    650758,    000h 00m 01.674s,    000h 10m 50.758s
392,    1642,    652400,    000h 00m 01.642s,    000h 10m 52.400s
393,    1691,    654091,    000h 00m 01.691s,    000h 10m 54.091s
394,    1639,    655730,    000h 00m 01.639s,    000h 10m 55.730s
395,    1722,    657452,    000h 00m 01.722s,    000h 10m 57.452s
396,    1723,    659175,    000h 00m 01.723s,    000h 10m 59.175s
397,    1707,    660882,    000h 00m 01.707s,    000h 11m 00.882s
398,    1608,    662490,    000h 00m 01.608s,    000h 11m 02.490s
399,    1736,    664226,    000h 00m 01.736s,    000h 11m 04.226s
400,    1600,    665826,    000h 00m 01.600s,    000h 11m 05.826s
401,    1735,    667561,    000h 00m 01.735s,    000h 11m 07.561s
402,    1725,    669286,    000h 00m 01.725s,    000h 11m 09.286s
403,    1659,    670945,    000h 00m 01.659s,    000h 11m 10.945s
404,    1700,    672645,    000h 00m 01.700s,    000h 11m 12.645s
405,    1695,    674340,    000h 00m 01.695s,    000h 11m 14.340s
406,    1565,    675905,    000h 00m 01.565s,    000h 11m 15.905s
407,    1578,    677483,    000h 00m 01.578s,    000h 11m 17.483s
408,    1718,    679201,    000h 00m 01.718s,    000h 11m 19.201s
409,    1646,    680847,    000h 00m 01.646s,    000h 11m 20.847s
410,    1660,    682507,    000h 00m 01.660s,    000h 11m 22.507s
411,    1737,    684244,    000h 00m 01.737s,    000h 11m 24.244s
412,    1646,    685890,    000h 00m 01.646s,    000h 11m 25.890s
413,    1608,    687498,    000h 00m 01.608s,    000h 11m 27.498s
414,    1754,    689252,    000h 00m 01.754s,    000h 11m 29.252s
415,    1747,    690999,    000h 00m 01.747s,    000h 11m 30.999s
416,    1736,    692735,    000h 00m 01.736s,    000h 11m 32.735s
417,    1735,    694470,    000h 00m 01.735s,    000h 11m 34.470s
418,    1701,    696171,    000h 00m 01.701s,    000h 11m 36.171s
419,    1705,    697876,    000h 00m 01.705s,    000h 11m 37.876s
420,    1716,    699592,    000h 00m 01.716s,    000h 11m 39.592s
421,    1627,    701219,    000h 00m 01.627s,    000h 11m 41.219s
422,    1721,    702940,    000h 00m 01.721s,    000h 11m 42.940s
423,    1746,    704686,    000h 00m 01.746s,    000h 11m 44.686s
424,    1602,    706288,    000h 00m 01.602s,    000h 11m 46.288s
425,    1721,    708009,    000h 00m 01.721s,    000h 11m 48.009s
426,    1723,    709732,    000h 00m 01.723s,    000h 11m 49.732s
427,    1614,    711346,    000h 00m 01.614s,    000h 11m 51.346s
428,    1699,    713045,    000h 00m 01.699s,    000h 11m 53.045s
429,    1531,    714576,    000h 00m 01.531s,    000h 11m 54.576s
430,    1589,    716165,    000h 00m 01.589s,    000h 11m 56.165s
431,    1714,    717879,    000h 00m 01.714s,    000h 11m 57.879s
432,    1708,    719587,    000h 00m 01.708s,    000h 11m 59.587s
433,    1691,    721278,    000h 00m 01.691s,    000h 12m 01.278s
434,    1612,    722890,    000h 00m 01.612s,    000h 12m 02.890s
435,    1596,    724486,    000h 00m 01.596s,    000h 12m 04.486s
436,    1739,    726225,    000h 00m 01.739s,    000h 12m 06.225s
437,    1642,    727867,    000h 00m 01.642s,    000h 12m 07.867s
438,    1720,    729587,    000h 00m 01.720s,    000h 12m 09.587s
439,    1620,    731207,    000h 00m 01.620s,    000h 12m 11.207s
440,    1638,    732845,    000h 00m 01.638s,    000h 12m 12.845s
441,    1705,    734550,    000h 00m 01.705s,    000h 12m 14.550s
442,    1731,    736281,    000h 00m 01.731s,    000h 12m 16.281s
443,    1602,    737883,    000h 00m 01.602s,    000h 12m 17.883s
444,    1695,    739578,    000h 00m 01.695s,    000h 12m 19.578s
445,    1659,    741237,    000h 00m 01.659s,    000h 12m 21.237s
446,    1728,    742965,    000h 00m 01.728s,    000h 12m 22.965s
447,    1630,    744595,    000h 00m 01.630s,    000h 12m 24.595s
448,    1641,    746236,    000h 00m 01.641s,    000h 12m 26.236s
449,    1649,    747885,    000h 00m 01.649s,    000h 12m 27.885s
450,    1605,    749490,    000h 00m 01.605s,    000h 12m 29.490s
451,    1553,    751043,    000h 00m 01.553s,    000h 12m 31.043s
452,    1635,    752678,    000h 00m 01.635s,    000h 12m 32.678s
453,    1748,    754426,    000h 00m 01.748s,    000h 12m 34.426s
454,    1727,    756153,    000h 00m 01.727s,    000h 12m 36.153s
455,    1720,    757873,    000h 00m 01.720s,    000h 12m 37.873s
456,    1480,    759353,    000h 00m 01.480s,    000h 12m 39.353s
457,    1710,    761063,    000h 00m 01.710s,    000h 12m 41.063s
458,    1558,    762621,    000h 00m 01.558s,    000h 12m 42.621s
459,    1612,    764233,    000h 00m 01.612s,    000h 12m 44.233s
460,    1740,    765973,    000h 00m 01.740s,    000h 12m 45.973s
461,    1607,    767580,    000h 00m 01.607s,    000h 12m 47.580s
462,    1614,    769194,    000h 00m 01.614s,    000h 12m 49.194s
463,    1646,    770840,    000h 00m 01.646s,    000h 12m 50.840s
464,    1737,    772577,    000h 00m 01.737s,    000h 12m 52.577s
465,    1736,    774313,    000h 00m 01.736s,    000h 12m 54.313s
466,    1651,    775964,    000h 00m 01.651s,    000h 12m 55.964s
467,    1746,    777710,    000h 00m 01.746s,    000h 12m 57.710s
468,    1670,    779380,    000h 00m 01.670s,    000h 12m 59.380s
469,    1710,    781090,    000h 00m 01.710s,    000h 13m 01.090s
470,    1555,    782645,    000h 00m 01.555s,    000h 13m 02.645s
471,    1615,    784260,    000h 00m 01.615s,    000h 13m 04.260s
472,    1577,    785837,    000h 00m 01.577s,    000h 13m 05.837s
473,    1647,    787484,    000h 00m 01.647s,    000h 13m 07.484s
474,    1607,    789091,    000h 00m 01.607s,    000h 13m 09.091s
475,    1591,    790682,    000h 00m 01.591s,    000h 13m 10.682s
476,    1729,    792411,    000h 00m 01.729s,    000h 13m 12.411s
477,    1607,    794018,    000h 00m 01.607s,    000h 13m 14.018s
478,    1618,    795636,    000h 00m 01.618s,    000h 13m 15.636s
479,    1577,    797213,    000h 00m 01.577s,    000h 13m 17.213s
480,    1624,    798837,    000h 00m 01.624s,    000h 13m 18.837s
481,    1753,    800590,    000h 00m 01.753s,    000h 13m 20.590s
482,    1734,    802324,    000h 00m 01.734s,    000h 13m 22.324s
483,    1693,    804017,    000h 00m 01.693s,    000h 13m 24.017s
484,    1636,    805653,    000h 00m 01.636s,    000h 13m 25.653s
485,    1609,    807262,    000h 00m 01.609s,    000h 13m 27.262s
486,    1602,    808864,    000h 00m 01.602s,    000h 13m 28.864s
487,    1688,    810552,    000h 00m 01.688s,    000h 13m 30.552s
488,    1558,    812110,    000h 00m 01.558s,    000h 13m 32.110s
489,    1729,    813839,    000h 00m 01.729s,    000h 13m 33.839s
490,    1728,    815567,    000h 00m 01.728s,    000h 13m 35.567s
491,    1735,    817302,    000h 00m 01.735s,    000h 13m 37.302s
492,    1647,    818949,    000h 00m 01.647s,    000h 13m 38.949s
493,    1705,    820654,    000h 00m 01.705s,    000h 13m 40.654s
494,    1560,    822214,    000h 00m 01.560s,    000h 13m 42.214s
495,    1671,    823885,    000h 00m 01.671s,    000h 13m 43.885s
496,    1744,    825629,    000h 00m 01.744s,    000h 13m 45.629s
497,    1615,    827244,    000h 00m 01.615s,    000h 13m 47.244s
498,    1740,    828984,    000h 00m 01.740s,    000h 13m 48.984s
499,    1665,    830649,    000h 00m 01.665s,    000h 13m 50.649s
500,    1644,    832293,    000h 00m 01.644s,    000h 13m 52.293s
501,    1728,    834021,    000h 00m 01.728s,    000h 13m 54.021s
502,    1737,    835758,    000h 00m 01.737s,    000h 13m 55.758s
503,    1744,    837502,    000h 00m 01.744s,    000h 13m 57.502s
504,    1682,    839184,    000h 00m 01.682s,    000h 13m 59.184s
505,    1635,    840819,    000h 00m 01.635s,    000h 14m 00.819s
506,    1743,    842562,    000h 00m 01.743s,    000h 14m 02.562s
507,    1724,    844286,    000h 00m 01.724s,    000h 14m 04.286s
508,    1700,    845986,    000h 00m 01.700s,    000h 14m 05.986s
509,    1727,    847713,    000h 00m 01.727s,    000h 14m 07.713s
510,    1645,    849358,    000h 00m 01.645s,    000h 14m 09.358s
511,    1720,    851078,    000h 00m 01.720s,    000h 14m 11.078s
512,    1724,    852802,    000h 00m 01.724s,    000h 14m 12.802s
513,    1747,    854549,    000h 00m 01.747s,    000h 14m 14.549s
514,    1697,    856246,    000h 00m 01.697s,    000h 14m 16.246s
515,    1734,    857980,    000h 00m 01.734s,    000h 14m 17.980s
516,    1594,    859574,    000h 00m 01.594s,    000h 14m 19.574s
517,    1661,    861235,    000h 00m 01.661s,    000h 14m 21.235s
518,    1623,    862858,    000h 00m 01.623s,    000h 14m 22.858s
519,    1613,    864471,    000h 00m 01.613s,    000h 14m 24.471s
520,    1598,    866069,    000h 00m 01.598s,    000h 14m 26.069s
521,    1746,    867815,    000h 00m 01.746s,    000h 14m 27.815s
522,    1738,    869553,    000h 00m 01.738s,    000h 14m 29.553s
523,    1729,    871282,    000h 00m 01.729s,    000h 14m 31.282s
524,    1643,    872925,    000h 00m 01.643s,    000h 14m 32.925s
525,    1550,    874475,    000h 00m 01.550s,    000h 14m 34.475s
526,    1658,    876133,    000h 00m 01.658s,    000h 14m 36.133s
527,    1731,    877864,    000h 00m 01.731s,    000h 14m 37.864s
528,    1673,    879537,    000h 00m 01.673s,    000h 14m 39.537s
529,    1745,    881282,    000h 00m 01.745s,    000h 14m 41.282s
530,    1616,    882898,    000h 00m 01.616s,    000h 14m 42.898s
531,    1615,    884513,    000h 00m 01.615s,    000h 14m 44.513s
532,    1631,    886144,    000h 00m 01.631s,    000h 14m 46.144s
533,    1647,    887791,    000h 00m 01.647s,    000h 14m 47.791s
534,    1640,    889431,    000h 00m 01.640s,    000h 14m 49.431s
535,    1617,    891048,    000h 00m 01.617s,    000h 14m 51.048s
536,    1706,    892754,    000h 00m 01.706s,    000h 14m 52.754s
537,    1732,    894486,    000h 00m 01.732s,    000h 14m 54.486s
538,    1752,    896238,    000h 00m 01.752s,    000h 14m 56.238s
539,    1591,    897829,    000h 00m 01.591s,    000h 14m 57.829s
540,    1737,    899566,    000h 00m 01.737s,    000h 14m 59.566s
541,    1728,    901294,    000h 00m 01.728s,    000h 15m 01.294s
542,    1617,    902911,    000h 00m 01.617s,    000h 15m 02.911s
543,    1666,    904577,    000h 00m 01.666s,    000h 15m 04.577s
544,    1658,    906235,    000h 00m 01.658s,    000h 15m 06.235s
545,    1671,    907906,    000h 00m 01.671s,    000h 15m 07.906s
546,    1730,    909636,    000h 00m 01.730s,    000h 15m 09.636s
547,    1712,    911348,    000h 00m 01.712s,    000h 15m 11.348s
548,    1726,    913074,    000h 00m 01.726s,    000h 15m 13.074s
549,    1746,    914820,    000h 00m 01.746s,    000h 15m 14.820s
550,    1679,    916499,    000h 00m 01.679s,    000h 15m 16.499s
551,    1745,    918244,    000h 00m 01.745s,    000h 15m 18.244s
552,    1642,    919886,    000h 00m 01.642s,    000h 15m 19.886s
553,    1731,    921617,    000h 00m 01.731s,    000h 15m 21.617s
554,    1733,    923350,    000h 00m 01.733s,    000h 15m 23.350s
555,    1748,    925098,    000h 00m 01.748s,    000h 15m 25.098s
556,    1711,    926809,    000h 00m 01.711s,    000h 15m 26.809s
557,    1755,    928564,    000h 00m 01.755s,    000h 15m 28.564s
558,    1635,    930199,    000h 00m 01.635s,    000h 15m 30.199s
559,    1739,    931938,    000h 00m 01.739s,    000h 15m 31.938s
560,    1713,    933651,    000h 00m 01.713s,    000h 15m 33.651s
561,    1742,    935393,    000h 00m 01.742s,    000h 15m 35.393s
562,    1732,    937125,    000h 00m 01.732s,    000h 15m 37.125s
563,    1630,    938755,    000h 00m 01.630s,    000h 15m 38.755s
564,    1726,    940481,    000h 00m 01.726s,    000h 15m 40.481s
565,    1725,    942206,    000h 00m 01.725s,    000h 15m 42.206s
566,    1597,    943803,    000h 00m 01.597s,    000h 15m 43.803s
567,    1731,    945534,    000h 00m 01.731s,    000h 15m 45.534s
568,    1625,    947159,    000h 00m 01.625s,    000h 15m 47.159s
569,    1738,    948897,    000h 00m 01.738s,    000h 15m 48.897s
570,    1582,    950479,    000h 00m 01.582s,    000h 15m 50.479s
571,    1736,    952215,    000h 00m 01.736s,    000h 15m 52.215s
572,    1587,    953802,    000h 00m 01.587s,    000h 15m 53.802s
573,    1616,    955418,    000h 00m 01.616s,    000h 15m 55.418s
574,    1635,    957053,    000h 00m 01.635s,    000h 15m 57.053s
575,    1697,    958750,    000h 00m 01.697s,    000h 15m 58.750s
576,    1618,    960368,    000h 00m 01.618s,    000h 16m 00.368s
577,    1565,    961933,    000h 00m 01.565s,    000h 16m 01.933s
578,    1738,    963671,    000h 00m 01.738s,    000h 16m 03.671s
579,    1687,    965358,    000h 00m 01.687s,    000h 16m 05.358s
580,    1698,    967056,    000h 00m 01.698s,    000h 16m 07.056s
581,    1584,    968640,    000h 00m 01.584s,    000h 16m 08.640s
582,    1608,    970248,    000h 00m 01.608s,    000h 16m 10.248s
583,    1662,    971910,    000h 00m 01.662s,    000h 16m 11.910s
584,    1702,    973612,    000h 00m 01.702s,    000h 16m 13.612s
585,    1726,    975338,    000h 00m 01.726s,    000h 16m 15.338s
586,    1534,    976872,    000h 00m 01.534s,    000h 16m 16.872s
587,    1731,    978603,    000h 00m 01.731s,    000h 16m 18.603s
588,    1607,    980210,    000h 00m 01.607s,    000h 16m 20.210s
589,    1738,    981948,    000h 00m 01.738s,    000h 16m 21.948s
590,    1655,    983603,    000h 00m 01.655s,    000h 16m 23.603s
591,    1638,    985241,    000h 00m 01.638s,    000h 16m 25.241s
592,    1724,    986965,    000h 00m 01.724s,    000h 16m 26.965s
593,    1739,    988704,    000h 00m 01.739s,    000h 16m 28.704s
594,    1577,    990281,    000h 00m 01.577s,    000h 16m 30.281s
595,    1593,    991874,    000h 00m 01.593s,    000h 16m 31.874s
596,    1702,    993576,    000h 00m 01.702s,    000h 16m 33.576s
597,    1804,    995380,    000h 00m 01.804s,    000h 16m 35.380s
598,    1642,    997022,    000h 00m 01.642s,    000h 16m 37.022s
599,    1648,    998670,    000h 00m 01.648s,    000h 16m 38.670s
600,    1718,    1000388,    000h 00m 01.718s,    000h 16m 40.388s
601,    1729,    1002117,    000h 00m 01.729s,    000h 16m 42.117s
602,    1722,    1003839,    000h 00m 01.722s,    000h 16m 43.839s
603,    1648,    1005487,    000h 00m 01.648s,    000h 16m 45.487s
604,    1660,    1007147,    000h 00m 01.660s,    000h 16m 47.147s
605,    1636,    1008783,    000h 00m 01.636s,    000h 16m 48.783s
606,    1717,    1010500,    000h 00m 01.717s,    000h 16m 50.500s
607,    1607,    1012107,    000h 00m 01.607s,    000h 16m 52.107s
608,    1571,    1013678,    000h 00m 01.571s,    000h 16m 53.678s
609,    1595,    1015273,    000h 00m 01.595s,    000h 16m 55.273s
610,    1747,    1017020,    000h 00m 01.747s,    000h 16m 57.020s
611,    1732,    1018752,    000h 00m 01.732s,    000h 16m 58.752s
612,    1578,    1020330,    000h 00m 01.578s,    000h 17m 00.330s
613,    1720,    1022050,    000h 00m 01.720s,    000h 17m 02.050s
614,    1617,    1023667,    000h 00m 01.617s,    000h 17m 03.667s
615,    1718,    1025385,    000h 00m 01.718s,    000h 17m 05.385s
616,    1719,    1027104,    000h 00m 01.719s,    000h 17m 07.104s
617,    1715,    1028819,    000h 00m 01.715s,    000h 17m 08.819s
618,    1705,    1030524,    000h 00m 01.705s,    000h 17m 10.524s
619,    1706,    1032230,    000h 00m 01.706s,    000h 17m 12.230s
620,    1729,    1033959,    000h 00m 01.729s,    000h 17m 13.959s
621,    1678,    1035637,    000h 00m 01.678s,    000h 17m 15.637s
622,    1673,    1037310,    000h 00m 01.673s,    000h 17m 17.310s
623,    1735,    1039045,    000h 00m 01.735s,    000h 17m 19.045s
624,    1696,    1040741,    000h 00m 01.696s,    000h 17m 20.741s
625,    1634,    1042375,    000h 00m 01.634s,    000h 17m 22.375s
626,    1714,    1044089,    000h 00m 01.714s,    000h 17m 24.089s
627,    1639,    1045728,    000h 00m 01.639s,    000h 17m 25.728s
628,    1677,    1047405,    000h 00m 01.677s,    000h 17m 27.405s
629,    1656,    1049061,    000h 00m 01.656s,    000h 17m 29.061s
630,    1718,    1050779,    000h 00m 01.718s,    000h 17m 30.779s
631,    1726,    1052505,    000h 00m 01.726s,    000h 17m 32.505s
632,    1649,    1054154,    000h 00m 01.649s,    000h 17m 34.154s
633,    1703,    1055857,    000h 00m 01.703s,    000h 17m 35.857s
634,    1735,    1057592,    000h 00m 01.735s,    000h 17m 37.592s
635,    1545,    1059137,    000h 00m 01.545s,    000h 17m 39.137s
636,    1606,    1060743,    000h 00m 01.606s,    000h 17m 40.743s
637,    1714,    1062457,    000h 00m 01.714s,    000h 17m 42.457s
638,    1568,    1064025,    000h 00m 01.568s,    000h 17m 44.025s
639,    1605,    1065630,    000h 00m 01.605s,    000h 17m 45.630s
640,    1699,    1067329,    000h 00m 01.699s,    000h 17m 47.329s
641,    1720,    1069049,    000h 00m 01.720s,    000h 17m 49.049s
642,    1733,    1070782,    000h 00m 01.733s,    000h 17m 50.782s
643,    1732,    1072514,    000h 00m 01.732s,    000h 17m 52.514s
644,    1700,    1074214,    000h 00m 01.700s,    000h 17m 54.214s
645,    1705,    1075919,    000h 00m 01.705s,    000h 17m 55.919s
646,    1562,    1077481,    000h 00m 01.562s,    000h 17m 57.481s
647,    1678,    1079159,    000h 00m 01.678s,    000h 17m 59.159s
648,    1701,    1080860,    000h 00m 01.701s,    000h 18m 00.860s
649,    1664,    1082524,    000h 00m 01.664s,    000h 18m 02.524s
650,    1763,    1084287,    000h 00m 01.763s,    000h 18m 04.287s
651,    1616,    1085903,    000h 00m 01.616s,    000h 18m 05.903s
652,    1634,    1087537,    000h 00m 01.634s,    000h 18m 07.537s
653,    1685,    1089222,    000h 00m 01.685s,    000h 18m 09.222s
654,    1732,    1090954,    000h 00m 01.732s,    000h 18m 10.954s
655,    1632,    1092586,    000h 00m 01.632s,    000h 18m 12.586s
656,    1664,    1094250,    000h 00m 01.664s,    000h 18m 14.250s
657,    1618,    1095868,    000h 00m 01.618s,    000h 18m 15.868s
658,    1702,    1097570,    000h 00m 01.702s,    000h 18m 17.570s
659,    1702,    1099272,    000h 00m 01.702s,    000h 18m 19.272s
660,    1652,    1100924,    000h 00m 01.652s,    000h 18m 20.924s
661,    1623,    1102547,    000h 00m 01.623s,    000h 18m 22.547s
662,    1579,    1104126,    000h 00m 01.579s,    000h 18m 24.126s
663,    1631,    1105757,    000h 00m 01.631s,    000h 18m 25.757s
664,    1666,    1107423,    000h 00m 01.666s,    000h 18m 27.423s
665,    1559,    1108982,    000h 00m 01.559s,    000h 18m 28.982s
666,    1616,    1110598,    000h 00m 01.616s,    000h 18m 30.598s
667,    1632,    1112230,    000h 00m 01.632s,    000h 18m 32.230s
668,    1591,    1113821,    000h 00m 01.591s,    000h 18m 33.821s
669,    1674,    1115495,    000h 00m 01.674s,    000h 18m 35.495s
670,    1590,    1117085,    000h 00m 01.590s,    000h 18m 37.085s
671,    1647,    1118732,    000h 00m 01.647s,    000h 18m 38.732s
672,    1726,    1120458,    000h 00m 01.726s,    000h 18m 40.458s
673,    1557,    1122015,    000h 00m 01.557s,    000h 18m 42.015s
674,    1749,    1123764,    000h 00m 01.749s,    000h 18m 43.764s
675,    1707,    1125471,    000h 00m 01.707s,    000h 18m 45.471s
676,    1731,    1127202,    000h 00m 01.731s,    000h 18m 47.202s
677,    1572,    1128774,    000h 00m 01.572s,    000h 18m 48.774s
678,    1746,    1130520,    000h 00m 01.746s,    000h 18m 50.520s
679,    1655,    1132175,    000h 00m 01.655s,    000h 18m 52.175s
680,    1578,    1133753,    000h 00m 01.578s,    000h 18m 53.753s
681,    1616,    1135369,    000h 00m 01.616s,    000h 18m 55.369s
682,    1735,    1137104,    000h 00m 01.735s,    000h 18m 57.104s
683,    1576,    1138680,    000h 00m 01.576s,    000h 18m 58.680s
684,    1737,    1140417,    000h 00m 01.737s,    000h 19m 00.417s
685,    1678,    1142095,    000h 00m 01.678s,    000h 19m 02.095s
686,    1722,    1143817,    000h 00m 01.722s,    000h 19m 03.817s
687,    1672,    1145489,    000h 00m 01.672s,    000h 19m 05.489s
688,    1743,    1147232,    000h 00m 01.743s,    000h 19m 07.232s
689,    1717,    1148949,    000h 00m 01.717s,    000h 19m 08.949s
690,    1566,    1150515,    000h 00m 01.566s,    000h 19m 10.515s
691,    1579,    1152094,    000h 00m 01.579s,    000h 19m 12.094s
692,    1657,    1153751,    000h 00m 01.657s,    000h 19m 13.751s
693,    1608,    1155359,    000h 00m 01.608s,    000h 19m 15.359s
694,    1734,    1157093,    000h 00m 01.734s,    000h 19m 17.093s
695,    1647,    1158740,    000h 00m 01.647s,    000h 19m 18.740s
696,    1712,    1160452,    000h 00m 01.712s,    000h 19m 20.452s
697,    1662,    1162114,    000h 00m 01.662s,    000h 19m 22.114s
698,    1732,    1163846,    000h 00m 01.732s,    000h 19m 23.846s
699,    1668,    1165514,    000h 00m 01.668s,    000h 19m 25.514s
700,    1620,    1167134,    000h 00m 01.620s,    000h 19m 27.134s
701,    1611,    1168745,    000h 00m 01.611s,    000h 19m 28.745s
702,    1724,    1170469,    000h 00m 01.724s,    000h 19m 30.469s
703,    1700,    1172169,    000h 00m 01.700s,    000h 19m 32.169s
704,    1715,    1173884,    000h 00m 01.715s,    000h 19m 33.884s
705,    1597,    1175481,    000h 00m 01.597s,    000h 19m 35.481s
706,    1602,    1177083,    000h 00m 01.602s,    000h 19m 37.083s
707,    1610,    1178693,    000h 00m 01.610s,    000h 19m 38.693s
708,    1702,    1180395,    000h 00m 01.702s,    000h 19m 40.395s
709,    1727,    1182122,    000h 00m 01.727s,    000h 19m 42.122s
710,    1631,    1183753,    000h 00m 01.631s,    000h 19m 43.753s
711,    1724,    1185477,    000h 00m 01.724s,    000h 19m 45.477s
712,    1617,    1187094,    000h 00m 01.617s,    000h 19m 47.094s
713,    1577,    1188671,    000h 00m 01.577s,    000h 19m 48.671s
714,    1562,    1190233,    000h 00m 01.562s,    000h 19m 50.233s
715,    1652,    1191885,    000h 00m 01.652s,    000h 19m 51.885s
716,    1649,    1193534,    000h 00m 01.649s,    000h 19m 53.534s
717,    1581,    1195115,    000h 00m 01.581s,    000h 19m 55.115s
718,    1569,    1196684,    000h 00m 01.569s,    000h 19m 56.684s
719,    1641,    1198325,    000h 00m 01.641s,    000h 19m 58.325s
720,    1738,    1200063,    000h 00m 01.738s,    000h 20m 00.063s
721,    1615,    1201678,    000h 00m 01.615s,    000h 20m 01.678s
722,    1653,    1203331,    000h 00m 01.653s,    000h 20m 03.331s
723,    1677,    1205008,    000h 00m 01.677s,    000h 20m 05.008s
724,    1606,    1206614,    000h 00m 01.606s,    000h 20m 06.614s
725,    1655,    1208269,    000h 00m 01.655s,    000h 20m 08.269s
726,    1621,    1209890,    000h 00m 01.621s,    000h 20m 09.890s
727,    1594,    1211484,    000h 00m 01.594s,    000h 20m 11.484s
728,    1691,    1213175,    000h 00m 01.691s,    000h 20m 13.175s
729,    1735,    1214910,    000h 00m 01.735s,    000h 20m 14.910s
730,    1563,    1216473,    000h 00m 01.563s,    000h 20m 16.473s
731,    1731,    1218204,    000h 00m 01.731s,    000h 20m 18.204s
732,    1736,    1219940,    000h 00m 01.736s,    000h 20m 19.940s
733,    1733,    1221673,    000h 00m 01.733s,    000h 20m 21.673s
734,    1738,    1223411,    000h 00m 01.738s,    000h 20m 23.411s
735,    1729,    1225140,    000h 00m 01.729s,    000h 20m 25.140s
736,    1740,    1226880,    000h 00m 01.740s,    000h 20m 26.880s
737,    1598,    1228478,    000h 00m 01.598s,    000h 20m 28.478s
738,    1656,    1230134,    000h 00m 01.656s,    000h 20m 30.134s
739,    1724,    1231858,    000h 00m 01.724s,    000h 20m 31.858s
740,    1628,    1233486,    000h 00m 01.628s,    000h 20m 33.486s
741,    1734,    1235220,    000h 00m 01.734s,    000h 20m 35.220s
742,    1641,    1236861,    000h 00m 01.641s,    000h 20m 36.861s
743,    1599,    1238460,    000h 00m 01.599s,    000h 20m 38.460s
744,    1746,    1240206,    000h 00m 01.746s,    000h 20m 40.206s
745,    1665,    1241871,    000h 00m 01.665s,    000h 20m 41.871s
746,    1645,    1243516,    000h 00m 01.645s,    000h 20m 43.516s
747,    1631,    1245147,    000h 00m 01.631s,    000h 20m 45.147s
748,    1730,    1246877,    000h 00m 01.730s,    000h 20m 46.877s
749,    1691,    1248568,    000h 00m 01.691s,    000h 20m 48.568s
750,    1684,    1250252,    000h 00m 01.684s,    000h 20m 50.252s
751,    1577,    1251829,    000h 00m 01.577s,    000h 20m 51.829s
752,    1616,    1253445,    000h 00m 01.616s,    000h 20m 53.445s
753,    1696,    1255141,    000h 00m 01.696s,    000h 20m 55.141s
754,    1733,    1256874,    000h 00m 01.733s,    000h 20m 56.874s
755,    1710,    1258584,    000h 00m 01.710s,    000h 20m 58.584s
756,    1743,    1260327,    000h 00m 01.743s,    000h 21m 00.327s
757,    1639,    1261966,    000h 00m 01.639s,    000h 21m 01.966s
758,    1618,    1263584,    000h 00m 01.618s,    000h 21m 03.584s
759,    1587,    1265171,    000h 00m 01.587s,    000h 21m 05.171s
760,    1728,    1266899,    000h 00m 01.728s,    000h 21m 06.899s
761,    1727,    1268626,    000h 00m 01.727s,    000h 21m 08.626s
762,    1731,    1270357,    000h 00m 01.731s,    000h 21m 10.357s
763,    1738,    1272095,    000h 00m 01.738s,    000h 21m 12.095s
764,    1592,    1273687,    000h 00m 01.592s,    000h 21m 13.687s
765,    1657,    1275344,    000h 00m 01.657s,    000h 21m 15.344s
766,    1614,    1276958,    000h 00m 01.614s,    000h 21m 16.958s
767,    1730,    1278688,    000h 00m 01.730s,    000h 21m 18.688s
768,    1600,    1280288,    000h 00m 01.600s,    000h 21m 20.288s
769,    1722,    1282010,    000h 00m 01.722s,    000h 21m 22.010s
770,    1704,    1283714,    000h 00m 01.704s,    000h 21m 23.714s
771,    1750,    1285464,    000h 00m 01.750s,    000h 21m 25.464s
772,    1596,    1287060,    000h 00m 01.596s,    000h 21m 27.060s
773,    1732,    1288792,    000h 00m 01.732s,    000h 21m 28.792s
774,    1708,    1290500,    000h 00m 01.708s,    000h 21m 30.500s
775,    1627,    1292127,    000h 00m 01.627s,    000h 21m 32.127s
776,    1639,    1293766,    000h 00m 01.639s,    000h 21m 33.766s
777,    1584,    1295350,    000h 00m 01.584s,    000h 21m 35.350s
778,    1636,    1296986,    000h 00m 01.636s,    000h 21m 36.986s
779,    1584,    1298570,    000h 00m 01.584s,    000h 21m 38.570s
780,    1722,    1300292,    000h 00m 01.722s,    000h 21m 40.292s
781,    1565,    1301857,    000h 00m 01.565s,    000h 21m 41.857s
782,    1716,    1303573,    000h 00m 01.716s,    000h 21m 43.573s
783,    1728,    1305301,    000h 00m 01.728s,    000h 21m 45.301s
784,    1709,    1307010,    000h 00m 01.709s,    000h 21m 47.010s
785,    1586,    1308596,    000h 00m 01.586s,    000h 21m 48.596s
786,    1653,    1310249,    000h 00m 01.653s,    000h 21m 50.249s
787,    1700,    1311949,    000h 00m 01.700s,    000h 21m 51.949s
788,    1556,    1313505,    000h 00m 01.556s,    000h 21m 53.505s
789,    1658,    1315163,    000h 00m 01.658s,    000h 21m 55.163s
790,    1608,    1316771,    000h 00m 01.608s,    000h 21m 56.771s
791,    1738,    1318509,    000h 00m 01.738s,    000h 21m 58.509s
792,    1728,    1320237,    000h 00m 01.728s,    000h 22m 00.237s
793,    1727,    1321964,    000h 00m 01.727s,    000h 22m 01.964s
794,    1730,    1323694,    000h 00m 01.730s,    000h 22m 03.694s
795,    1679,    1325373,    000h 00m 01.679s,    000h 22m 05.373s
796,    1709,    1327082,    000h 00m 01.709s,    000h 22m 07.082s
797,    1598,    1328680,    000h 00m 01.598s,    000h 22m 08.680s
798,    1635,    1330315,    000h 00m 01.635s,    000h 22m 10.315s
799,    1630,    1331945,    000h 00m 01.630s,    000h 22m 11.945s
800,    1723,    1333668,    000h 00m 01.723s,    000h 22m 13.668s
801,    1635,    1335303,    000h 00m 01.635s,    000h 22m 15.303s
802,    1620,    1336923,    000h 00m 01.620s,    000h 22m 16.923s
803,    1656,    1338579,    000h 00m 01.656s,    000h 22m 18.579s
804,    1735,    1340314,    000h 00m 01.735s,    000h 22m 20.314s
805,    1598,    1341912,    000h 00m 01.598s,    000h 22m 21.912s
806,    1615,    1343527,    000h 00m 01.615s,    000h 22m 23.527s
807,    1675,    1345202,    000h 00m 01.675s,    000h 22m 25.202s
808,    1748,    1346950,    000h 00m 01.748s,    000h 22m 26.950s
809,    1642,    1348592,    000h 00m 01.642s,    000h 22m 28.592s
810,    1686,    1350278,    000h 00m 01.686s,    000h 22m 30.278s
811,    1649,    1351927,    000h 00m 01.649s,    000h 22m 31.927s
812,    1574,    1353501,    000h 00m 01.574s,    000h 22m 33.501s
813,    1596,    1355097,    000h 00m 01.596s,    000h 22m 35.097s
814,    1646,    1356743,    000h 00m 01.646s,    000h 22m 36.743s
815,    1568,    1358311,    000h 00m 01.568s,    000h 22m 38.311s
816,    1554,    1359865,    000h 00m 01.554s,    000h 22m 39.865s
817,    1703,    1361568,    000h 00m 01.703s,    000h 22m 41.568s
818,    1594,    1363162,    000h 00m 01.594s,    000h 22m 43.162s
819,    1735,    1364897,    000h 00m 01.735s,    000h 22m 44.897s
820,    1687,    1366584,    000h 00m 01.687s,    000h 22m 46.584s
821,    1586,    1368170,    000h 00m 01.586s,    000h 22m 48.170s
822,    1736,    1369906,    000h 00m 01.736s,    000h 22m 49.906s
823,    1637,    1371543,    000h 00m 01.637s,    000h 22m 51.543s
824,    1704,    1373247,    000h 00m 01.704s,    000h 22m 53.247s
825,    1702,    1374949,    000h 00m 01.702s,    000h 22m 54.949s
826,    1705,    1376654,    000h 00m 01.705s,    000h 22m 56.654s
827,    1655,    1378309,    000h 00m 01.655s,    000h 22m 58.309s
828,    1727,    1380036,    000h 00m 01.727s,    000h 23m 00.036s
829,    1739,    1381775,    000h 00m 01.739s,    000h 23m 01.775s
830,    1733,    1383508,    000h 00m 01.733s,    000h 23m 03.508s
831,    1718,    1385226,    000h 00m 01.718s,    000h 23m 05.226s
832,    1644,    1386870,    000h 00m 01.644s,    000h 23m 06.870s
833,    1723,    1388593,    000h 00m 01.723s,    000h 23m 08.593s
834,    1727,    1390320,    000h 00m 01.727s,    000h 23m 10.320s
835,    1616,    1391936,    000h 00m 01.616s,    000h 23m 11.936s
836,    1621,    1393557,    000h 00m 01.621s,    000h 23m 13.557s
837,    1593,    1395150,    000h 00m 01.593s,    000h 23m 15.150s
838,    1577,    1396727,    000h 00m 01.577s,    000h 23m 16.727s
839,    1579,    1398306,    000h 00m 01.579s,    000h 23m 18.306s
840,    1621,    1399927,    000h 00m 01.621s,    000h 23m 19.927s
841,    1639,    1401566,    000h 00m 01.639s,    000h 23m 21.566s
842,    1742,    1403308,    000h 00m 01.742s,    000h 23m 23.308s
843,    1612,    1404920,    000h 00m 01.612s,    000h 23m 24.920s
844,    1643,    1406563,    000h 00m 01.643s,    000h 23m 26.563s
845,    1558,    1408121,    000h 00m 01.558s,    000h 23m 28.121s
846,    1739,    1409860,    000h 00m 01.739s,    000h 23m 29.860s
847,    1614,    1411474,    000h 00m 01.614s,    000h 23m 31.474s
848,    1730,    1413204,    000h 00m 01.730s,    000h 23m 33.204s
849,    1599,    1414803,    000h 00m 01.599s,    000h 23m 34.803s
850,    1788,    1416591,    000h 00m 01.788s,    000h 23m 36.591s
851,    1730,    1418321,    000h 00m 01.730s,    000h 23m 38.321s
852,    1643,    1419964,    000h 00m 01.643s,    000h 23m 39.964s
853,    1608,    1421572,    000h 00m 01.608s,    000h 23m 41.572s
854,    1635,    1423207,    000h 00m 01.635s,    000h 23m 43.207s
855,    1587,    1424794,    000h 00m 01.587s,    000h 23m 44.794s
856,    1661,    1426455,    000h 00m 01.661s,    000h 23m 46.455s
857,    1742,    1428197,    000h 00m 01.742s,    000h 23m 48.197s
858,    1615,    1429812,    000h 00m 01.615s,    000h 23m 49.812s
859,    1613,    1431425,    000h 00m 01.613s,    000h 23m 51.425s
860,    1619,    1433044,    000h 00m 01.619s,    000h 23m 53.044s
861,    1739,    1434783,    000h 00m 01.739s,    000h 23m 54.783s
862,    1587,    1436370,    000h 00m 01.587s,    000h 23m 56.370s
863,    1603,    1437973,    000h 00m 01.603s,    000h 23m 57.973s
864,    1623,    1439596,    000h 00m 01.623s,    000h 23m 59.596s
865,    1629,    1441225,    000h 00m 01.629s,    000h 24m 01.225s
866,    1596,    1442821,    000h 00m 01.596s,    000h 24m 02.821s
867,    1623,    1444444,    000h 00m 01.623s,    000h 24m 04.444s
868,    1732,    1446176,    000h 00m 01.732s,    000h 24m 06.176s
869,    1619,    1447795,    000h 00m 01.619s,    000h 24m 07.795s
870,    1586,    1449381,    000h 00m 01.586s,    000h 24m 09.381s
871,    1642,    1451023,    000h 00m 01.642s,    000h 24m 11.023s
872,    1594,    1452617,    000h 00m 01.594s,    000h 24m 12.617s
873,    1710,    1454327,    000h 00m 01.710s,    000h 24m 14.327s
874,    1734,    1456061,    000h 00m 01.734s,    000h 24m 16.061s
875,    1720,    1457781,    000h 00m 01.720s,    000h 24m 17.781s
876,    1734,    1459515,    000h 00m 01.734s,    000h 24m 19.515s
877,    1691,    1461206,    000h 00m 01.691s,    000h 24m 21.206s
878,    1628,    1462834,    000h 00m 01.628s,    000h 24m 22.834s
879,    1635,    1464469,    000h 00m 01.635s,    000h 24m 24.469s
880,    1616,    1466085,    000h 00m 01.616s,    000h 24m 26.085s
881,    1580,    1467665,    000h 00m 01.580s,    000h 24m 27.665s
882,    1653,    1469318,    000h 00m 01.653s,    000h 24m 29.318s
883,    1640,    1470958,    000h 00m 01.640s,    000h 24m 30.958s
884,    1612,    1472570,    000h 00m 01.612s,    000h 24m 32.570s
885,    1630,    1474200,    000h 00m 01.630s,    000h 24m 34.200s
886,    1652,    1475852,    000h 00m 01.652s,    000h 24m 35.852s
887,    1583,    1477435,    000h 00m 01.583s,    000h 24m 37.435s
888,    1730,    1479165,    000h 00m 01.730s,    000h 24m 39.165s
889,    1750,    1480915,    000h 00m 01.750s,    000h 24m 40.915s
890,    1584,    1482499,    000h 00m 01.584s,    000h 24m 42.499s
891,    1663,    1484162,    000h 00m 01.663s,    000h 24m 44.162s
892,    1665,    1485827,    000h 00m 01.665s,    000h 24m 45.827s
893,    1739,    1487566,    000h 00m 01.739s,    000h 24m 47.566s
894,    1553,    1489119,    000h 00m 01.553s,    000h 24m 49.119s
895,    1562,    1490681,    000h 00m 01.562s,    000h 24m 50.681s
896,    1706,    1492387,    000h 00m 01.706s,    000h 24m 52.387s
897,    1582,    1493969,    000h 00m 01.582s,    000h 24m 53.969s
898,    1640,    1495609,    000h 00m 01.640s,    000h 24m 55.609s
899,    1738,    1497347,    000h 00m 01.738s,    000h 24m 57.347s
900,    1762,    1499109,    000h 00m 01.762s,    000h 24m 59.109s
901,    1633,    1500742,    000h 00m 01.633s,    000h 25m 00.742s
902,    1705,    1502447,    000h 00m 01.705s,    000h 25m 02.447s
903,    1730,    1504177,    000h 00m 01.730s,    000h 25m 04.177s
904,    1737,    1505914,    000h 00m 01.737s,    000h 25m 05.914s
905,    1677,    1507591,    000h 00m 01.677s,    000h 25m 07.591s
906,    1732,    1509323,    000h 00m 01.732s,    000h 25m 09.323s
907,    1644,    1510967,    000h 00m 01.644s,    000h 25m 10.967s
908,    1519,    1512486,    000h 00m 01.519s,    000h 25m 12.486s
909,    1693,    1514179,    000h 00m 01.693s,    000h 25m 14.179s
910,    1613,    1515792,    000h 00m 01.613s,    000h 25m 15.792s
911,    1488,    1517280,    000h 00m 01.488s,    000h 25m 17.280s
912,    1589,    1518869,    000h 00m 01.589s,    000h 25m 18.869s
913,    1613,    1520482,    000h 00m 01.613s,    000h 25m 20.482s
914,    1740,    1522222,    000h 00m 01.740s,    000h 25m 22.222s
915,    1722,    1523944,    000h 00m 01.722s,    000h 25m 23.944s
916,    1750,    1525694,    000h 00m 01.750s,    000h 25m 25.694s
917,    1659,    1527353,    000h 00m 01.659s,    000h 25m 27.353s
918,    1652,    1529005,    000h 00m 01.652s,    000h 25m 29.005s
919,    1728,    1530733,    000h 00m 01.728s,    000h 25m 30.733s
920,    1696,    1532429,    000h 00m 01.696s,    000h 25m 32.429s
921,    1575,    1534004,    000h 00m 01.575s,    000h 25m 34.004s
922,    1731,    1535735,    000h 00m 01.731s,    000h 25m 35.735s
923,    1618,    1537353,    000h 00m 01.618s,    000h 25m 37.353s
924,    1641,    1538994,    000h 00m 01.641s,    000h 25m 38.994s
925,    1747,    1540741,    000h 00m 01.747s,    000h 25m 40.741s
926,    1611,    1542352,    000h 00m 01.611s,    000h 25m 42.352s
927,    1609,    1543961,    000h 00m 01.609s,    000h 25m 43.961s
928,    1707,    1545668,    000h 00m 01.707s,    000h 25m 45.668s
929,    1695,    1547363,    000h 00m 01.695s,    000h 25m 47.363s
930,    1647,    1549010,    000h 00m 01.647s,    000h 25m 49.010s
931,    1662,    1550672,    000h 00m 01.662s,    000h 25m 50.672s
932,    1702,    1552374,    000h 00m 01.702s,    000h 25m 52.374s
933,    1560,    1553934,    000h 00m 01.560s,    000h 25m 53.934s
934,    1593,    1555527,    000h 00m 01.593s,    000h 25m 55.527s
935,    1648,    1557175,    000h 00m 01.648s,    000h 25m 57.175s
936,    1709,    1558884,    000h 00m 01.709s,    000h 25m 58.884s
937,    1736,    1560620,    000h 00m 01.736s,    000h 26m 00.620s
938,    1621,    1562241,    000h 00m 01.621s,    000h 26m 02.241s
939,    1640,    1563881,    000h 00m 01.640s,    000h 26m 03.881s
940,    1718,    1565599,    000h 00m 01.718s,    000h 26m 05.599s
941,    1702,    1567301,    000h 00m 01.702s,    000h 26m 07.301s
942,    1570,    1568871,    000h 00m 01.570s,    000h 26m 08.871s
943,    1566,    1570437,    000h 00m 01.566s,    000h 26m 10.437s
944,    1562,    1571999,    000h 00m 01.562s,    000h 26m 11.999s
945,    1703,    1573702,    000h 00m 01.703s,    000h 26m 13.702s
946,    1721,    1575423,    000h 00m 01.721s,    000h 26m 15.423s
947,    1704,    1577127,    000h 00m 01.704s,    000h 26m 17.127s
948,    1571,    1578698,    000h 00m 01.571s,    000h 26m 18.698s
949,    1714,    1580412,    000h 00m 01.714s,    000h 26m 20.412s
950,    1733,    1582145,    000h 00m 01.733s,    000h 26m 22.145s
951,    1603,    1583748,    000h 00m 01.603s,    000h 26m 23.748s
952,    1716,    1585464,    000h 00m 01.716s,    000h 26m 25.464s
953,    1661,    1587125,    000h 00m 01.661s,    000h 26m 27.125s
954,    1725,    1588850,    000h 00m 01.725s,    000h 26m 28.850s
955,    1745,    1590595,    000h 00m 01.745s,    000h 26m 30.595s
956,    1573,    1592168,    000h 00m 01.573s,    000h 26m 32.168s
957,    1724,    1593892,    000h 00m 01.724s,    000h 26m 33.892s
958,    1531,    1595423,    000h 00m 01.531s,    000h 26m 35.423s
959,    1707,    1597130,    000h 00m 01.707s,    000h 26m 37.130s
960,    1736,    1598866,    000h 00m 01.736s,    000h 26m 38.866s
961,    1631,    1600497,    000h 00m 01.631s,    000h 26m 40.497s
962,    1634,    1602131,    000h 00m 01.634s,    000h 26m 42.131s
963,    1732,    1603863,    000h 00m 01.732s,    000h 26m 43.863s
964,    1681,    1605544,    000h 00m 01.681s,    000h 26m 45.544s
965,    1624,    1607168,    000h 00m 01.624s,    000h 26m 47.168s
966,    1726,    1608894,    000h 00m 01.726s,    000h 26m 48.894s
967,    1577,    1610471,    000h 00m 01.577s,    000h 26m 50.471s
968,    1696,    1612167,    000h 00m 01.696s,    000h 26m 52.167s
969,    1489,    1613656,    000h 00m 01.489s,    000h 26m 53.656s
970,    1738,    1615394,    000h 00m 01.738s,    000h 26m 55.394s
971,    1724,    1617118,    000h 00m 01.724s,    000h 26m 57.118s
972,    1601,    1618719,    000h 00m 01.601s,    000h 26m 58.719s
973,    1731,    1620450,    000h 00m 01.731s,    000h 27m 00.450s
974,    1671,    1622121,    000h 00m 01.671s,    000h 27m 02.121s
975,    1598,    1623719,    000h 00m 01.598s,    000h 27m 03.719s
976,    1560,    1625279,    000h 00m 01.560s,    000h 27m 05.279s
977,    1762,    1627041,    000h 00m 01.762s,    000h 27m 07.041s
978,    1599,    1628640,    000h 00m 01.599s,    000h 27m 08.640s
979,    1741,    1630381,    000h 00m 01.741s,    000h 27m 10.381s
980,    1617,    1631998,    000h 00m 01.617s,    000h 27m 11.998s
981,    1588,    1633586,    000h 00m 01.588s,    000h 27m 13.586s
982,    1633,    1635219,    000h 00m 01.633s,    000h 27m 15.219s
983,    1677,    1636896,    000h 00m 01.677s,    000h 27m 16.896s
984,    1627,    1638523,    000h 00m 01.627s,    000h 27m 18.523s
985,    1639,    1640162,    000h 00m 01.639s,    000h 27m 20.162s
986,    1640,    1641802,    000h 00m 01.640s,    000h 27m 21.802s
987,    1717,    1643519,    000h 00m 01.717s,    000h 27m 23.519s
988,    1662,    1645181,    000h 00m 01.662s,    000h 27m 25.181s
989,    1631,    1646812,    000h 00m 01.631s,    000h 27m 26.812s
990,    1606,    1648418,    000h 00m 01.606s,    000h 27m 28.418s
991,    1626,    1650044,    000h 00m 01.626s,    000h 27m 30.044s
992,    1654,    1651698,    000h 00m 01.654s,    000h 27m 31.698s
993,    1691,    1653389,    000h 00m 01.691s,    000h 27m 33.389s
994,    1750,    1655139,    000h 00m 01.750s,    000h 27m 35.139s
995,    1693,    1656832,    000h 00m 01.693s,    000h 27m 36.832s
996,    1702,    1658534,    000h 00m 01.702s,    000h 27m 38.534s
997,    1739,    1660273,    000h 00m 01.739s,    000h 27m 40.273s
998,    1593,    1661866,    000h 00m 01.593s,    000h 27m 41.866s
999,    1707,    1663573,    000h 00m 01.707s,    000h 27m 43.573s
1000,    1708,    1665281,    000h 00m 01.708s,    000h 27m 45.281s
1001,    1587,    1666868,    000h 00m 01.587s,    000h 27m 46.868s
1002,    1634,    1668502,    000h 00m 01.634s,    000h 27m 48.502s
1003,    1747,    1670249,    000h 00m 01.747s,    000h 27m 50.249s
1004,    1673,    1671922,    000h 00m 01.673s,    000h 27m 51.922s
1005,    1711,    1673633,    000h 00m 01.711s,    000h 27m 53.633s
1006,    1737,    1675370,    000h 00m 01.737s,    000h 27m 55.370s
1007,    1633,    1677003,    000h 00m 01.633s,    000h 27m 57.003s
1008,    1646,    1678649,    000h 00m 01.646s,    000h 27m 58.649s
1009,    1659,    1680308,    000h 00m 01.659s,    000h 28m 00.308s
1010,    1680,    1681988,    000h 00m 01.680s,    000h 28m 01.988s
1011,    1565,    1683553,    000h 00m 01.565s,    000h 28m 03.553s
1012,    1724,    1685277,    000h 00m 01.724s,    000h 28m 05.277s
1013,    1718,    1686995,    000h 00m 01.718s,    000h 28m 06.995s
1014,    1745,    1688740,    000h 00m 01.745s,    000h 28m 08.740s
1015,    1617,    1690357,    000h 00m 01.617s,    000h 28m 10.357s
1016,    1620,    1691977,    000h 00m 01.620s,    000h 28m 11.977s
1017,    1637,    1693614,    000h 00m 01.637s,    000h 28m 13.614s
1018,    1571,    1695185,    000h 00m 01.571s,    000h 28m 15.185s
1019,    1515,    1696700,    000h 00m 01.515s,    000h 28m 16.700s
1020,    1711,    1698411,    000h 00m 01.711s,    000h 28m 18.411s
1021,    1637,    1700048,    000h 00m 01.637s,    000h 28m 20.048s
1022,    1587,    1701635,    000h 00m 01.587s,    000h 28m 21.635s
1023,    1723,    1703358,    000h 00m 01.723s,    000h 28m 23.358s
1024,    1588,    1704946,    000h 00m 01.588s,    000h 28m 24.946s
1025,    1746,    1706692,    000h 00m 01.746s,    000h 28m 26.692s
