pass,    time (ms),    total time (ms),    time,     total_time
1,    1623,    1623,    000h 00m 01.623s,    000h 00m 01.623s
2,    1600,    3223,    000h 00m 01.600s,    000h 00m 03.223s
3,    1633,    4856,    000h 00m 01.633s,    000h 00m 04.856s
4,    1643,    6499,    000h 00m 01.643s,    000h 00m 06.499s
5,    1618,    8117,    000h 00m 01.618s,    000h 00m 08.117s
6,    1598,    9715,    000h 00m 01.598s,    000h 00m 09.715s
7,    1631,    11346,    000h 00m 01.631s,    000h 00m 11.346s
8,    1656,    13002,    000h 00m 01.656s,    000h 00m 13.002s
9,    1643,    14645,    000h 00m 01.643s,    000h 00m 14.645s
10,    1625,    16270,    000h 00m 01.625s,    000h 00m 16.270s
11,    1593,    17863,    000h 00m 01.593s,    000h 00m 17.863s
12,    1602,    19465,    000h 00m 01.602s,    000h 00m 19.465s
13,    1635,    21100,    000h 00m 01.635s,    000h 00m 21.100s
14,    1652,    22752,    000h 00m 01.652s,    000h 00m 22.752s
15,    1614,    24366,    000h 00m 01.614s,    000h 00m 24.366s
16,    1500,    25866,    000h 00m 01.500s,    000h 00m 25.866s
17,    1598,    27464,    000h 00m 01.598s,    000h 00m 27.464s
18,    1510,    28974,    000h 00m 01.510s,    000h 00m 28.974s
19,    1628,    30602,    000h 00m 01.628s,    000h 00m 30.602s
20,    1619,    32221,    000h 00m 01.619s,    000h 00m 32.221s
21,    1643,    33864,    000h 00m 01.643s,    000h 00m 33.864s
22,    1587,    35451,    000h 00m 01.587s,    000h 00m 35.451s
23,    1612,    37063,    000h 00m 01.612s,    000h 00m 37.063s
24,    1523,    38586,    000h 00m 01.523s,    000h 00m 38.586s
25,    1604,    40190,    000h 00m 01.604s,    000h 00m 40.190s
26,    1622,    41812,    000h 00m 01.622s,    000h 00m 41.812s
27,    1654,    43466,    000h 00m 01.654s,    000h 00m 43.466s
28,    1512,    44978,    000h 00m 01.512s,    000h 00m 44.978s
29,    1637,    46615,    000h 00m 01.637s,    000h 00m 46.615s
30,    1652,    48267,    000h 00m 01.652s,    000h 00m 48.267s
31,    1611,    49878,    000h 00m 01.611s,    000h 00m 49.878s
32,    1578,    51456,    000h 00m 01.578s,    000h 00m 51.456s
33,    1560,    53016,    000h 00m 01.560s,    000h 00m 53.016s
34,    1641,    54657,    000h 00m 01.641s,    000h 00m 54.657s
35,    1626,    56283,    000h 00m 01.626s,    000h 00m 56.283s
36,    1625,    57908,    000h 00m 01.625s,    000h 00m 57.908s
37,    1638,    59546,    000h 00m 01.638s,    000h 00m 59.546s
38,    1621,    61167,    000h 00m 01.621s,    000h 01m 01.167s
39,    1638,    62805,    000h 00m 01.638s,    000h 01m 02.805s
40,    1589,    64394,    000h 00m 01.589s,    000h 01m 04.394s
41,    1630,    66024,    000h 00m 01.630s,    000h 01m 06.024s
42,    1548,    67572,    000h 00m 01.548s,    000h 01m 07.572s
43,    1531,    69103,    000h 00m 01.531s,    000h 01m 09.103s
44,    1633,    70736,    000h 00m 01.633s,    000h 01m 10.736s
45,    1558,    72294,    000h 00m 01.558s,    000h 01m 12.294s
46,    1636,    73930,    000h 00m 01.636s,    000h 01m 13.930s
47,    1548,    75478,    000h 00m 01.548s,    000h 01m 15.478s
48,    1504,    76982,    000h 00m 01.504s,    000h 01m 16.982s
49,    1609,    78591,    000h 00m 01.609s,    000h 01m 18.591s
50,    1529,    80120,    000h 00m 01.529s,    000h 01m 20.120s
51,    1609,    81729,    000h 00m 01.609s,    000h 01m 21.729s
52,    1621,    83350,    000h 00m 01.621s,    000h 01m 23.350s
53,    1631,    84981,    000h 00m 01.631s,    000h 01m 24.981s
54,    1506,    86487,    000h 00m 01.506s,    000h 01m 26.487s
55,    1588,    88075,    000h 00m 01.588s,    000h 01m 28.075s
56,    1583,    89658,    000h 00m 01.583s,    000h 01m 29.658s
57,    1641,    91299,    000h 00m 01.641s,    000h 01m 31.299s
58,    1617,    92916,    000h 00m 01.617s,    000h 01m 32.916s
59,    1588,    94504,    000h 00m 01.588s,    000h 01m 34.504s
60,    1623,    96127,    000h 00m 01.623s,    000h 01m 36.127s
61,    1685,    97812,    000h 00m 01.685s,    000h 01m 37.812s
62,    1887,    99699,    000h 00m 01.887s,    000h 01m 39.699s
63,    1872,    101571,    000h 00m 01.872s,    000h 01m 41.571s
64,    1633,    103204,    000h 00m 01.633s,    000h 01m 43.204s
65,    1544,    104748,    000h 00m 01.544s,    000h 01m 44.748s
66,    1586,    106334,    000h 00m 01.586s,    000h 01m 46.334s
67,    1553,    107887,    000h 00m 01.553s,    000h 01m 47.887s
68,    1620,    109507,    000h 00m 01.620s,    000h 01m 49.507s
69,    1624,    111131,    000h 00m 01.624s,    000h 01m 51.131s
70,    1618,    112749,    000h 00m 01.618s,    000h 01m 52.749s
71,    1561,    114310,    000h 00m 01.561s,    000h 01m 54.310s
72,    1683,    115993,    000h 00m 01.683s,    000h 01m 55.993s
73,    1597,    117590,    000h 00m 01.597s,    000h 01m 57.590s
74,    1603,    119193,    000h 00m 01.603s,    000h 01m 59.193s
75,    1573,    120766,    000h 00m 01.573s,    000h 02m 00.766s
76,    1575,    122341,    000h 00m 01.575s,    000h 02m 02.341s
77,    1569,    123910,    000h 00m 01.569s,    000h 02m 03.910s
78,    1615,    125525,    000h 00m 01.615s,    000h 02m 05.525s
79,    1632,    127157,    000h 00m 01.632s,    000h 02m 07.157s
80,    1635,    128792,    000h 00m 01.635s,    000h 02m 08.792s
81,    1643,    130435,    000h 00m 01.643s,    000h 02m 10.435s
82,    1657,    132092,    000h 00m 01.657s,    000h 02m 12.092s
83,    1500,    133592,    000h 00m 01.500s,    000h 02m 13.592s
84,    1646,    135238,    000h 00m 01.646s,    000h 02m 15.238s
85,    1497,    136735,    000h 00m 01.497s,    000h 02m 16.735s
86,    1619,    138354,    000h 00m 01.619s,    000h 02m 18.354s
87,    1587,    139941,    000h 00m 01.587s,    000h 02m 19.941s
88,    1536,    141477,    000h 00m 01.536s,    000h 02m 21.477s
89,    1511,    142988,    000h 00m 01.511s,    000h 02m 22.988s
90,    1584,    144572,    000h 00m 01.584s,    000h 02m 24.572s
91,    1660,    146232,    000h 00m 01.660s,    000h 02m 26.232s
92,    1506,    147738,    000h 00m 01.506s,    000h 02m 27.738s
93,    1622,    149360,    000h 00m 01.622s,    000h 02m 29.360s
94,    1557,    150917,    000h 00m 01.557s,    000h 02m 30.917s
95,    1527,    152444,    000h 00m 01.527s,    000h 02m 32.444s
96,    1636,    154080,    000h 00m 01.636s,    000h 02m 34.080s
97,    1576,    155656,    000h 00m 01.576s,    000h 02m 35.656s
98,    1544,    157200,    000h 00m 01.544s,    000h 02m 37.200s
99,    1609,    158809,    000h 00m 01.609s,    000h 02m 38.809s
100,    1591,    160400,    000h 00m 01.591s,    000h 02m 40.400s
101,    1670,    162070,    000h 00m 01.670s,    000h 02m 42.070s
102,    1555,    163625,    000h 00m 01.555s,    000h 02m 43.625s
103,    1629,    165254,    000h 00m 01.629s,    000h 02m 45.254s
104,    1616,    166870,    000h 00m 01.616s,    000h 02m 46.870s
105,    1669,    168539,    000h 00m 01.669s,    000h 02m 48.539s
106,    1596,    170135,    000h 00m 01.596s,    000h 02m 50.135s
107,    1589,    171724,    000h 00m 01.589s,    000h 02m 51.724s
108,    1626,    173350,    000h 00m 01.626s,    000h 02m 53.350s
109,    1616,    174966,    000h 00m 01.616s,    000h 02m 54.966s
110,    1619,    176585,    000h 00m 01.619s,    000h 02m 56.585s
111,    1616,    178201,    000h 00m 01.616s,    000h 02m 58.201s
112,    1642,    179843,    000h 00m 01.642s,    000h 02m 59.843s
113,    1622,    181465,    000h 00m 01.622s,    000h 03m 01.465s
114,    1597,    183062,    000h 00m 01.597s,    000h 03m 03.062s
115,    1646,    184708,    000h 00m 01.646s,    000h 03m 04.708s
116,    1551,    186259,    000h 00m 01.551s,    000h 03m 06.259s
117,    1617,    187876,    000h 00m 01.617s,    000h 03m 07.876s
118,    1630,    189506,    000h 00m 01.630s,    000h 03m 09.506s
119,    1578,    191084,    000h 00m 01.578s,    000h 03m 11.084s
120,    1557,    192641,    000h 00m 01.557s,    000h 03m 12.641s
121,    1587,    194228,    000h 00m 01.587s,    000h 03m 14.228s
122,    1580,    195808,    000h 00m 01.580s,    000h 03m 15.808s
123,    1610,    197418,    000h 00m 01.610s,    000h 03m 17.418s
124,    1706,    199124,    000h 00m 01.706s,    000h 03m 19.124s
125,    1642,    200766,    000h 00m 01.642s,    000h 03m 20.766s
126,    1598,    202364,    000h 00m 01.598s,    000h 03m 22.364s
127,    1616,    203980,    000h 00m 01.616s,    000h 03m 23.980s
128,    1593,    205573,    000h 00m 01.593s,    000h 03m 25.573s
129,    1650,    207223,    000h 00m 01.650s,    000h 03m 27.223s
130,    1624,    208847,    000h 00m 01.624s,    000h 03m 28.847s
131,    1587,    210434,    000h 00m 01.587s,    000h 03m 30.434s
132,    1603,    212037,    000h 00m 01.603s,    000h 03m 32.037s
133,    1628,    213665,    000h 00m 01.628s,    000h 03m 33.665s
134,    1526,    215191,    000h 00m 01.526s,    000h 03m 35.191s
135,    1606,    216797,    000h 00m 01.606s,    000h 03m 36.797s
136,    1611,    218408,    000h 00m 01.611s,    000h 03m 38.408s
137,    1588,    219996,    000h 00m 01.588s,    000h 03m 39.996s
138,    1533,    221529,    000h 00m 01.533s,    000h 03m 41.529s
139,    1616,    223145,    000h 00m 01.616s,    000h 03m 43.145s
140,    1622,    224767,    000h 00m 01.622s,    000h 03m 44.767s
141,    1589,    226356,    000h 00m 01.589s,    000h 03m 46.356s
142,    1629,    227985,    000h 00m 01.629s,    000h 03m 47.985s
143,    1672,    229657,    000h 00m 01.672s,    000h 03m 49.657s
144,    1604,    231261,    000h 00m 01.604s,    000h 03m 51.261s
145,    1637,    232898,    000h 00m 01.637s,    000h 03m 52.898s
146,    1611,    234509,    000h 00m 01.611s,    000h 03m 54.509s
147,    1605,    236114,    000h 00m 01.605s,    000h 03m 56.114s
148,    1623,    237737,    000h 00m 01.623s,    000h 03m 57.737s
149,    1575,    239312,    000h 00m 01.575s,    000h 03m 59.312s
150,    1599,    240911,    000h 00m 01.599s,    000h 04m 00.911s
151,    1572,    242483,    000h 00m 01.572s,    000h 04m 02.483s
152,    1675,    244158,    000h 00m 01.675s,    000h 04m 04.158s
153,    1618,    245776,    000h 00m 01.618s,    000h 04m 05.776s
154,    1597,    247373,    000h 00m 01.597s,    000h 04m 07.373s
155,    1586,    248959,    000h 00m 01.586s,    000h 04m 08.959s
156,    1657,    250616,    000h 00m 01.657s,    000h 04m 10.616s
157,    1573,    252189,    000h 00m 01.573s,    000h 04m 12.189s
158,    1588,    253777,    000h 00m 01.588s,    000h 04m 13.777s
159,    1598,    255375,    000h 00m 01.598s,    000h 04m 15.375s
160,    1616,    256991,    000h 00m 01.616s,    000h 04m 16.991s
161,    1568,    258559,    000h 00m 01.568s,    000h 04m 18.559s
162,    1530,    260089,    000h 00m 01.530s,    000h 04m 20.089s
163,    1541,    261630,    000h 00m 01.541s,    000h 04m 21.630s
164,    1605,    263235,    000h 00m 01.605s,    000h 04m 23.235s
165,    1547,    264782,    000h 00m 01.547s,    000h 04m 24.782s
166,    1627,    266409,    000h 00m 01.627s,    000h 04m 26.409s
167,    1705,    268114,    000h 00m 01.705s,    000h 04m 28.114s
168,    1634,    269748,    000h 00m 01.634s,    000h 04m 29.748s
169,    1592,    271340,    000h 00m 01.592s,    000h 04m 31.340s
170,    1640,    272980,    000h 00m 01.640s,    000h 04m 32.980s
171,    1560,    274540,    000h 00m 01.560s,    000h 04m 34.540s
172,    1588,    276128,    000h 00m 01.588s,    000h 04m 36.128s
173,    1607,    277735,    000h 00m 01.607s,    000h 04m 37.735s
174,    1647,    279382,    000h 00m 01.647s,    000h 04m 39.382s
175,    1561,    280943,    000h 00m 01.561s,    000h 04m 40.943s
176,    1602,    282545,    000h 00m 01.602s,    000h 04m 42.545s
177,    1642,    284187,    000h 00m 01.642s,    000h 04m 44.187s
178,    1633,    285820,    000h 00m 01.633s,    000h 04m 45.820s
179,    1632,    287452,    000h 00m 01.632s,    000h 04m 47.452s
180,    1604,    289056,    000h 00m 01.604s,    000h 04m 49.056s
181,    1619,    290675,    000h 00m 01.619s,    000h 04m 50.675s
182,    1596,    292271,    000h 00m 01.596s,    000h 04m 52.271s
183,    1594,    293865,    000h 00m 01.594s,    000h 04m 53.865s
184,    1567,    295432,    000h 00m 01.567s,    000h 04m 55.432s
185,    1523,    296955,    000h 00m 01.523s,    000h 04m 56.955s
186,    1588,    298543,    000h 00m 01.588s,    000h 04m 58.543s
187,    1532,    300075,    000h 00m 01.532s,    000h 05m 00.075s
188,    1641,    301716,    000h 00m 01.641s,    000h 05m 01.716s
189,    1641,    303357,    000h 00m 01.641s,    000h 05m 03.357s
190,    1612,    304969,    000h 00m 01.612s,    000h 05m 04.969s
191,    1562,    306531,    000h 00m 01.562s,    000h 05m 06.531s
192,    1659,    308190,    000h 00m 01.659s,    000h 05m 08.190s
193,    1677,    309867,    000h 00m 01.677s,    000h 05m 09.867s
194,    1661,    311528,    000h 00m 01.661s,    000h 05m 11.528s
195,    1557,    313085,    000h 00m 01.557s,    000h 05m 13.085s
196,    1575,    314660,    000h 00m 01.575s,    000h 05m 14.660s
197,    1584,    316244,    000h 00m 01.584s,    000h 05m 16.244s
198,    1655,    317899,    000h 00m 01.655s,    000h 05m 17.899s
199,    1624,    319523,    000h 00m 01.624s,    000h 05m 19.523s
200,    1594,    321117,    000h 00m 01.594s,    000h 05m 21.117s
201,    1583,    322700,    000h 00m 01.583s,    000h 05m 22.700s
202,    1565,    324265,    000h 00m 01.565s,    000h 05m 24.265s
203,    1600,    325865,    000h 00m 01.600s,    000h 05m 25.865s
204,    1601,    327466,    000h 00m 01.601s,    000h 05m 27.466s
205,    1518,    328984,    000h 00m 01.518s,    000h 05m 28.984s
206,    1653,    330637,    000h 00m 01.653s,    000h 05m 30.637s
207,    1642,    332279,    000h 00m 01.642s,    000h 05m 32.279s
208,    1581,    333860,    000h 00m 01.581s,    000h 05m 33.860s
209,    1647,    335507,    000h 00m 01.647s,    000h 05m 35.507s
210,    1539,    337046,    000h 00m 01.539s,    000h 05m 37.046s
211,    1633,    338679,    000h 00m 01.633s,    000h 05m 38.679s
212,    1604,    340283,    000h 00m 01.604s,    000h 05m 40.283s
213,    1585,    341868,    000h 00m 01.585s,    000h 05m 41.868s
214,    1675,    343543,    000h 00m 01.675s,    000h 05m 43.543s
215,    1606,    345149,    000h 00m 01.606s,    000h 05m 45.149s
216,    1668,    346817,    000h 00m 01.668s,    000h 05m 46.817s
217,    1631,    348448,    000h 00m 01.631s,    000h 05m 48.448s
218,    1628,    350076,    000h 00m 01.628s,    000h 05m 50.076s
219,    1621,    351697,    000h 00m 01.621s,    000h 05m 51.697s
220,    1612,    353309,    000h 00m 01.612s,    000h 05m 53.309s
221,    1601,    354910,    000h 00m 01.601s,    000h 05m 54.910s
222,    1659,    356569,    000h 00m 01.659s,    000h 05m 56.569s
223,    1603,    358172,    000h 00m 01.603s,    000h 05m 58.172s
224,    1563,    359735,    000h 00m 01.563s,    000h 05m 59.735s
225,    1608,    361343,    000h 00m 01.608s,    000h 06m 01.343s
226,    1632,    362975,    000h 00m 01.632s,    000h 06m 02.975s
227,    1586,    364561,    000h 00m 01.586s,    000h 06m 04.561s
228,    1639,    366200,    000h 00m 01.639s,    000h 06m 06.200s
229,    1611,    367811,    000h 00m 01.611s,    000h 06m 07.811s
230,    1567,    369378,    000h 00m 01.567s,    000h 06m 09.378s
231,    1611,    370989,    000h 00m 01.611s,    000h 06m 10.989s
232,    1558,    372547,    000h 00m 01.558s,    000h 06m 12.547s
233,    1607,    374154,    000h 00m 01.607s,    000h 06m 14.154s
234,    1648,    375802,    000h 00m 01.648s,    000h 06m 15.802s
235,    1597,    377399,    000h 00m 01.597s,    000h 06m 17.399s
236,    1615,    379014,    000h 00m 01.615s,    000h 06m 19.014s
237,    1618,    380632,    000h 00m 01.618s,    000h 06m 20.632s
238,    1600,    382232,    000h 00m 01.600s,    000h 06m 22.232s
239,    1622,    383854,    000h 00m 01.622s,    000h 06m 23.854s
240,    1625,    385479,    000h 00m 01.625s,    000h 06m 25.479s
241,    1595,    387074,    000h 00m 01.595s,    000h 06m 27.074s
242,    1555,    388629,    000h 00m 01.555s,    000h 06m 28.629s
243,    1599,    390228,    000h 00m 01.599s,    000h 06m 30.228s
244,    1619,    391847,    000h 00m 01.619s,    000h 06m 31.847s
245,    1609,    393456,    000h 00m 01.609s,    000h 06m 33.456s
246,    1612,    395068,    000h 00m 01.612s,    000h 06m 35.068s
247,    1626,    396694,    000h 00m 01.626s,    000h 06m 36.694s
248,    1570,    398264,    000h 00m 01.570s,    000h 06m 38.264s
249,    1621,    399885,    000h 00m 01.621s,    000h 06m 39.885s
250,    1623,    401508,    000h 00m 01.623s,    000h 06m 41.508s
251,    1595,    403103,    000h 00m 01.595s,    000h 06m 43.103s
252,    1643,    404746,    000h 00m 01.643s,    000h 06m 44.746s
253,    1574,    406320,    000h 00m 01.574s,    000h 06m 46.320s
254,    1634,    407954,    000h 00m 01.634s,    000h 06m 47.954s
255,    1598,    409552,    000h 00m 01.598s,    000h 06m 49.552s
256,    1632,    411184,    000h 00m 01.632s,    000h 06m 51.184s
257,    1621,    412805,    000h 00m 01.621s,    000h 06m 52.805s
258,    1624,    414429,    000h 00m 01.624s,    000h 06m 54.429s
259,    1638,    416067,    000h 00m 01.638s,    000h 06m 56.067s
260,    1589,    417656,    000h 00m 01.589s,    000h 06m 57.656s
261,    1661,    419317,    000h 00m 01.661s,    000h 06m 59.317s
262,    1616,    420933,    000h 00m 01.616s,    000h 07m 00.933s
263,    1557,    422490,    000h 00m 01.557s,    000h 07m 02.490s
264,    1588,    424078,    000h 00m 01.588s,    000h 07m 04.078s
265,    1623,    425701,    000h 00m 01.623s,    000h 07m 05.701s
266,    1615,    427316,    000h 00m 01.615s,    000h 07m 07.316s
267,    1618,    428934,    000h 00m 01.618s,    000h 07m 08.934s
268,    1590,    430524,    000h 00m 01.590s,    000h 07m 10.524s
269,    1630,    432154,    000h 00m 01.630s,    000h 07m 12.154s
270,    1525,    433679,    000h 00m 01.525s,    000h 07m 13.679s
271,    1591,    435270,    000h 00m 01.591s,    000h 07m 15.270s
272,    1591,    436861,    000h 00m 01.591s,    000h 07m 16.861s
273,    1572,    438433,    000h 00m 01.572s,    000h 07m 18.433s
274,    1623,    440056,    000h 00m 01.623s,    000h 07m 20.056s
275,    1638,    441694,    000h 00m 01.638s,    000h 07m 21.694s
276,    1611,    443305,    000h 00m 01.611s,    000h 07m 23.305s
277,    1587,    444892,    000h 00m 01.587s,    000h 07m 24.892s
278,    1631,    446523,    000h 00m 01.631s,    000h 07m 26.523s
279,    1614,    448137,    000h 00m 01.614s,    000h 07m 28.137s
280,    1566,    449703,    000h 00m 01.566s,    000h 07m 29.703s
281,    1593,    451296,    000h 00m 01.593s,    000h 07m 31.296s
282,    1567,    452863,    000h 00m 01.567s,    000h 07m 32.863s
283,    1529,    454392,    000h 00m 01.529s,    000h 07m 34.392s
284,    1640,    456032,    000h 00m 01.640s,    000h 07m 36.032s
285,    1599,    457631,    000h 00m 01.599s,    000h 07m 37.631s
286,    1626,    459257,    000h 00m 01.626s,    000h 07m 39.257s
287,    1613,    460870,    000h 00m 01.613s,    000h 07m 40.870s
288,    1640,    462510,    000h 00m 01.640s,    000h 07m 42.510s
289,    1631,    464141,    000h 00m 01.631s,    000h 07m 44.141s
290,    1724,    465865,    000h 00m 01.724s,    000h 07m 45.865s
291,    1630,    467495,    000h 00m 01.630s,    000h 07m 47.495s
292,    1546,    469041,    000h 00m 01.546s,    000h 07m 49.041s
293,    1630,    470671,    000h 00m 01.630s,    000h 07m 50.671s
294,    1613,    472284,    000h 00m 01.613s,    000h 07m 52.284s
295,    1607,    473891,    000h 00m 01.607s,    000h 07m 53.891s
296,    1643,    475534,    000h 00m 01.643s,    000h 07m 55.534s
297,    1576,    477110,    000h 00m 01.576s,    000h 07m 57.110s
298,    1646,    478756,    000h 00m 01.646s,    000h 07m 58.756s
299,    1671,    480427,    000h 00m 01.671s,    000h 08m 00.427s
300,    1623,    482050,    000h 00m 01.623s,    000h 08m 02.050s
301,    1632,    483682,    000h 00m 01.632s,    000h 08m 03.682s
302,    1580,    485262,    000h 00m 01.580s,    000h 08m 05.262s
303,    1599,    486861,    000h 00m 01.599s,    000h 08m 06.861s
304,    1633,    488494,    000h 00m 01.633s,    000h 08m 08.494s
305,    1561,    490055,    000h 00m 01.561s,    000h 08m 10.055s
306,    1562,    491617,    000h 00m 01.562s,    000h 08m 11.617s
307,    1589,    493206,    000h 00m 01.589s,    000h 08m 13.206s
308,    1600,    494806,    000h 00m 01.600s,    000h 08m 14.806s
309,    1606,    496412,    000h 00m 01.606s,    000h 08m 16.412s
310,    1607,    498019,    000h 00m 01.607s,    000h 08m 18.019s
311,    1623,    499642,    000h 00m 01.623s,    000h 08m 19.642s
312,    1555,    501197,    000h 00m 01.555s,    000h 08m 21.197s
313,    1619,    502816,    000h 00m 01.619s,    000h 08m 22.816s
314,    1570,    504386,    000h 00m 01.570s,    000h 08m 24.386s
315,    1609,    505995,    000h 00m 01.609s,    000h 08m 25.995s
316,    1604,    507599,    000h 00m 01.604s,    000h 08m 27.599s
317,    1598,    509197,    000h 00m 01.598s,    000h 08m 29.197s
318,    1576,    510773,    000h 00m 01.576s,    000h 08m 30.773s
319,    1704,    512477,    000h 00m 01.704s,    000h 08m 32.477s
320,    1557,    514034,    000h 00m 01.557s,    000h 08m 34.034s
321,    1646,    515680,    000h 00m 01.646s,    000h 08m 35.680s
322,    1611,    517291,    000h 00m 01.611s,    000h 08m 37.291s
323,    1621,    518912,    000h 00m 01.621s,    000h 08m 38.912s
324,    1608,    520520,    000h 00m 01.608s,    000h 08m 40.520s
325,    1556,    522076,    000h 00m 01.556s,    000h 08m 42.076s
326,    1686,    523762,    000h 00m 01.686s,    000h 08m 43.762s
327,    1621,    525383,    000h 00m 01.621s,    000h 08m 45.383s
328,    1574,    526957,    000h 00m 01.574s,    000h 08m 46.957s
329,    1722,    528679,    000h 00m 01.722s,    000h 08m 48.679s
330,    1606,    530285,    000h 00m 01.606s,    000h 08m 50.285s
331,    1594,    531879,    000h 00m 01.594s,    000h 08m 51.879s
332,    1621,    533500,    000h 00m 01.621s,    000h 08m 53.500s
333,    1622,    535122,    000h 00m 01.622s,    000h 08m 55.122s
334,    1644,    536766,    000h 00m 01.644s,    000h 08m 56.766s
335,    1679,    538445,    000h 00m 01.679s,    000h 08m 58.445s
336,    1576,    540021,    000h 00m 01.576s,    000h 09m 00.021s
337,    1633,    541654,    000h 00m 01.633s,    000h 09m 01.654s
338,    1575,    543229,    000h 00m 01.575s,    000h 09m 03.229s
339,    1555,    544784,    000h 00m 01.555s,    000h 09m 04.784s
340,    1640,    546424,    000h 00m 01.640s,    000h 09m 06.424s
341,    1605,    548029,    000h 00m 01.605s,    000h 09m 08.029s
342,    1581,    549610,    000h 00m 01.581s,    000h 09m 09.610s
343,    1614,    551224,    000h 00m 01.614s,    000h 09m 11.224s
344,    1626,    552850,    000h 00m 01.626s,    000h 09m 12.850s
345,    1589,    554439,    000h 00m 01.589s,    000h 09m 14.439s
346,    1612,    556051,    000h 00m 01.612s,    000h 09m 16.051s
347,    1501,    557552,    000h 00m 01.501s,    000h 09m 17.552s
348,    1605,    559157,    000h 00m 01.605s,    000h 09m 19.157s
349,    1584,    560741,    000h 00m 01.584s,    000h 09m 20.741s
350,    1583,    562324,    000h 00m 01.583s,    000h 09m 22.324s
351,    1691,    564015,    000h 00m 01.691s,    000h 09m 24.015s
352,    1582,    565597,    000h 00m 01.582s,    000h 09m 25.597s
353,    1587,    567184,    000h 00m 01.587s,    000h 09m 27.184s
354,    1638,    568822,    000h 00m 01.638s,    000h 09m 28.822s
355,    1590,    570412,    000h 00m 01.590s,    000h 09m 30.412s
356,    1593,    572005,    000h 00m 01.593s,    000h 09m 32.005s
357,    1611,    573616,    000h 00m 01.611s,    000h 09m 33.616s
358,    1557,    575173,    000h 00m 01.557s,    000h 09m 35.173s
359,    1524,    576697,    000h 00m 01.524s,    000h 09m 36.697s
360,    1634,    578331,    000h 00m 01.634s,    000h 09m 38.331s
361,    1577,    579908,    000h 00m 01.577s,    000h 09m 39.908s
362,    1539,    581447,    000h 00m 01.539s,    000h 09m 41.447s
363,    1634,    583081,    000h 00m 01.634s,    000h 09m 43.081s
364,    1604,    584685,    000h 00m 01.604s,    000h 09m 44.685s
365,    1628,    586313,    000h 00m 01.628s,    000h 09m 46.313s
366,    1620,    587933,    000h 00m 01.620s,    000h 09m 47.933s
367,    1604,    589537,    000h 00m 01.604s,    000h 09m 49.537s
368,    1605,    591142,    000h 00m 01.605s,    000h 09m 51.142s
369,    1693,    592835,    000h 00m 01.693s,    000h 09m 52.835s
370,    1584,    594419,    000h 00m 01.584s,    000h 09m 54.419s
371,    1517,    595936,    000h 00m 01.517s,    000h 09m 55.936s
372,    1595,    597531,    000h 00m 01.595s,    000h 09m 57.531s
373,    1548,    599079,    000h 00m 01.548s,    000h 09m 59.079s
374,    1615,    600694,    000h 00m 01.615s,    000h 10m 00.694s
375,    1664,    602358,    000h 00m 01.664s,    000h 10m 02.358s
376,    1499,    603857,    000h 00m 01.499s,    000h 10m 03.857s
377,    1633,    605490,    000h 00m 01.633s,    000h 10m 05.490s
378,    1634,    607124,    000h 00m 01.634s,    000h 10m 07.124s
379,    1651,    608775,    000h 00m 01.651s,    000h 10m 08.775s
380,    1624,    610399,    000h 00m 01.624s,    000h 10m 10.399s
381,    1632,    612031,    000h 00m 01.632s,    000h 10m 12.031s
382,    1585,    613616,    000h 00m 01.585s,    000h 10m 13.616s
383,    1638,    615254,    000h 00m 01.638s,    000h 10m 15.254s
384,    1571,    616825,    000h 00m 01.571s,    000h 10m 16.825s
385,    1646,    618471,    000h 00m 01.646s,    000h 10m 18.471s
386,    1636,    620107,    000h 00m 01.636s,    000h 10m 20.107s
387,    1564,    621671,    000h 00m 01.564s,    000h 10m 21.671s
388,    1594,    623265,    000h 00m 01.594s,    000h 10m 23.265s
389,    1616,    624881,    000h 00m 01.616s,    000h 10m 24.881s
390,    1600,    626481,    000h 00m 01.600s,    000h 10m 26.481s
391,    1621,    628102,    000h 00m 01.621s,    000h 10m 28.102s
392,    1608,    629710,    000h 00m 01.608s,    000h 10m 29.710s
393,    1589,    631299,    000h 00m 01.589s,    000h 10m 31.299s
394,    1630,    632929,    000h 00m 01.630s,    000h 10m 32.929s
395,    1597,    634526,    000h 00m 01.597s,    000h 10m 34.526s
396,    1587,    636113,    000h 00m 01.587s,    000h 10m 36.113s
397,    1535,    637648,    000h 00m 01.535s,    000h 10m 37.648s
398,    1637,    639285,    000h 00m 01.637s,    000h 10m 39.285s
399,    1504,    640789,    000h 00m 01.504s,    000h 10m 40.789s
400,    1620,    642409,    000h 00m 01.620s,    000h 10m 42.409s
401,    1566,    643975,    000h 00m 01.566s,    000h 10m 43.975s
402,    1590,    645565,    000h 00m 01.590s,    000h 10m 45.565s
403,    1560,    647125,    000h 00m 01.560s,    000h 10m 47.125s
404,    1669,    648794,    000h 00m 01.669s,    000h 10m 48.794s
405,    1615,    650409,    000h 00m 01.615s,    000h 10m 50.409s
406,    1588,    651997,    000h 00m 01.588s,    000h 10m 51.997s
407,    1608,    653605,    000h 00m 01.608s,    000h 10m 53.605s
408,    1519,    655124,    000h 00m 01.519s,    000h 10m 55.124s
409,    1672,    656796,    000h 00m 01.672s,    000h 10m 56.796s
410,    1631,    658427,    000h 00m 01.631s,    000h 10m 58.427s
411,    1614,    660041,    000h 00m 01.614s,    000h 11m 00.041s
412,    1627,    661668,    000h 00m 01.627s,    000h 11m 01.668s
413,    1596,    663264,    000h 00m 01.596s,    000h 11m 03.264s
414,    1625,    664889,    000h 00m 01.625s,    000h 11m 04.889s
415,    1592,    666481,    000h 00m 01.592s,    000h 11m 06.481s
416,    1637,    668118,    000h 00m 01.637s,    000h 11m 08.118s
417,    1575,    669693,    000h 00m 01.575s,    000h 11m 09.693s
418,    1612,    671305,    000h 00m 01.612s,    000h 11m 11.305s
419,    1637,    672942,    000h 00m 01.637s,    000h 11m 12.942s
420,    1596,    674538,    000h 00m 01.596s,    000h 11m 14.538s
421,    1592,    676130,    000h 00m 01.592s,    000h 11m 16.130s
422,    1638,    677768,    000h 00m 01.638s,    000h 11m 17.768s
423,    1664,    679432,    000h 00m 01.664s,    000h 11m 19.432s
424,    1577,    681009,    000h 00m 01.577s,    000h 11m 21.009s
425,    1636,    682645,    000h 00m 01.636s,    000h 11m 22.645s
426,    1597,    684242,    000h 00m 01.597s,    000h 11m 24.242s
427,    1601,    685843,    000h 00m 01.601s,    000h 11m 25.843s
428,    1707,    687550,    000h 00m 01.707s,    000h 11m 27.550s
429,    1643,    689193,    000h 00m 01.643s,    000h 11m 29.193s
430,    1656,    690849,    000h 00m 01.656s,    000h 11m 30.849s
431,    1638,    692487,    000h 00m 01.638s,    000h 11m 32.487s
432,    1633,    694120,    000h 00m 01.633s,    000h 11m 34.120s
433,    1687,    695807,    000h 00m 01.687s,    000h 11m 35.807s
434,    1675,    697482,    000h 00m 01.675s,    000h 11m 37.482s
435,    1609,    699091,    000h 00m 01.609s,    000h 11m 39.091s
436,    1563,    700654,    000h 00m 01.563s,    000h 11m 40.654s
437,    1624,    702278,    000h 00m 01.624s,    000h 11m 42.278s
438,    1602,    703880,    000h 00m 01.602s,    000h 11m 43.880s
439,    1565,    705445,    000h 00m 01.565s,    000h 11m 45.445s
440,    1623,    707068,    000h 00m 01.623s,    000h 11m 47.068s
441,    1626,    708694,    000h 00m 01.626s,    000h 11m 48.694s
442,    1610,    710304,    000h 00m 01.610s,    000h 11m 50.304s
443,    1562,    711866,    000h 00m 01.562s,    000h 11m 51.866s
444,    1577,    713443,    000h 00m 01.577s,    000h 11m 53.443s
445,    1615,    715058,    000h 00m 01.615s,    000h 11m 55.058s
446,    1589,    716647,    000h 00m 01.589s,    000h 11m 56.647s
447,    1687,    718334,    000h 00m 01.687s,    000h 11m 58.334s
448,    1659,    719993,    000h 00m 01.659s,    000h 11m 59.993s
449,    1579,    721572,    000h 00m 01.579s,    000h 12m 01.572s
450,    1630,    723202,    000h 00m 01.630s,    000h 12m 03.202s
451,    1635,    724837,    000h 00m 01.635s,    000h 12m 04.837s
452,    1582,    726419,    000h 00m 01.582s,    000h 12m 06.419s
453,    1630,    728049,    000h 00m 01.630s,    000h 12m 08.049s
454,    1594,    729643,    000h 00m 01.594s,    000h 12m 09.643s
455,    1676,    731319,    000h 00m 01.676s,    000h 12m 11.319s
456,    1630,    732949,    000h 00m 01.630s,    000h 12m 12.949s
457,    1672,    734621,    000h 00m 01.672s,    000h 12m 14.621s
458,    1625,    736246,    000h 00m 01.625s,    000h 12m 16.246s
459,    1627,    737873,    000h 00m 01.627s,    000h 12m 17.873s
460,    1623,    739496,    000h 00m 01.623s,    000h 12m 19.496s
461,    1598,    741094,    000h 00m 01.598s,    000h 12m 21.094s
462,    1574,    742668,    000h 00m 01.574s,    000h 12m 22.668s
463,    1619,    744287,    000h 00m 01.619s,    000h 12m 24.287s
464,    1639,    745926,    000h 00m 01.639s,    000h 12m 25.926s
465,    1631,    747557,    000h 00m 01.631s,    000h 12m 27.557s
466,    1639,    749196,    000h 00m 01.639s,    000h 12m 29.196s
467,    1634,    750830,    000h 00m 01.634s,    000h 12m 30.830s
468,    1523,    752353,    000h 00m 01.523s,    000h 12m 32.353s
469,    1600,    753953,    000h 00m 01.600s,    000h 12m 33.953s
470,    1513,    755466,    000h 00m 01.513s,    000h 12m 35.466s
471,    1574,    757040,    000h 00m 01.574s,    000h 12m 37.040s
472,    1568,    758608,    000h 00m 01.568s,    000h 12m 38.608s
473,    1620,    760228,    000h 00m 01.620s,    000h 12m 40.228s
474,    1629,    761857,    000h 00m 01.629s,    000h 12m 41.857s
475,    1550,    763407,    000h 00m 01.550s,    000h 12m 43.407s
476,    1603,    765010,    000h 00m 01.603s,    000h 12m 45.010s
477,    1614,    766624,    000h 00m 01.614s,    000h 12m 46.624s
478,    1639,    768263,    000h 00m 01.639s,    000h 12m 48.263s
479,    1623,    769886,    000h 00m 01.623s,    000h 12m 49.886s
480,    1568,    771454,    000h 00m 01.568s,    000h 12m 51.454s
481,    1586,    773040,    000h 00m 01.586s,    000h 12m 53.040s
482,    1568,    774608,    000h 00m 01.568s,    000h 12m 54.608s
483,    1657,    776265,    000h 00m 01.657s,    000h 12m 56.265s
484,    1609,    777874,    000h 00m 01.609s,    000h 12m 57.874s
485,    1613,    779487,    000h 00m 01.613s,    000h 12m 59.487s
486,    1574,    781061,    000h 00m 01.574s,    000h 13m 01.061s
487,    1688,    782749,    000h 00m 01.688s,    000h 13m 02.749s
488,    1593,    784342,    000h 00m 01.593s,    000h 13m 04.342s
489,    1609,    785951,    000h 00m 01.609s,    000h 13m 05.951s
490,    1608,    787559,    000h 00m 01.608s,    000h 13m 07.559s
491,    1630,    789189,    000h 00m 01.630s,    000h 13m 09.189s
492,    1654,    790843,    000h 00m 01.654s,    000h 13m 10.843s
493,    1592,    792435,    000h 00m 01.592s,    000h 13m 12.435s
494,    1539,    793974,    000h 00m 01.539s,    000h 13m 13.974s
495,    1524,    795498,    000h 00m 01.524s,    000h 13m 15.498s
496,    1631,    797129,    000h 00m 01.631s,    000h 13m 17.129s
497,    1621,    798750,    000h 00m 01.621s,    000h 13m 18.750s
498,    1560,    800310,    000h 00m 01.560s,    000h 13m 20.310s
499,    1670,    801980,    000h 00m 01.670s,    000h 13m 21.980s
500,    1536,    803516,    000h 00m 01.536s,    000h 13m 23.516s
501,    1572,    805088,    000h 00m 01.572s,    000h 13m 25.088s
502,    1596,    806684,    000h 00m 01.596s,    000h 13m 26.684s
503,    1609,    808293,    000h 00m 01.609s,    000h 13m 28.293s
504,    1624,    809917,    000h 00m 01.624s,    000h 13m 29.917s
505,    1593,    811510,    000h 00m 01.593s,    000h 13m 31.510s
506,    1624,    813134,    000h 00m 01.624s,    000h 13m 33.134s
507,    1503,    814637,    000h 00m 01.503s,    000h 13m 34.637s
508,    1563,    816200,    000h 00m 01.563s,    000h 13m 36.200s
509,    1597,    817797,    000h 00m 01.597s,    000h 13m 37.797s
510,    1501,    819298,    000h 00m 01.501s,    000h 13m 39.298s
511,    1615,    820913,    000h 00m 01.615s,    000h 13m 40.913s
512,    1554,    822467,    000h 00m 01.554s,    000h 13m 42.467s
513,    1590,    824057,    000h 00m 01.590s,    000h 13m 44.057s
514,    1516,    825573,    000h 00m 01.516s,    000h 13m 45.573s
515,    1613,    827186,    000h 00m 01.613s,    000h 13m 47.186s
516,    1630,    828816,    000h 00m 01.630s,    000h 13m 48.816s
517,    1564,    830380,    000h 00m 01.564s,    000h 13m 50.380s
518,    1596,    831976,    000h 00m 01.596s,    000h 13m 51.976s
519,    1617,    833593,    000h 00m 01.617s,    000h 13m 53.593s
520,    1610,    835203,    000h 00m 01.610s,    000h 13m 55.203s
521,    1550,    836753,    000h 00m 01.550s,    000h 13m 56.753s
522,    1698,    838451,    000h 00m 01.698s,    000h 13m 58.451s
523,    1649,    840100,    000h 00m 01.649s,    000h 14m 00.100s
524,    1584,    841684,    000h 00m 01.584s,    000h 14m 01.684s
525,    1632,    843316,    000h 00m 01.632s,    000h 14m 03.316s
526,    1617,    844933,    000h 00m 01.617s,    000h 14m 04.933s
527,    1666,    846599,    000h 00m 01.666s,    000h 14m 06.599s
528,    1706,    848305,    000h 00m 01.706s,    000h 14m 08.305s
529,    1589,    849894,    000h 00m 01.589s,    000h 14m 09.894s
530,    1629,    851523,    000h 00m 01.629s,    000h 14m 11.523s
531,    1600,    853123,    000h 00m 01.600s,    000h 14m 13.123s
532,    1635,    854758,    000h 00m 01.635s,    000h 14m 14.758s
533,    1640,    856398,    000h 00m 01.640s,    000h 14m 16.398s
534,    1623,    858021,    000h 00m 01.623s,    000h 14m 18.021s
535,    1637,    859658,    000h 00m 01.637s,    000h 14m 19.658s
536,    1552,    861210,    000h 00m 01.552s,    000h 14m 21.210s
537,    1532,    862742,    000h 00m 01.532s,    000h 14m 22.742s
538,    1599,    864341,    000h 00m 01.599s,    000h 14m 24.341s
539,    1529,    865870,    000h 00m 01.529s,    000h 14m 25.870s
540,    1623,    867493,    000h 00m 01.623s,    000h 14m 27.493s
541,    1567,    869060,    000h 00m 01.567s,    000h 14m 29.060s
542,    1543,    870603,    000h 00m 01.543s,    000h 14m 30.603s
543,    1623,    872226,    000h 00m 01.623s,    000h 14m 32.226s
544,    1623,    873849,    000h 00m 01.623s,    000h 14m 33.849s
545,    1630,    875479,    000h 00m 01.630s,    000h 14m 35.479s
546,    1547,    877026,    000h 00m 01.547s,    000h 14m 37.026s
547,    1593,    878619,    000h 00m 01.593s,    000h 14m 38.619s
548,    1655,    880274,    000h 00m 01.655s,    000h 14m 40.274s
549,    1629,    881903,    000h 00m 01.629s,    000h 14m 41.903s
550,    1593,    883496,    000h 00m 01.593s,    000h 14m 43.496s
551,    1627,    885123,    000h 00m 01.627s,    000h 14m 45.123s
552,    1598,    886721,    000h 00m 01.598s,    000h 14m 46.721s
553,    1592,    888313,    000h 00m 01.592s,    000h 14m 48.313s
554,    1639,    889952,    000h 00m 01.639s,    000h 14m 49.952s
555,    1525,    891477,    000h 00m 01.525s,    000h 14m 51.477s
556,    1609,    893086,    000h 00m 01.609s,    000h 14m 53.086s
557,    1620,    894706,    000h 00m 01.620s,    000h 14m 54.706s
558,    1675,    896381,    000h 00m 01.675s,    000h 14m 56.381s
559,    1612,    897993,    000h 00m 01.612s,    000h 14m 57.993s
560,    1512,    899505,    000h 00m 01.512s,    000h 14m 59.505s
561,    1543,    901048,    000h 00m 01.543s,    000h 15m 01.048s
562,    1550,    902598,    000h 00m 01.550s,    000h 15m 02.598s
563,    1524,    904122,    000h 00m 01.524s,    000h 15m 04.122s
564,    1606,    905728,    000h 00m 01.606s,    000h 15m 05.728s
565,    1623,    907351,    000h 00m 01.623s,    000h 15m 07.351s
566,    1577,    908928,    000h 00m 01.577s,    000h 15m 08.928s
567,    1583,    910511,    000h 00m 01.583s,    000h 15m 10.511s
568,    1602,    912113,    000h 00m 01.602s,    000h 15m 12.113s
569,    1574,    913687,    000h 00m 01.574s,    000h 15m 13.687s
570,    1672,    915359,    000h 00m 01.672s,    000h 15m 15.359s
571,    1537,    916896,    000h 00m 01.537s,    000h 15m 16.896s
572,    1589,    918485,    000h 00m 01.589s,    000h 15m 18.485s
573,    1631,    920116,    000h 00m 01.631s,    000h 15m 20.116s
574,    1568,    921684,    000h 00m 01.568s,    000h 15m 21.684s
575,    1602,    923286,    000h 00m 01.602s,    000h 15m 23.286s
576,    1600,    924886,    000h 00m 01.600s,    000h 15m 24.886s
577,    1630,    926516,    000h 00m 01.630s,    000h 15m 26.516s
578,    1587,    928103,    000h 00m 01.587s,    000h 15m 28.103s
579,    1669,    929772,    000h 00m 01.669s,    000h 15m 29.772s
580,    1557,    931329,    000h 00m 01.557s,    000h 15m 31.329s
581,    1571,    932900,    000h 00m 01.571s,    000h 15m 32.900s
582,    1637,    934537,    000h 00m 01.637s,    000h 15m 34.537s
583,    1627,    936164,    000h 00m 01.627s,    000h 15m 36.164s
584,    1633,    937797,    000h 00m 01.633s,    000h 15m 37.797s
585,    1587,    939384,    000h 00m 01.587s,    000h 15m 39.384s
586,    1577,    940961,    000h 00m 01.577s,    000h 15m 40.961s
587,    1634,    942595,    000h 00m 01.634s,    000h 15m 42.595s
588,    1553,    944148,    000h 00m 01.553s,    000h 15m 44.148s
589,    1516,    945664,    000h 00m 01.516s,    000h 15m 45.664s
590,    1637,    947301,    000h 00m 01.637s,    000h 15m 47.301s
591,    1605,    948906,    000h 00m 01.605s,    000h 15m 48.906s
592,    1657,    950563,    000h 00m 01.657s,    000h 15m 50.563s
593,    1691,    952254,    000h 00m 01.691s,    000h 15m 52.254s
594,    1632,    953886,    000h 00m 01.632s,    000h 15m 53.886s
595,    1522,    955408,    000h 00m 01.522s,    000h 15m 55.408s
596,    1606,    957014,    000h 00m 01.606s,    000h 15m 57.014s
597,    1613,    958627,    000h 00m 01.613s,    000h 15m 58.627s
598,    1650,    960277,    000h 00m 01.650s,    000h 16m 00.277s
599,    1552,    961829,    000h 00m 01.552s,    000h 16m 01.829s
600,    1588,    963417,    000h 00m 01.588s,    000h 16m 03.417s
601,    1596,    965013,    000h 00m 01.596s,    000h 16m 05.013s
602,    1657,    966670,    000h 00m 01.657s,    000h 16m 06.670s
603,    1640,    968310,    000h 00m 01.640s,    000h 16m 08.310s
604,    1658,    969968,    000h 00m 01.658s,    000h 16m 09.968s
605,    1650,    971618,    000h 00m 01.650s,    000h 16m 11.618s
606,    1628,    973246,    000h 00m 01.628s,    000h 16m 13.246s
607,    1582,    974828,    000h 00m 01.582s,    000h 16m 14.828s
608,    1637,    976465,    000h 00m 01.637s,    000h 16m 16.465s
609,    1661,    978126,    000h 00m 01.661s,    000h 16m 18.126s
610,    1524,    979650,    000h 00m 01.524s,    000h 16m 19.650s
611,    1632,    981282,    000h 00m 01.632s,    000h 16m 21.282s
612,    1575,    982857,    000h 00m 01.575s,    000h 16m 22.857s
613,    1588,    984445,    000h 00m 01.588s,    000h 16m 24.445s
614,    1629,    986074,    000h 00m 01.629s,    000h 16m 26.074s
615,    1593,    987667,    000h 00m 01.593s,    000h 16m 27.667s
616,    1621,    989288,    000h 00m 01.621s,    000h 16m 29.288s
617,    1605,    990893,    000h 00m 01.605s,    000h 16m 30.893s
618,    1624,    992517,    000h 00m 01.624s,    000h 16m 32.517s
619,    1608,    994125,    000h 00m 01.608s,    000h 16m 34.125s
620,    1578,    995703,    000h 00m 01.578s,    000h 16m 35.703s
621,    1585,    997288,    000h 00m 01.585s,    000h 16m 37.288s
622,    1599,    998887,    000h 00m 01.599s,    000h 16m 38.887s
623,    1598,    1000485,    000h 00m 01.598s,    000h 16m 40.485s
624,    1541,    1002026,    000h 00m 01.541s,    000h 16m 42.026s
625,    1634,    1003660,    000h 00m 01.634s,    000h 16m 43.660s
626,    1549,    1005209,    000h 00m 01.549s,    000h 16m 45.209s
627,    1701,    1006910,    000h 00m 01.701s,    000h 16m 46.910s
628,    1716,    1008626,    000h 00m 01.716s,    000h 16m 48.626s
629,    1586,    1010212,    000h 00m 01.586s,    000h 16m 50.212s
630,    1618,    1011830,    000h 00m 01.618s,    000h 16m 51.830s
631,    1708,    1013538,    000h 00m 01.708s,    000h 16m 53.538s
632,    1609,    1015147,    000h 00m 01.609s,    000h 16m 55.147s
633,    1583,    1016730,    000h 00m 01.583s,    000h 16m 56.730s
634,    1570,    1018300,    000h 00m 01.570s,    000h 16m 58.300s
635,    1562,    1019862,    000h 00m 01.562s,    000h 16m 59.862s
636,    1612,    1021474,    000h 00m 01.612s,    000h 17m 01.474s
637,    1538,    1023012,    000h 00m 01.538s,    000h 17m 03.012s
638,    1637,    1024649,    000h 00m 01.637s,    000h 17m 04.649s
639,    1531,    1026180,    000h 00m 01.531s,    000h 17m 06.180s
640,    1545,    1027725,    000h 00m 01.545s,    000h 17m 07.725s
641,    1625,    1029350,    000h 00m 01.625s,    000h 17m 09.350s
642,    1611,    1030961,    000h 00m 01.611s,    000h 17m 10.961s
643,    1669,    1032630,    000h 00m 01.669s,    000h 17m 12.630s
644,    1661,    1034291,    000h 00m 01.661s,    000h 17m 14.291s
645,    1637,    1035928,    000h 00m 01.637s,    000h 17m 15.928s
646,    1591,    1037519,    000h 00m 01.591s,    000h 17m 17.519s
647,    1600,    1039119,    000h 00m 01.600s,    000h 17m 19.119s
648,    1597,    1040716,    000h 00m 01.597s,    000h 17m 20.716s
649,    1631,    1042347,    000h 00m 01.631s,    000h 17m 22.347s
650,    1590,    1043937,    000h 00m 01.590s,    000h 17m 23.937s
651,    1601,    1045538,    000h 00m 01.601s,    000h 17m 25.538s
652,    1596,    1047134,    000h 00m 01.596s,    000h 17m 27.134s
653,    1716,    1048850,    000h 00m 01.716s,    000h 17m 28.850s
654,    1524,    1050374,    000h 00m 01.524s,    000h 17m 30.374s
655,    1620,    1051994,    000h 00m 01.620s,    000h 17m 31.994s
656,    1629,    1053623,    000h 00m 01.629s,    000h 17m 33.623s
657,    1575,    1055198,    000h 00m 01.575s,    000h 17m 35.198s
658,    1606,    1056804,    000h 00m 01.606s,    000h 17m 36.804s
659,    1622,    1058426,    000h 00m 01.622s,    000h 17m 38.426s
660,    1508,    1059934,    000h 00m 01.508s,    000h 17m 39.934s
661,    1631,    1061565,    000h 00m 01.631s,    000h 17m 41.565s
662,    1526,    1063091,    000h 00m 01.526s,    000h 17m 43.091s
663,    1645,    1064736,    000h 00m 01.645s,    000h 17m 44.736s
664,    1631,    1066367,    000h 00m 01.631s,    000h 17m 46.367s
665,    1628,    1067995,    000h 00m 01.628s,    000h 17m 47.995s
666,    1629,    1069624,    000h 00m 01.629s,    000h 17m 49.624s
667,    1603,    1071227,    000h 00m 01.603s,    000h 17m 51.227s
668,    1618,    1072845,    000h 00m 01.618s,    000h 17m 52.845s
669,    1589,    1074434,    000h 00m 01.589s,    000h 17m 54.434s
670,    1606,    1076040,    000h 00m 01.606s,    000h 17m 56.040s
671,    1619,    1077659,    000h 00m 01.619s,    000h 17m 57.659s
672,    1591,    1079250,    000h 00m 01.591s,    000h 17m 59.250s
673,    1611,    1080861,    000h 00m 01.611s,    000h 18m 00.861s
674,    1576,    1082437,    000h 00m 01.576s,    000h 18m 02.437s
675,    1537,    1083974,    000h 00m 01.537s,    000h 18m 03.974s
676,    1627,    1085601,    000h 00m 01.627s,    000h 18m 05.601s
677,    1595,    1087196,    000h 00m 01.595s,    000h 18m 07.196s
678,    1624,    1088820,    000h 00m 01.624s,    000h 18m 08.820s
679,    1593,    1090413,    000h 00m 01.593s,    000h 18m 10.413s
680,    1607,    1092020,    000h 00m 01.607s,    000h 18m 12.020s
681,    1632,    1093652,    000h 00m 01.632s,    000h 18m 13.652s
682,    1571,    1095223,    000h 00m 01.571s,    000h 18m 15.223s
683,    1622,    1096845,    000h 00m 01.622s,    000h 18m 16.845s
684,    1646,    1098491,    000h 00m 01.646s,    000h 18m 18.491s
685,    1636,    1100127,    000h 00m 01.636s,    000h 18m 20.127s
686,    1618,    1101745,    000h 00m 01.618s,    000h 18m 21.745s
687,    1526,    1103271,    000h 00m 01.526s,    000h 18m 23.271s
688,    1606,    1104877,    000h 00m 01.606s,    000h 18m 24.877s
689,    1564,    1106441,    000h 00m 01.564s,    000h 18m 26.441s
690,    1609,    1108050,    000h 00m 01.609s,    000h 18m 28.050s
691,    1600,    1109650,    000h 00m 01.600s,    000h 18m 29.650s
692,    1514,    1111164,    000h 00m 01.514s,    000h 18m 31.164s
693,    1615,    1112779,    000h 00m 01.615s,    000h 18m 32.779s
694,    1562,    1114341,    000h 00m 01.562s,    000h 18m 34.341s
695,    1686,    1116027,    000h 00m 01.686s,    000h 18m 36.027s
696,    1624,    1117651,    000h 00m 01.624s,    000h 18m 37.651s
697,    1605,    1119256,    000h 00m 01.605s,    000h 18m 39.256s
698,    1625,    1120881,    000h 00m 01.625s,    000h 18m 40.881s
699,    1604,    1122485,    000h 00m 01.604s,    000h 18m 42.485s
700,    1590,    1124075,    000h 00m 01.590s,    000h 18m 44.075s
701,    1604,    1125679,    000h 00m 01.604s,    000h 18m 45.679s
702,    1587,    1127266,    000h 00m 01.587s,    000h 18m 47.266s
703,    1698,    1128964,    000h 00m 01.698s,    000h 18m 48.964s
704,    1590,    1130554,    000h 00m 01.590s,    000h 18m 50.554s
705,    1621,    1132175,    000h 00m 01.621s,    000h 18m 52.175s
706,    1641,    1133816,    000h 00m 01.641s,    000h 18m 53.816s
707,    1628,    1135444,    000h 00m 01.628s,    000h 18m 55.444s
708,    1580,    1137024,    000h 00m 01.580s,    000h 18m 57.024s
709,    1631,    1138655,    000h 00m 01.631s,    000h 18m 58.655s
710,    1506,    1140161,    000h 00m 01.506s,    000h 19m 00.161s
711,    1594,    1141755,    000h 00m 01.594s,    000h 19m 01.755s
712,    1653,    1143408,    000h 00m 01.653s,    000h 19m 03.408s
713,    1643,    1145051,    000h 00m 01.643s,    000h 19m 05.051s
714,    1636,    1146687,    000h 00m 01.636s,    000h 19m 06.687s
715,    1520,    1148207,    000h 00m 01.520s,    000h 19m 08.207s
716,    1609,    1149816,    000h 00m 01.609s,    000h 19m 09.816s
717,    1627,    1151443,    000h 00m 01.627s,    000h 19m 11.443s
718,    1513,    1152956,    000h 00m 01.513s,    000h 19m 12.956s
719,    1620,    1154576,    000h 00m 01.620s,    000h 19m 14.576s
720,    1635,    1156211,    000h 00m 01.635s,    000h 19m 16.211s
721,    1618,    1157829,    000h 00m 01.618s,    000h 19m 17.829s
722,    1589,    1159418,    000h 00m 01.589s,    000h 19m 19.418s
723,    1586,    1161004,    000h 00m 01.586s,    000h 19m 21.004s
724,    1630,    1162634,    000h 00m 01.630s,    000h 19m 22.634s
725,    1630,    1164264,    000h 00m 01.630s,    000h 19m 24.264s
726,    1660,    1165924,    000h 00m 01.660s,    000h 19m 25.924s
727,    1669,    1167593,    000h 00m 01.669s,    000h 19m 27.593s
728,    1662,    1169255,    000h 00m 01.662s,    000h 19m 29.255s
729,    1691,    1170946,    000h 00m 01.691s,    000h 19m 30.946s
730,    1626,    1172572,    000h 00m 01.626s,    000h 19m 32.572s
731,    1525,    1174097,    000h 00m 01.525s,    000h 19m 34.097s
732,    1570,    1175667,    000h 00m 01.570s,    000h 19m 35.667s
733,    1542,    1177209,    000h 00m 01.542s,    000h 19m 37.209s
734,    1575,    1178784,    000h 00m 01.575s,    000h 19m 38.784s
735,    1607,    1180391,    000h 00m 01.607s,    000h 19m 40.391s
736,    1635,    1182026,    000h 00m 01.635s,    000h 19m 42.026s
737,    1613,    1183639,    000h 00m 01.613s,    000h 19m 43.639s
738,    1596,    1185235,    000h 00m 01.596s,    000h 19m 45.235s
739,    1630,    1186865,    000h 00m 01.630s,    000h 19m 46.865s
740,    1588,    1188453,    000h 00m 01.588s,    000h 19m 48.453s
741,    1618,    1190071,    000h 00m 01.618s,    000h 19m 50.071s
742,    1519,    1191590,    000h 00m 01.519s,    000h 19m 51.590s
743,    1634,    1193224,    000h 00m 01.634s,    000h 19m 53.224s
744,    1548,    1194772,    000h 00m 01.548s,    000h 19m 54.772s
745,    1608,    1196380,    000h 00m 01.608s,    000h 19m 56.380s
746,    1581,    1197961,    000h 00m 01.581s,    000h 19m 57.961s
747,    1562,    1199523,    000h 00m 01.562s,    000h 19m 59.523s
748,    1636,    1201159,    000h 00m 01.636s,    000h 20m 01.159s
749,    1635,    1202794,    000h 00m 01.635s,    000h 20m 02.794s
750,    1577,    1204371,    000h 00m 01.577s,    000h 20m 04.371s
751,    1625,    1205996,    000h 00m 01.625s,    000h 20m 05.996s
752,    1649,    1207645,    000h 00m 01.649s,    000h 20m 07.645s
753,    1572,    1209217,    000h 00m 01.572s,    000h 20m 09.217s
754,    1596,    1210813,    000h 00m 01.596s,    000h 20m 10.813s
755,    1587,    1212400,    000h 00m 01.587s,    000h 20m 12.400s
756,    1517,    1213917,    000h 00m 01.517s,    000h 20m 13.917s
757,    1652,    1215569,    000h 00m 01.652s,    000h 20m 15.569s
758,    1521,    1217090,    000h 00m 01.521s,    000h 20m 17.090s
759,    1633,    1218723,    000h 00m 01.633s,    000h 20m 18.723s
760,    1607,    1220330,    000h 00m 01.607s,    000h 20m 20.330s
761,    1592,    1221922,    000h 00m 01.592s,    000h 20m 21.922s
762,    1545,    1223467,    000h 00m 01.545s,    000h 20m 23.467s
763,    1597,    1225064,    000h 00m 01.597s,    000h 20m 25.064s
764,    1548,    1226612,    000h 00m 01.548s,    000h 20m 26.612s
765,    1596,    1228208,    000h 00m 01.596s,    000h 20m 28.208s
766,    1626,    1229834,    000h 00m 01.626s,    000h 20m 29.834s
767,    1592,    1231426,    000h 00m 01.592s,    000h 20m 31.426s
768,    1578,    1233004,    000h 00m 01.578s,    000h 20m 33.004s
769,    1546,    1234550,    000h 00m 01.546s,    000h 20m 34.550s
770,    1581,    1236131,    000h 00m 01.581s,    000h 20m 36.131s
771,    1583,    1237714,    000h 00m 01.583s,    000h 20m 37.714s
772,    1636,    1239350,    000h 00m 01.636s,    000h 20m 39.350s
773,    1617,    1240967,    000h 00m 01.617s,    000h 20m 40.967s
774,    1630,    1242597,    000h 00m 01.630s,    000h 20m 42.597s
775,    1575,    1244172,    000h 00m 01.575s,    000h 20m 44.172s
776,    1630,    1245802,    000h 00m 01.630s,    000h 20m 45.802s
777,    1639,    1247441,    000h 00m 01.639s,    000h 20m 47.441s
778,    1682,    1249123,    000h 00m 01.682s,    000h 20m 49.123s
779,    1621,    1250744,    000h 00m 01.621s,    000h 20m 50.744s
780,    1647,    1252391,    000h 00m 01.647s,    000h 20m 52.391s
781,    1619,    1254010,    000h 00m 01.619s,    000h 20m 54.010s
782,    1709,    1255719,    000h 00m 01.709s,    000h 20m 55.719s
783,    1621,    1257340,    000h 00m 01.621s,    000h 20m 57.340s
784,    1647,    1258987,    000h 00m 01.647s,    000h 20m 58.987s
785,    1612,    1260599,    000h 00m 01.612s,    000h 21m 00.599s
786,    1628,    1262227,    000h 00m 01.628s,    000h 21m 02.227s
787,    1615,    1263842,    000h 00m 01.615s,    000h 21m 03.842s
788,    1605,    1265447,    000h 00m 01.605s,    000h 21m 05.447s
789,    1561,    1267008,    000h 00m 01.561s,    000h 21m 07.008s
790,    1619,    1268627,    000h 00m 01.619s,    000h 21m 08.627s
791,    1512,    1270139,    000h 00m 01.512s,    000h 21m 10.139s
792,    1586,    1271725,    000h 00m 01.586s,    000h 21m 11.725s
793,    1542,    1273267,    000h 00m 01.542s,    000h 21m 13.267s
794,    1570,    1274837,    000h 00m 01.570s,    000h 21m 14.837s
795,    1523,    1276360,    000h 00m 01.523s,    000h 21m 16.360s
796,    1665,    1278025,    000h 00m 01.665s,    000h 21m 18.025s
797,    1596,    1279621,    000h 00m 01.596s,    000h 21m 19.621s
798,    1626,    1281247,    000h 00m 01.626s,    000h 21m 21.247s
799,    1536,    1282783,    000h 00m 01.536s,    000h 21m 22.783s
800,    1528,    1284311,    000h 00m 01.528s,    000h 21m 24.311s
801,    1622,    1285933,    000h 00m 01.622s,    000h 21m 25.933s
802,    1635,    1287568,    000h 00m 01.635s,    000h 21m 27.568s
803,    1595,    1289163,    000h 00m 01.595s,    000h 21m 29.163s
804,    1582,    1290745,    000h 00m 01.582s,    000h 21m 30.745s
805,    1623,    1292368,    000h 00m 01.623s,    000h 21m 32.368s
806,    1598,    1293966,    000h 00m 01.598s,    000h 21m 33.966s
807,    1527,    1295493,    000h 00m 01.527s,    000h 21m 35.493s
808,    1602,    1297095,    000h 00m 01.602s,    000h 21m 37.095s
809,    1699,    1298794,    000h 00m 01.699s,    000h 21m 38.794s
810,    1638,    1300432,    000h 00m 01.638s,    000h 21m 40.432s
811,    1711,    1302143,    000h 00m 01.711s,    000h 21m 42.143s
812,    1611,    1303754,    000h 00m 01.611s,    000h 21m 43.754s
813,    1584,    1305338,    000h 00m 01.584s,    000h 21m 45.338s
814,    1626,    1306964,    000h 00m 01.626s,    000h 21m 46.964s
815,    1642,    1308606,    000h 00m 01.642s,    000h 21m 48.606s
816,    1618,    1310224,    000h 00m 01.618s,    000h 21m 50.224s
817,    1623,    1311847,    000h 00m 01.623s,    000h 21m 51.847s
818,    1499,    1313346,    000h 00m 01.499s,    000h 21m 53.346s
819,    1626,    1314972,    000h 00m 01.626s,    000h 21m 54.972s
820,    1624,    1316596,    000h 00m 01.624s,    000h 21m 56.596s
821,    1562,    1318158,    000h 00m 01.562s,    000h 21m 58.158s
822,    1555,    1319713,    000h 00m 01.555s,    000h 21m 59.713s
823,    1632,    1321345,    000h 00m 01.632s,    000h 22m 01.345s
824,    1563,    1322908,    000h 00m 01.563s,    000h 22m 02.908s
825,    1560,    1324468,    000h 00m 01.560s,    000h 22m 04.468s
826,    1606,    1326074,    000h 00m 01.606s,    000h 22m 06.074s
827,    1567,    1327641,    000h 00m 01.567s,    000h 22m 07.641s
828,    1579,    1329220,    000h 00m 01.579s,    000h 22m 09.220s
829,    1684,    1330904,    000h 00m 01.684s,    000h 22m 10.904s
830,    1610,    1332514,    000h 00m 01.610s,    000h 22m 12.514s
831,    1604,    1334118,    000h 00m 01.604s,    000h 22m 14.118s
832,    1586,    1335704,    000h 00m 01.586s,    000h 22m 15.704s
833,    1603,    1337307,    000h 00m 01.603s,    000h 22m 17.307s
834,    1520,    1338827,    000h 00m 01.520s,    000h 22m 18.827s
835,    1627,    1340454,    000h 00m 01.627s,    000h 22m 20.454s
836,    1621,    1342075,    000h 00m 01.621s,    000h 22m 22.075s
837,    1606,    1343681,    000h 00m 01.606s,    000h 22m 23.681s
838,    1571,    1345252,    000h 00m 01.571s,    000h 22m 25.252s
839,    1672,    1346924,    000h 00m 01.672s,    000h 22m 26.924s
840,    1633,    1348557,    000h 00m 01.633s,    000h 22m 28.557s
841,    1662,    1350219,    000h 00m 01.662s,    000h 22m 30.219s
842,    1611,    1351830,    000h 00m 01.611s,    000h 22m 31.830s
843,    1607,    1353437,    000h 00m 01.607s,    000h 22m 33.437s
844,    1632,    1355069,    000h 00m 01.632s,    000h 22m 35.069s
845,    1579,    1356648,    000h 00m 01.579s,    000h 22m 36.648s
846,    1591,    1358239,    000h 00m 01.591s,    000h 22m 38.239s
847,    1687,    1359926,    000h 00m 01.687s,    000h 22m 39.926s
848,    1530,    1361456,    000h 00m 01.530s,    000h 22m 41.456s
849,    1657,    1363113,    000h 00m 01.657s,    000h 22m 43.113s
850,    1520,    1364633,    000h 00m 01.520s,    000h 22m 44.633s
851,    1616,    1366249,    000h 00m 01.616s,    000h 22m 46.249s
852,    1621,    1367870,    000h 00m 01.621s,    000h 22m 47.870s
853,    1719,    1369589,    000h 00m 01.719s,    000h 22m 49.589s
854,    1629,    1371218,    000h 00m 01.629s,    000h 22m 51.218s
855,    1646,    1372864,    000h 00m 01.646s,    000h 22m 52.864s
856,    1692,    1374556,    000h 00m 01.692s,    000h 22m 54.556s
857,    1504,    1376060,    000h 00m 01.504s,    000h 22m 56.060s
858,    1600,    1377660,    000h 00m 01.600s,    000h 22m 57.660s
859,    1639,    1379299,    000h 00m 01.639s,    000h 22m 59.299s
860,    1623,    1380922,    000h 00m 01.623s,    000h 23m 00.922s
861,    1630,    1382552,    000h 00m 01.630s,    000h 23m 02.552s
862,    1631,    1384183,    000h 00m 01.631s,    000h 23m 04.183s
863,    1610,    1385793,    000h 00m 01.610s,    000h 23m 05.793s
864,    1602,    1387395,    000h 00m 01.602s,    000h 23m 07.395s
865,    1567,    1388962,    000h 00m 01.567s,    000h 23m 08.962s
866,    1631,    1390593,    000h 00m 01.631s,    000h 23m 10.593s
867,    1707,    1392300,    000h 00m 01.707s,    000h 23m 12.300s
868,    1551,    1393851,    000h 00m 01.551s,    000h 23m 13.851s
869,    1635,    1395486,    000h 00m 01.635s,    000h 23m 15.486s
870,    1644,    1397130,    000h 00m 01.644s,    000h 23m 17.130s
871,    1617,    1398747,    000h 00m 01.617s,    000h 23m 18.747s
872,    1578,    1400325,    000h 00m 01.578s,    000h 23m 20.325s
873,    1568,    1401893,    000h 00m 01.568s,    000h 23m 21.893s
874,    1603,    1403496,    000h 00m 01.603s,    000h 23m 23.496s
875,    1631,    1405127,    000h 00m 01.631s,    000h 23m 25.127s
876,    1629,    1406756,    000h 00m 01.629s,    000h 23m 26.756s
877,    1604,    1408360,    000h 00m 01.604s,    000h 23m 28.360s
878,    1614,    1409974,    000h 00m 01.614s,    000h 23m 29.974s
879,    1588,    1411562,    000h 00m 01.588s,    000h 23m 31.562s
880,    1624,    1413186,    000h 00m 01.624s,    000h 23m 33.186s
881,    1563,    1414749,    000h 00m 01.563s,    000h 23m 34.749s
882,    1516,    1416265,    000h 00m 01.516s,    000h 23m 36.265s
883,    1674,    1417939,    000h 00m 01.674s,    000h 23m 37.939s
884,    1627,    1419566,    000h 00m 01.627s,    000h 23m 39.566s
885,    1633,    1421199,    000h 00m 01.633s,    000h 23m 41.199s
886,    1631,    1422830,    000h 00m 01.631s,    000h 23m 42.830s
887,    1641,    1424471,    000h 00m 01.641s,    000h 23m 44.471s
888,    1686,    1426157,    000h 00m 01.686s,    000h 23m 46.157s
889,    1511,    1427668,    000h 00m 01.511s,    000h 23m 47.668s
890,    1614,    1429282,    000h 00m 01.614s,    000h 23m 49.282s
891,    1681,    1430963,    000h 00m 01.681s,    000h 23m 50.963s
892,    1595,    1432558,    000h 00m 01.595s,    000h 23m 52.558s
893,    1637,    1434195,    000h 00m 01.637s,    000h 23m 54.195s
894,    1616,    1435811,    000h 00m 01.616s,    000h 23m 55.811s
895,    1544,    1437355,    000h 00m 01.544s,    000h 23m 57.355s
896,    1630,    1438985,    000h 00m 01.630s,    000h 23m 58.985s
897,    1650,    1440635,    000h 00m 01.650s,    000h 24m 00.635s
898,    1557,    1442192,    000h 00m 01.557s,    000h 24m 02.192s
899,    1596,    1443788,    000h 00m 01.596s,    000h 24m 03.788s
900,    1612,    1445400,    000h 00m 01.612s,    000h 24m 05.400s
901,    1560,    1446960,    000h 00m 01.560s,    000h 24m 06.960s
902,    1636,    1448596,    000h 00m 01.636s,    000h 24m 08.596s
903,    1566,    1450162,    000h 00m 01.566s,    000h 24m 10.162s
904,    1702,    1451864,    000h 00m 01.702s,    000h 24m 11.864s
905,    1625,    1453489,    000h 00m 01.625s,    000h 24m 13.489s
906,    1634,    1455123,    000h 00m 01.634s,    000h 24m 15.123s
907,    1716,    1456839,    000h 00m 01.716s,    000h 24m 16.839s
908,    1626,    1458465,    000h 00m 01.626s,    000h 24m 18.465s
909,    1546,    1460011,    000h 00m 01.546s,    000h 24m 20.011s
910,    1555,    1461566,    000h 00m 01.555s,    000h 24m 21.566s
911,    1611,    1463177,    000h 00m 01.611s,    000h 24m 23.177s
912,    1665,    1464842,    000h 00m 01.665s,    000h 24m 24.842s
913,    1501,    1466343,    000h 00m 01.501s,    000h 24m 26.343s
914,    1587,    1467930,    000h 00m 01.587s,    000h 24m 27.930s
915,    1637,    1469567,    000h 00m 01.637s,    000h 24m 29.567s
916,    1581,    1471148,    000h 00m 01.581s,    000h 24m 31.148s
917,    1578,    1472726,    000h 00m 01.578s,    000h 24m 32.726s
918,    1595,    1474321,    000h 00m 01.595s,    000h 24m 34.321s
919,    1603,    1475924,    000h 00m 01.603s,    000h 24m 35.924s
920,    1611,    1477535,    000h 00m 01.611s,    000h 24m 37.535s
921,    1577,    1479112,    000h 00m 01.577s,    000h 24m 39.112s
922,    1564,    1480676,    000h 00m 01.564s,    000h 24m 40.676s
923,    1620,    1482296,    000h 00m 01.620s,    000h 24m 42.296s
924,    1614,    1483910,    000h 00m 01.614s,    000h 24m 43.910s
925,    1624,    1485534,    000h 00m 01.624s,    000h 24m 45.534s
926,    1604,    1487138,    000h 00m 01.604s,    000h 24m 47.138s
927,    1738,    1488876,    000h 00m 01.738s,    000h 24m 48.876s
928,    1548,    1490424,    000h 00m 01.548s,    000h 24m 50.424s
929,    1612,    1492036,    000h 00m 01.612s,    000h 24m 52.036s
930,    1626,    1493662,    000h 00m 01.626s,    000h 24m 53.662s
931,    1639,    1495301,    000h 00m 01.639s,    000h 24m 55.301s
932,    1617,    1496918,    000h 00m 01.617s,    000h 24m 56.918s
933,    1612,    1498530,    000h 00m 01.612s,    000h 24m 58.530s
934,    1621,    1500151,    000h 00m 01.621s,    000h 25m 00.151s
935,    1589,    1501740,    000h 00m 01.589s,    000h 25m 01.740s
936,    1593,    1503333,    000h 00m 01.593s,    000h 25m 03.333s
937,    1663,    1504996,    000h 00m 01.663s,    000h 25m 04.996s
938,    1628,    1506624,    000h 00m 01.628s,    000h 25m 06.624s
939,    1647,    1508271,    000h 00m 01.647s,    000h 25m 08.271s
940,    1595,    1509866,    000h 00m 01.595s,    000h 25m 09.866s
941,    1653,    1511519,    000h 00m 01.653s,    000h 25m 11.519s
942,    1616,    1513135,    000h 00m 01.616s,    000h 25m 13.135s
943,    1629,    1514764,    000h 00m 01.629s,    000h 25m 14.764s
944,    1610,    1516374,    000h 00m 01.610s,    000h 25m 16.374s
945,    1675,    1518049,    000h 00m 01.675s,    000h 25m 18.049s
946,    1565,    1519614,    000h 00m 01.565s,    000h 25m 19.614s
947,    1637,    1521251,    000h 00m 01.637s,    000h 25m 21.251s
948,    1510,    1522761,    000h 00m 01.510s,    000h 25m 22.761s
949,    1708,    1524469,    000h 00m 01.708s,    000h 25m 24.469s
950,    1546,    1526015,    000h 00m 01.546s,    000h 25m 26.015s
951,    1642,    1527657,    000h 00m 01.642s,    000h 25m 27.657s
952,    1618,    1529275,    000h 00m 01.618s,    000h 25m 29.275s
953,    1704,    1530979,    000h 00m 01.704s,    000h 25m 30.979s
954,    1592,    1532571,    000h 00m 01.592s,    000h 25m 32.571s
955,    1648,    1534219,    000h 00m 01.648s,    000h 25m 34.219s
956,    1622,    1535841,    000h 00m 01.622s,    000h 25m 35.841s
957,    1682,    1537523,    000h 00m 01.682s,    000h 25m 37.523s
958,    1605,    1539128,    000h 00m 01.605s,    000h 25m 39.128s
959,    1561,    1540689,    000h 00m 01.561s,    000h 25m 40.689s
960,    1665,    1542354,    000h 00m 01.665s,    000h 25m 42.354s
961,    1632,    1543986,    000h 00m 01.632s,    000h 25m 43.986s
962,    1623,    1545609,    000h 00m 01.623s,    000h 25m 45.609s
963,    1607,    1547216,    000h 00m 01.607s,    000h 25m 47.216s
964,    1592,    1548808,    000h 00m 01.592s,    000h 25m 48.808s
965,    1636,    1550444,    000h 00m 01.636s,    000h 25m 50.444s
966,    1602,    1552046,    000h 00m 01.602s,    000h 25m 52.046s
967,    1634,    1553680,    000h 00m 01.634s,    000h 25m 53.680s
968,    1613,    1555293,    000h 00m 01.613s,    000h 25m 55.293s
969,    1580,    1556873,    000h 00m 01.580s,    000h 25m 56.873s
970,    1601,    1558474,    000h 00m 01.601s,    000h 25m 58.474s
971,    1608,    1560082,    000h 00m 01.608s,    000h 26m 00.082s
972,    1615,    1561697,    000h 00m 01.615s,    000h 26m 01.697s
973,    1601,    1563298,    000h 00m 01.601s,    000h 26m 03.298s
974,    1527,    1564825,    000h 00m 01.527s,    000h 26m 04.825s
975,    1577,    1566402,    000h 00m 01.577s,    000h 26m 06.402s
976,    1660,    1568062,    000h 00m 01.660s,    000h 26m 08.062s
977,    1586,    1569648,    000h 00m 01.586s,    000h 26m 09.648s
978,    1628,    1571276,    000h 00m 01.628s,    000h 26m 11.276s
979,    1618,    1572894,    000h 00m 01.618s,    000h 26m 12.894s
980,    1632,    1574526,    000h 00m 01.632s,    000h 26m 14.526s
981,    1646,    1576172,    000h 00m 01.646s,    000h 26m 16.172s
982,    1613,    1577785,    000h 00m 01.613s,    000h 26m 17.785s
983,    1618,    1579403,    000h 00m 01.618s,    000h 26m 19.403s
984,    1519,    1580922,    000h 00m 01.519s,    000h 26m 20.922s
985,    1653,    1582575,    000h 00m 01.653s,    000h 26m 22.575s
986,    1582,    1584157,    000h 00m 01.582s,    000h 26m 24.157s
987,    1660,    1585817,    000h 00m 01.660s,    000h 26m 25.817s
988,    1642,    1587459,    000h 00m 01.642s,    000h 26m 27.459s
989,    1607,    1589066,    000h 00m 01.607s,    000h 26m 29.066s
990,    1513,    1590579,    000h 00m 01.513s,    000h 26m 30.579s
991,    1606,    1592185,    000h 00m 01.606s,    000h 26m 32.185s
992,    1641,    1593826,    000h 00m 01.641s,    000h 26m 33.826s
993,    1627,    1595453,    000h 00m 01.627s,    000h 26m 35.453s
994,    1605,    1597058,    000h 00m 01.605s,    000h 26m 37.058s
995,    1716,    1598774,    000h 00m 01.716s,    000h 26m 38.774s
996,    1643,    1600417,    000h 00m 01.643s,    000h 26m 40.417s
997,    1602,    1602019,    000h 00m 01.602s,    000h 26m 42.019s
998,    1673,    1603692,    000h 00m 01.673s,    000h 26m 43.692s
999,    1576,    1605268,    000h 00m 01.576s,    000h 26m 45.268s
1000,    1621,    1606889,    000h 00m 01.621s,    000h 26m 46.889s
1001,    1610,    1608499,    000h 00m 01.610s,    000h 26m 48.499s
1002,    1644,    1610143,    000h 00m 01.644s,    000h 26m 50.143s
1003,    1635,    1611778,    000h 00m 01.635s,    000h 26m 51.778s
1004,    1609,    1613387,    000h 00m 01.609s,    000h 26m 53.387s
1005,    1511,    1614898,    000h 00m 01.511s,    000h 26m 54.898s
1006,    1512,    1616410,    000h 00m 01.512s,    000h 26m 56.410s
1007,    1677,    1618087,    000h 00m 01.677s,    000h 26m 58.087s
1008,    1541,    1619628,    000h 00m 01.541s,    000h 26m 59.628s
1009,    1604,    1621232,    000h 00m 01.604s,    000h 27m 01.232s
1010,    1637,    1622869,    000h 00m 01.637s,    000h 27m 02.869s
1011,    1659,    1624528,    000h 00m 01.659s,    000h 27m 04.528s
1012,    1594,    1626122,    000h 00m 01.594s,    000h 27m 06.122s
1013,    1571,    1627693,    000h 00m 01.571s,    000h 27m 07.693s
1014,    1553,    1629246,    000h 00m 01.553s,    000h 27m 09.246s
1015,    1628,    1630874,    000h 00m 01.628s,    000h 27m 10.874s
1016,    1597,    1632471,    000h 00m 01.597s,    000h 27m 12.471s
1017,    1623,    1634094,    000h 00m 01.623s,    000h 27m 14.094s
1018,    1656,    1635750,    000h 00m 01.656s,    000h 27m 15.750s
1019,    1684,    1637434,    000h 00m 01.684s,    000h 27m 17.434s
1020,    1552,    1638986,    000h 00m 01.552s,    000h 27m 18.986s
1021,    1626,    1640612,    000h 00m 01.626s,    000h 27m 20.612s
1022,    1629,    1642241,    000h 00m 01.629s,    000h 27m 22.241s
1023,    1637,    1643878,    000h 00m 01.637s,    000h 27m 23.878s
1024,    1583,    1645461,    000h 00m 01.583s,    000h 27m 25.461s
1025,    1638,    1647099,    000h 00m 01.638s,    000h 27m 27.099s
