pass,    time (ms),    total time (ms),    time,     total_time
1,    2373,    2373,    000h 00m 02.373s,    000h 00m 02.373s
2,    2445,    4818,    000h 00m 02.445s,    000h 00m 04.818s
3,    2389,    7207,    000h 00m 02.389s,    000h 00m 07.207s
4,    2419,    9626,    000h 00m 02.419s,    000h 00m 09.626s
5,    2269,    11895,    000h 00m 02.269s,    000h 00m 11.895s
6,    2301,    14196,    000h 00m 02.301s,    000h 00m 14.196s
7,    2414,    16610,    000h 00m 02.414s,    000h 00m 16.610s
8,    2299,    18909,    000h 00m 02.299s,    000h 00m 18.909s
9,    2380,    21289,    000h 00m 02.380s,    000h 00m 21.289s
10,    2204,    23493,    000h 00m 02.204s,    000h 00m 23.493s
11,    2195,    25688,    000h 00m 02.195s,    000h 00m 25.688s
12,    2396,    28084,    000h 00m 02.396s,    000h 00m 28.084s
13,    2376,    30460,    000h 00m 02.376s,    000h 00m 30.460s
14,    2408,    32868,    000h 00m 02.408s,    000h 00m 32.868s
15,    2384,    35252,    000h 00m 02.384s,    000h 00m 35.252s
16,    2215,    37467,    000h 00m 02.215s,    000h 00m 37.467s
17,    2247,    39714,    000h 00m 02.247s,    000h 00m 39.714s
18,    2332,    42046,    000h 00m 02.332s,    000h 00m 42.046s
19,    2374,    44420,    000h 00m 02.374s,    000h 00m 44.420s
20,    2234,    46654,    000h 00m 02.234s,    000h 00m 46.654s
21,    2315,    48969,    000h 00m 02.315s,    000h 00m 48.969s
22,    2228,    51197,    000h 00m 02.228s,    000h 00m 51.197s
23,    2276,    53473,    000h 00m 02.276s,    000h 00m 53.473s
24,    2357,    55830,    000h 00m 02.357s,    000h 00m 55.830s
25,    2264,    58094,    000h 00m 02.264s,    000h 00m 58.094s
26,    2429,    60523,    000h 00m 02.429s,    000h 01m 00.523s
27,    2348,    62871,    000h 00m 02.348s,    000h 01m 02.871s
28,    2292,    65163,    000h 00m 02.292s,    000h 01m 05.163s
29,    2134,    67297,    000h 00m 02.134s,    000h 01m 07.297s
30,    2286,    69583,    000h 00m 02.286s,    000h 01m 09.583s
31,    2385,    71968,    000h 00m 02.385s,    000h 01m 11.968s
32,    2299,    74267,    000h 00m 02.299s,    000h 01m 14.267s
33,    2259,    76526,    000h 00m 02.259s,    000h 01m 16.526s
34,    2104,    78630,    000h 00m 02.104s,    000h 01m 18.630s
35,    2352,    80982,    000h 00m 02.352s,    000h 01m 20.982s
36,    2052,    83034,    000h 00m 02.052s,    000h 01m 23.034s
37,    2239,    85273,    000h 00m 02.239s,    000h 01m 25.273s
38,    2301,    87574,    000h 00m 02.301s,    000h 01m 27.574s
39,    2288,    89862,    000h 00m 02.288s,    000h 01m 29.862s
40,    2367,    92229,    000h 00m 02.367s,    000h 01m 32.229s
41,    2289,    94518,    000h 00m 02.289s,    000h 01m 34.518s
42,    2167,    96685,    000h 00m 02.167s,    000h 01m 36.685s
43,    2080,    98765,    000h 00m 02.080s,    000h 01m 38.765s
44,    2340,    101105,    000h 00m 02.340s,    000h 01m 41.105s
45,    2324,    103429,    000h 00m 02.324s,    000h 01m 43.429s
46,    2340,    105769,    000h 00m 02.340s,    000h 01m 45.769s
47,    2110,    107879,    000h 00m 02.110s,    000h 01m 47.879s
48,    2219,    110098,    000h 00m 02.219s,    000h 01m 50.098s
49,    2306,    112404,    000h 00m 02.306s,    000h 01m 52.404s
50,    2277,    114681,    000h 00m 02.277s,    000h 01m 54.681s
51,    2367,    117048,    000h 00m 02.367s,    000h 01m 57.048s
52,    2232,    119280,    000h 00m 02.232s,    000h 01m 59.280s
53,    2105,    121385,    000h 00m 02.105s,    000h 02m 01.385s
54,    2355,    123740,    000h 00m 02.355s,    000h 02m 03.740s
55,    2236,    125976,    000h 00m 02.236s,    000h 02m 05.976s
56,    2263,    128239,    000h 00m 02.263s,    000h 02m 08.239s
57,    2351,    130590,    000h 00m 02.351s,    000h 02m 10.590s
58,    2093,    132683,    000h 00m 02.093s,    000h 02m 12.683s
59,    2418,    135101,    000h 00m 02.418s,    000h 02m 15.101s
60,    2205,    137306,    000h 00m 02.205s,    000h 02m 17.306s
61,    2174,    139480,    000h 00m 02.174s,    000h 02m 19.480s
62,    2126,    141606,    000h 00m 02.126s,    000h 02m 21.606s
63,    2263,    143869,    000h 00m 02.263s,    000h 02m 23.869s
64,    2212,    146081,    000h 00m 02.212s,    000h 02m 26.081s
65,    2230,    148311,    000h 00m 02.230s,    000h 02m 28.311s
66,    2275,    150586,    000h 00m 02.275s,    000h 02m 30.586s
67,    2364,    152950,    000h 00m 02.364s,    000h 02m 32.950s
68,    2428,    155378,    000h 00m 02.428s,    000h 02m 35.378s
69,    2388,    157766,    000h 00m 02.388s,    000h 02m 37.766s
70,    2393,    160159,    000h 00m 02.393s,    000h 02m 40.159s
71,    2267,    162426,    000h 00m 02.267s,    000h 02m 42.426s
72,    2311,    164737,    000h 00m 02.311s,    000h 02m 44.737s
73,    2287,    167024,    000h 00m 02.287s,    000h 02m 47.024s
74,    2353,    169377,    000h 00m 02.353s,    000h 02m 49.377s
75,    2157,    171534,    000h 00m 02.157s,    000h 02m 51.534s
76,    2334,    173868,    000h 00m 02.334s,    000h 02m 53.868s
77,    2359,    176227,    000h 00m 02.359s,    000h 02m 56.227s
78,    2273,    178500,    000h 00m 02.273s,    000h 02m 58.500s
79,    2331,    180831,    000h 00m 02.331s,    000h 03m 00.831s
80,    2366,    183197,    000h 00m 02.366s,    000h 03m 03.197s
81,    2365,    185562,    000h 00m 02.365s,    000h 03m 05.562s
82,    2194,    187756,    000h 00m 02.194s,    000h 03m 07.756s
83,    2149,    189905,    000h 00m 02.149s,    000h 03m 09.905s
84,    2317,    192222,    000h 00m 02.317s,    000h 03m 12.222s
85,    2258,    194480,    000h 00m 02.258s,    000h 03m 14.480s
86,    2141,    196621,    000h 00m 02.141s,    000h 03m 16.621s
87,    2333,    198954,    000h 00m 02.333s,    000h 03m 18.954s
88,    2221,    201175,    000h 00m 02.221s,    000h 03m 21.175s
89,    2194,    203369,    000h 00m 02.194s,    000h 03m 23.369s
90,    2267,    205636,    000h 00m 02.267s,    000h 03m 25.636s
91,    2320,    207956,    000h 00m 02.320s,    000h 03m 27.956s
92,    2293,    210249,    000h 00m 02.293s,    000h 03m 30.249s
93,    2387,    212636,    000h 00m 02.387s,    000h 03m 32.636s
94,    2231,    214867,    000h 00m 02.231s,    000h 03m 34.867s
95,    2258,    217125,    000h 00m 02.258s,    000h 03m 37.125s
96,    2428,    219553,    000h 00m 02.428s,    000h 03m 39.553s
97,    2327,    221880,    000h 00m 02.327s,    000h 03m 41.880s
98,    2271,    224151,    000h 00m 02.271s,    000h 03m 44.151s
99,    2128,    226279,    000h 00m 02.128s,    000h 03m 46.279s
100,    2232,    228511,    000h 00m 02.232s,    000h 03m 48.511s
101,    2258,    230769,    000h 00m 02.258s,    000h 03m 50.769s
102,    2243,    233012,    000h 00m 02.243s,    000h 03m 53.012s
103,    2335,    235347,    000h 00m 02.335s,    000h 03m 55.347s
104,    2223,    237570,    000h 00m 02.223s,    000h 03m 57.570s
105,    2365,    239935,    000h 00m 02.365s,    000h 03m 59.935s
106,    2143,    242078,    000h 00m 02.143s,    000h 04m 02.078s
107,    2407,    244485,    000h 00m 02.407s,    000h 04m 04.485s
108,    2379,    246864,    000h 00m 02.379s,    000h 04m 06.864s
109,    2330,    249194,    000h 00m 02.330s,    000h 04m 09.194s
110,    2336,    251530,    000h 00m 02.336s,    000h 04m 11.530s
111,    2350,    253880,    000h 00m 02.350s,    000h 04m 13.880s
112,    2490,    256370,    000h 00m 02.490s,    000h 04m 16.370s
113,    2339,    258709,    000h 00m 02.339s,    000h 04m 18.709s
114,    2244,    260953,    000h 00m 02.244s,    000h 04m 20.953s
115,    2286,    263239,    000h 00m 02.286s,    000h 04m 23.239s
116,    2308,    265547,    000h 00m 02.308s,    000h 04m 25.547s
117,    2368,    267915,    000h 00m 02.368s,    000h 04m 27.915s
118,    2265,    270180,    000h 00m 02.265s,    000h 04m 30.180s
119,    2092,    272272,    000h 00m 02.092s,    000h 04m 32.272s
120,    2333,    274605,    000h 00m 02.333s,    000h 04m 34.605s
121,    2200,    276805,    000h 00m 02.200s,    000h 04m 36.805s
122,    2125,    278930,    000h 00m 02.125s,    000h 04m 38.930s
123,    2336,    281266,    000h 00m 02.336s,    000h 04m 41.266s
124,    2390,    283656,    000h 00m 02.390s,    000h 04m 43.656s
125,    2310,    285966,    000h 00m 02.310s,    000h 04m 45.966s
126,    2230,    288196,    000h 00m 02.230s,    000h 04m 48.196s
127,    2372,    290568,    000h 00m 02.372s,    000h 04m 50.568s
128,    2368,    292936,    000h 00m 02.368s,    000h 04m 52.936s
129,    2199,    295135,    000h 00m 02.199s,    000h 04m 55.135s
130,    2453,    297588,    000h 00m 02.453s,    000h 04m 57.588s
131,    2336,    299924,    000h 00m 02.336s,    000h 04m 59.924s
132,    2342,    302266,    000h 00m 02.342s,    000h 05m 02.266s
133,    2307,    304573,    000h 00m 02.307s,    000h 05m 04.573s
134,    2327,    306900,    000h 00m 02.327s,    000h 05m 06.900s
135,    2251,    309151,    000h 00m 02.251s,    000h 05m 09.151s
136,    2253,    311404,    000h 00m 02.253s,    000h 05m 11.404s
137,    2230,    313634,    000h 00m 02.230s,    000h 05m 13.634s
138,    2164,    315798,    000h 00m 02.164s,    000h 05m 15.798s
139,    2235,    318033,    000h 00m 02.235s,    000h 05m 18.033s
140,    2218,    320251,    000h 00m 02.218s,    000h 05m 20.251s
141,    2350,    322601,    000h 00m 02.350s,    000h 05m 22.601s
142,    2324,    324925,    000h 00m 02.324s,    000h 05m 24.925s
143,    2337,    327262,    000h 00m 02.337s,    000h 05m 27.262s
144,    2225,    329487,    000h 00m 02.225s,    000h 05m 29.487s
145,    2307,    331794,    000h 00m 02.307s,    000h 05m 31.794s
146,    2261,    334055,    000h 00m 02.261s,    000h 05m 34.055s
147,    2321,    336376,    000h 00m 02.321s,    000h 05m 36.376s
148,    2103,    338479,    000h 00m 02.103s,    000h 05m 38.479s
149,    2362,    340841,    000h 00m 02.362s,    000h 05m 40.841s
150,    2279,    343120,    000h 00m 02.279s,    000h 05m 43.120s
151,    2284,    345404,    000h 00m 02.284s,    000h 05m 45.404s
152,    2198,    347602,    000h 00m 02.198s,    000h 05m 47.602s
153,    2300,    349902,    000h 00m 02.300s,    000h 05m 49.902s
154,    2303,    352205,    000h 00m 02.303s,    000h 05m 52.205s
155,    2268,    354473,    000h 00m 02.268s,    000h 05m 54.473s
156,    2364,    356837,    000h 00m 02.364s,    000h 05m 56.837s
157,    2359,    359196,    000h 00m 02.359s,    000h 05m 59.196s
158,    2384,    361580,    000h 00m 02.384s,    000h 06m 01.580s
159,    2342,    363922,    000h 00m 02.342s,    000h 06m 03.922s
160,    2193,    366115,    000h 00m 02.193s,    000h 06m 06.115s
161,    2309,    368424,    000h 00m 02.309s,    000h 06m 08.424s
162,    2310,    370734,    000h 00m 02.310s,    000h 06m 10.734s
163,    2192,    372926,    000h 00m 02.192s,    000h 06m 12.926s
164,    2174,    375100,    000h 00m 02.174s,    000h 06m 15.100s
165,    2376,    377476,    000h 00m 02.376s,    000h 06m 17.476s
166,    2082,    379558,    000h 00m 02.082s,    000h 06m 19.558s
167,    2369,    381927,    000h 00m 02.369s,    000h 06m 21.927s
168,    2231,    384158,    000h 00m 02.231s,    000h 06m 24.158s
169,    2296,    386454,    000h 00m 02.296s,    000h 06m 26.454s
170,    2378,    388832,    000h 00m 02.378s,    000h 06m 28.832s
171,    2339,    391171,    000h 00m 02.339s,    000h 06m 31.171s
172,    2324,    393495,    000h 00m 02.324s,    000h 06m 33.495s
173,    2383,    395878,    000h 00m 02.383s,    000h 06m 35.878s
174,    2330,    398208,    000h 00m 02.330s,    000h 06m 38.208s
175,    2419,    400627,    000h 00m 02.419s,    000h 06m 40.627s
176,    2192,    402819,    000h 00m 02.192s,    000h 06m 42.819s
177,    2465,    405284,    000h 00m 02.465s,    000h 06m 45.284s
178,    2426,    407710,    000h 00m 02.426s,    000h 06m 47.710s
179,    2451,    410161,    000h 00m 02.451s,    000h 06m 50.161s
180,    2241,    412402,    000h 00m 02.241s,    000h 06m 52.402s
181,    2264,    414666,    000h 00m 02.264s,    000h 06m 54.666s
182,    2378,    417044,    000h 00m 02.378s,    000h 06m 57.044s
183,    2294,    419338,    000h 00m 02.294s,    000h 06m 59.338s
184,    2358,    421696,    000h 00m 02.358s,    000h 07m 01.696s
185,    2347,    424043,    000h 00m 02.347s,    000h 07m 04.043s
186,    2130,    426173,    000h 00m 02.130s,    000h 07m 06.173s
187,    2363,    428536,    000h 00m 02.363s,    000h 07m 08.536s
188,    2093,    430629,    000h 00m 02.093s,    000h 07m 10.629s
189,    2137,    432766,    000h 00m 02.137s,    000h 07m 12.766s
190,    2183,    434949,    000h 00m 02.183s,    000h 07m 14.949s
191,    2276,    437225,    000h 00m 02.276s,    000h 07m 17.225s
192,    2261,    439486,    000h 00m 02.261s,    000h 07m 19.486s
193,    2116,    441602,    000h 00m 02.116s,    000h 07m 21.602s
194,    2381,    443983,    000h 00m 02.381s,    000h 07m 23.983s
195,    2409,    446392,    000h 00m 02.409s,    000h 07m 26.392s
196,    2183,    448575,    000h 00m 02.183s,    000h 07m 28.575s
197,    2279,    450854,    000h 00m 02.279s,    000h 07m 30.854s
198,    2278,    453132,    000h 00m 02.278s,    000h 07m 33.132s
199,    2323,    455455,    000h 00m 02.323s,    000h 07m 35.455s
200,    2349,    457804,    000h 00m 02.349s,    000h 07m 37.804s
201,    2265,    460069,    000h 00m 02.265s,    000h 07m 40.069s
202,    2147,    462216,    000h 00m 02.147s,    000h 07m 42.216s
203,    2333,    464549,    000h 00m 02.333s,    000h 07m 44.549s
204,    2274,    466823,    000h 00m 02.274s,    000h 07m 46.823s
205,    2297,    469120,    000h 00m 02.297s,    000h 07m 49.120s
206,    2230,    471350,    000h 00m 02.230s,    000h 07m 51.350s
207,    2276,    473626,    000h 00m 02.276s,    000h 07m 53.626s
208,    2065,    475691,    000h 00m 02.065s,    000h 07m 55.691s
209,    2334,    478025,    000h 00m 02.334s,    000h 07m 58.025s
210,    2208,    480233,    000h 00m 02.208s,    000h 08m 00.233s
211,    2262,    482495,    000h 00m 02.262s,    000h 08m 02.495s
212,    2292,    484787,    000h 00m 02.292s,    000h 08m 04.787s
213,    2104,    486891,    000h 00m 02.104s,    000h 08m 06.891s
214,    2117,    489008,    000h 00m 02.117s,    000h 08m 09.008s
215,    2245,    491253,    000h 00m 02.245s,    000h 08m 11.253s
216,    2281,    493534,    000h 00m 02.281s,    000h 08m 13.534s
217,    2255,    495789,    000h 00m 02.255s,    000h 08m 15.789s
218,    2239,    498028,    000h 00m 02.239s,    000h 08m 18.028s
219,    2387,    500415,    000h 00m 02.387s,    000h 08m 20.415s
220,    2117,    502532,    000h 00m 02.117s,    000h 08m 22.532s
221,    2207,    504739,    000h 00m 02.207s,    000h 08m 24.739s
222,    20706,    525445,    000h 00m 20.706s,    000h 08m 45.445s
223,    33882,    559327,    000h 00m 33.882s,    000h 09m 19.327s
224,    34115,    593442,    000h 00m 34.115s,    000h 09m 53.442s
225,    15614,    609056,    000h 00m 15.614s,    000h 10m 09.056s
226,    2311,    611367,    000h 00m 02.311s,    000h 10m 11.367s
227,    2383,    613750,    000h 00m 02.383s,    000h 10m 13.750s
228,    2215,    615965,    000h 00m 02.215s,    000h 10m 15.965s
229,    2376,    618341,    000h 00m 02.376s,    000h 10m 18.341s
230,    2326,    620667,    000h 00m 02.326s,    000h 10m 20.667s
231,    2422,    623089,    000h 00m 02.422s,    000h 10m 23.089s
232,    2388,    625477,    000h 00m 02.388s,    000h 10m 25.477s
233,    2475,    627952,    000h 00m 02.475s,    000h 10m 27.952s
234,    2223,    630175,    000h 00m 02.223s,    000h 10m 30.175s
235,    2390,    632565,    000h 00m 02.390s,    000h 10m 32.565s
236,    2428,    634993,    000h 00m 02.428s,    000h 10m 34.993s
237,    2316,    637309,    000h 00m 02.316s,    000h 10m 37.309s
238,    2392,    639701,    000h 00m 02.392s,    000h 10m 39.701s
239,    2398,    642099,    000h 00m 02.398s,    000h 10m 42.099s
240,    2400,    644499,    000h 00m 02.400s,    000h 10m 44.499s
241,    2250,    646749,    000h 00m 02.250s,    000h 10m 46.749s
242,    2135,    648884,    000h 00m 02.135s,    000h 10m 48.884s
243,    2280,    651164,    000h 00m 02.280s,    000h 10m 51.164s
244,    2315,    653479,    000h 00m 02.315s,    000h 10m 53.479s
245,    2134,    655613,    000h 00m 02.134s,    000h 10m 55.613s
246,    2254,    657867,    000h 00m 02.254s,    000h 10m 57.867s
247,    2344,    660211,    000h 00m 02.344s,    000h 11m 00.211s
248,    2275,    662486,    000h 00m 02.275s,    000h 11m 02.486s
249,    2345,    664831,    000h 00m 02.345s,    000h 11m 04.831s
250,    2194,    667025,    000h 00m 02.194s,    000h 11m 07.025s
251,    2310,    669335,    000h 00m 02.310s,    000h 11m 09.335s
252,    2074,    671409,    000h 00m 02.074s,    000h 11m 11.409s
253,    2103,    673512,    000h 00m 02.103s,    000h 11m 13.512s
254,    2231,    675743,    000h 00m 02.231s,    000h 11m 15.743s
255,    2287,    678030,    000h 00m 02.287s,    000h 11m 18.030s
256,    2300,    680330,    000h 00m 02.300s,    000h 11m 20.330s
257,    2366,    682696,    000h 00m 02.366s,    000h 11m 22.696s
258,    2272,    684968,    000h 00m 02.272s,    000h 11m 24.968s
259,    29543,    714511,    000h 00m 29.543s,    000h 11m 54.511s
260,    32960,    747471,    000h 00m 32.960s,    000h 12m 27.471s
261,    35254,    782725,    000h 00m 35.254s,    000h 13m 02.725s
262,    34947,    817672,    000h 00m 34.947s,    000h 13m 37.672s
263,    35055,    852727,    000h 00m 35.055s,    000h 14m 12.727s
264,    35301,    888028,    000h 00m 35.301s,    000h 14m 48.028s
265,    34519,    922547,    000h 00m 34.519s,    000h 15m 22.547s
266,    35739,    958286,    000h 00m 35.739s,    000h 15m 58.286s
267,    37393,    995679,    000h 00m 37.393s,    000h 16m 35.679s
268,    37106,    1032785,    000h 00m 37.106s,    000h 17m 12.785s
269,    36026,    1068811,    000h 00m 36.026s,    000h 17m 48.811s
270,    36191,    1105002,    000h 00m 36.191s,    000h 18m 25.002s
271,    35378,    1140380,    000h 00m 35.378s,    000h 19m 00.380s
272,    32299,    1172679,    000h 00m 32.299s,    000h 19m 32.679s
273,    33684,    1206363,    000h 00m 33.684s,    000h 20m 06.363s
274,    33612,    1239975,    000h 00m 33.612s,    000h 20m 39.975s
275,    34904,    1274879,    000h 00m 34.904s,    000h 21m 14.879s
276,    32126,    1307005,    000h 00m 32.126s,    000h 21m 47.005s
277,    31250,    1338255,    000h 00m 31.250s,    000h 22m 18.255s
278,    33667,    1371922,    000h 00m 33.667s,    000h 22m 51.922s
279,    34310,    1406232,    000h 00m 34.310s,    000h 23m 26.232s
280,    15280,    1421512,    000h 00m 15.280s,    000h 23m 41.512s
281,    2278,    1423790,    000h 00m 02.278s,    000h 23m 43.790s
282,    2350,    1426140,    000h 00m 02.350s,    000h 23m 46.140s
283,    2222,    1428362,    000h 00m 02.222s,    000h 23m 48.362s
284,    2419,    1430781,    000h 00m 02.419s,    000h 23m 50.781s
285,    2122,    1432903,    000h 00m 02.122s,    000h 23m 52.903s
286,    2227,    1435130,    000h 00m 02.227s,    000h 23m 55.130s
287,    2239,    1437369,    000h 00m 02.239s,    000h 23m 57.369s
288,    2100,    1439469,    000h 00m 02.100s,    000h 23m 59.469s
289,    2262,    1441731,    000h 00m 02.262s,    000h 24m 01.731s
290,    2303,    1444034,    000h 00m 02.303s,    000h 24m 04.034s
291,    2151,    1446185,    000h 00m 02.151s,    000h 24m 06.185s
292,    2172,    1448357,    000h 00m 02.172s,    000h 24m 08.357s
293,    2343,    1450700,    000h 00m 02.343s,    000h 24m 10.700s
294,    2231,    1452931,    000h 00m 02.231s,    000h 24m 12.931s
295,    2059,    1454990,    000h 00m 02.059s,    000h 24m 14.990s
296,    2359,    1457349,    000h 00m 02.359s,    000h 24m 17.349s
297,    2210,    1459559,    000h 00m 02.210s,    000h 24m 19.559s
298,    2079,    1461638,    000h 00m 02.079s,    000h 24m 21.638s
299,    2237,    1463875,    000h 00m 02.237s,    000h 24m 23.875s
300,    2078,    1465953,    000h 00m 02.078s,    000h 24m 25.953s
301,    2139,    1468092,    000h 00m 02.139s,    000h 24m 28.092s
302,    2296,    1470388,    000h 00m 02.296s,    000h 24m 30.388s
303,    2324,    1472712,    000h 00m 02.324s,    000h 24m 32.712s
304,    2133,    1474845,    000h 00m 02.133s,    000h 24m 34.845s
305,    2267,    1477112,    000h 00m 02.267s,    000h 24m 37.112s
306,    2366,    1479478,    000h 00m 02.366s,    000h 24m 39.478s
307,    8768,    1488246,    000h 00m 08.768s,    000h 24m 48.246s
308,    31146,    1519392,    000h 00m 31.146s,    000h 25m 19.392s
309,    30611,    1550003,    000h 00m 30.611s,    000h 25m 50.003s
310,    33948,    1583951,    000h 00m 33.948s,    000h 26m 23.951s
311,    32756,    1616707,    000h 00m 32.756s,    000h 26m 56.707s
312,    34837,    1651544,    000h 00m 34.837s,    000h 27m 31.544s
313,    35030,    1686574,    000h 00m 35.030s,    000h 28m 06.574s
314,    26641,    1713215,    000h 00m 26.641s,    000h 28m 33.215s
315,    2418,    1715633,    000h 00m 02.418s,    000h 28m 35.633s
316,    2398,    1718031,    000h 00m 02.398s,    000h 28m 38.031s
317,    2202,    1720233,    000h 00m 02.202s,    000h 28m 40.233s
318,    2302,    1722535,    000h 00m 02.302s,    000h 28m 42.535s
319,    2316,    1724851,    000h 00m 02.316s,    000h 28m 44.851s
320,    2165,    1727016,    000h 00m 02.165s,    000h 28m 47.016s
321,    2097,    1729113,    000h 00m 02.097s,    000h 28m 49.113s
322,    2077,    1731190,    000h 00m 02.077s,    000h 28m 51.190s
323,    2084,    1733274,    000h 00m 02.084s,    000h 28m 53.274s
324,    2324,    1735598,    000h 00m 02.324s,    000h 28m 55.598s
325,    2301,    1737899,    000h 00m 02.301s,    000h 28m 57.899s
326,    2296,    1740195,    000h 00m 02.296s,    000h 29m 00.195s
327,    2328,    1742523,    000h 00m 02.328s,    000h 29m 02.523s
328,    2114,    1744637,    000h 00m 02.114s,    000h 29m 04.637s
329,    2338,    1746975,    000h 00m 02.338s,    000h 29m 06.975s
330,    2165,    1749140,    000h 00m 02.165s,    000h 29m 09.140s
331,    2286,    1751426,    000h 00m 02.286s,    000h 29m 11.426s
332,    18995,    1770421,    000h 00m 18.995s,    000h 29m 30.421s
333,    34082,    1804503,    000h 00m 34.082s,    000h 30m 04.503s
334,    2377,    1806880,    000h 00m 02.377s,    000h 30m 06.880s
335,    2157,    1809037,    000h 00m 02.157s,    000h 30m 09.037s
336,    2210,    1811247,    000h 00m 02.210s,    000h 30m 11.247s
337,    2397,    1813644,    000h 00m 02.397s,    000h 30m 13.644s
338,    2355,    1815999,    000h 00m 02.355s,    000h 30m 15.999s
339,    2098,    1818097,    000h 00m 02.098s,    000h 30m 18.097s
340,    2115,    1820212,    000h 00m 02.115s,    000h 30m 20.212s
341,    2140,    1822352,    000h 00m 02.140s,    000h 30m 22.352s
342,    2347,    1824699,    000h 00m 02.347s,    000h 30m 24.699s
343,    2379,    1827078,    000h 00m 02.379s,    000h 30m 27.078s
344,    2273,    1829351,    000h 00m 02.273s,    000h 30m 29.351s
345,    2256,    1831607,    000h 00m 02.256s,    000h 30m 31.607s
346,    2341,    1833948,    000h 00m 02.341s,    000h 30m 33.948s
347,    2115,    1836063,    000h 00m 02.115s,    000h 30m 36.063s
348,    2206,    1838269,    000h 00m 02.206s,    000h 30m 38.269s
349,    2382,    1840651,    000h 00m 02.382s,    000h 30m 40.651s
350,    2312,    1842963,    000h 00m 02.312s,    000h 30m 42.963s
351,    2169,    1845132,    000h 00m 02.169s,    000h 30m 45.132s
352,    2124,    1847256,    000h 00m 02.124s,    000h 30m 47.256s
353,    2178,    1849434,    000h 00m 02.178s,    000h 30m 49.434s
354,    2168,    1851602,    000h 00m 02.168s,    000h 30m 51.602s
355,    2307,    1853909,    000h 00m 02.307s,    000h 30m 53.909s
356,    2264,    1856173,    000h 00m 02.264s,    000h 30m 56.173s
357,    2312,    1858485,    000h 00m 02.312s,    000h 30m 58.485s
358,    2341,    1860826,    000h 00m 02.341s,    000h 31m 00.826s
359,    2244,    1863070,    000h 00m 02.244s,    000h 31m 03.070s
360,    2340,    1865410,    000h 00m 02.340s,    000h 31m 05.410s
361,    2195,    1867605,    000h 00m 02.195s,    000h 31m 07.605s
362,    2100,    1869705,    000h 00m 02.100s,    000h 31m 09.705s
363,    2229,    1871934,    000h 00m 02.229s,    000h 31m 11.934s
364,    2380,    1874314,    000h 00m 02.380s,    000h 31m 14.314s
365,    2218,    1876532,    000h 00m 02.218s,    000h 31m 16.532s
366,    2296,    1878828,    000h 00m 02.296s,    000h 31m 18.828s
367,    2277,    1881105,    000h 00m 02.277s,    000h 31m 21.105s
368,    2325,    1883430,    000h 00m 02.325s,    000h 31m 23.430s
369,    2180,    1885610,    000h 00m 02.180s,    000h 31m 25.610s
370,    2231,    1887841,    000h 00m 02.231s,    000h 31m 27.841s
371,    2197,    1890038,    000h 00m 02.197s,    000h 31m 30.038s
372,    2210,    1892248,    000h 00m 02.210s,    000h 31m 32.248s
373,    2425,    1894673,    000h 00m 02.425s,    000h 31m 34.673s
374,    2365,    1897038,    000h 00m 02.365s,    000h 31m 37.038s
375,    2117,    1899155,    000h 00m 02.117s,    000h 31m 39.155s
376,    2394,    1901549,    000h 00m 02.394s,    000h 31m 41.549s
377,    2294,    1903843,    000h 00m 02.294s,    000h 31m 43.843s
378,    2331,    1906174,    000h 00m 02.331s,    000h 31m 46.174s
379,    2385,    1908559,    000h 00m 02.385s,    000h 31m 48.559s
380,    2109,    1910668,    000h 00m 02.109s,    000h 31m 50.668s
381,    2205,    1912873,    000h 00m 02.205s,    000h 31m 52.873s
382,    2353,    1915226,    000h 00m 02.353s,    000h 31m 55.226s
383,    2342,    1917568,    000h 00m 02.342s,    000h 31m 57.568s
384,    2279,    1919847,    000h 00m 02.279s,    000h 31m 59.847s
385,    2253,    1922100,    000h 00m 02.253s,    000h 32m 02.100s
386,    2316,    1924416,    000h 00m 02.316s,    000h 32m 04.416s
387,    2185,    1926601,    000h 00m 02.185s,    000h 32m 06.601s
388,    2251,    1928852,    000h 00m 02.251s,    000h 32m 08.852s
389,    2110,    1930962,    000h 00m 02.110s,    000h 32m 10.962s
390,    2259,    1933221,    000h 00m 02.259s,    000h 32m 13.221s
391,    2332,    1935553,    000h 00m 02.332s,    000h 32m 15.553s
392,    2229,    1937782,    000h 00m 02.229s,    000h 32m 17.782s
393,    2306,    1940088,    000h 00m 02.306s,    000h 32m 20.088s
394,    2181,    1942269,    000h 00m 02.181s,    000h 32m 22.269s
395,    2358,    1944627,    000h 00m 02.358s,    000h 32m 24.627s
396,    2331,    1946958,    000h 00m 02.331s,    000h 32m 26.958s
397,    2332,    1949290,    000h 00m 02.332s,    000h 32m 29.290s
398,    2323,    1951613,    000h 00m 02.323s,    000h 32m 31.613s
399,    2381,    1953994,    000h 00m 02.381s,    000h 32m 33.994s
400,    2240,    1956234,    000h 00m 02.240s,    000h 32m 36.234s
401,    2280,    1958514,    000h 00m 02.280s,    000h 32m 38.514s
402,    2333,    1960847,    000h 00m 02.333s,    000h 32m 40.847s
403,    2362,    1963209,    000h 00m 02.362s,    000h 32m 43.209s
404,    2197,    1965406,    000h 00m 02.197s,    000h 32m 45.406s
405,    2362,    1967768,    000h 00m 02.362s,    000h 32m 47.768s
406,    2280,    1970048,    000h 00m 02.280s,    000h 32m 50.048s
407,    2339,    1972387,    000h 00m 02.339s,    000h 32m 52.387s
408,    2354,    1974741,    000h 00m 02.354s,    000h 32m 54.741s
409,    2215,    1976956,    000h 00m 02.215s,    000h 32m 56.956s
410,    2347,    1979303,    000h 00m 02.347s,    000h 32m 59.303s
411,    2394,    1981697,    000h 00m 02.394s,    000h 33m 01.697s
412,    2231,    1983928,    000h 00m 02.231s,    000h 33m 03.928s
413,    2142,    1986070,    000h 00m 02.142s,    000h 33m 06.070s
414,    2250,    1988320,    000h 00m 02.250s,    000h 33m 08.320s
415,    2239,    1990559,    000h 00m 02.239s,    000h 33m 10.559s
416,    2203,    1992762,    000h 00m 02.203s,    000h 33m 12.762s
417,    2117,    1994879,    000h 00m 02.117s,    000h 33m 14.879s
418,    2305,    1997184,    000h 00m 02.305s,    000h 33m 17.184s
419,    2348,    1999532,    000h 00m 02.348s,    000h 33m 19.532s
420,    2311,    2001843,    000h 00m 02.311s,    000h 33m 21.843s
421,    23477,    2025320,    000h 00m 23.477s,    000h 33m 45.320s
422,    36154,    2061474,    000h 00m 36.154s,    000h 34m 21.474s
423,    34426,    2095900,    000h 00m 34.426s,    000h 34m 55.900s
424,    35128,    2131028,    000h 00m 35.128s,    000h 35m 31.028s
425,    34846,    2165874,    000h 00m 34.846s,    000h 36m 05.874s
426,    33900,    2199774,    000h 00m 33.900s,    000h 36m 39.774s
427,    33570,    2233344,    000h 00m 33.570s,    000h 37m 13.344s
428,    34157,    2267501,    000h 00m 34.157s,    000h 37m 47.501s
429,    32117,    2299618,    000h 00m 32.117s,    000h 38m 19.618s
430,    35111,    2334729,    000h 00m 35.111s,    000h 38m 54.729s
431,    33328,    2368057,    000h 00m 33.328s,    000h 39m 28.057s
432,    32958,    2401015,    000h 00m 32.958s,    000h 40m 01.015s
433,    35274,    2436289,    000h 00m 35.274s,    000h 40m 36.289s
434,    33927,    2470216,    000h 00m 33.927s,    000h 41m 10.216s
435,    35472,    2505688,    000h 00m 35.472s,    000h 41m 45.688s
436,    35259,    2540947,    000h 00m 35.259s,    000h 42m 20.947s
437,    30972,    2571919,    000h 00m 30.972s,    000h 42m 51.919s
438,    35121,    2607040,    000h 00m 35.121s,    000h 43m 27.040s
439,    29717,    2636757,    000h 00m 29.717s,    000h 43m 56.757s
440,    2331,    2639088,    000h 00m 02.331s,    000h 43m 59.088s
441,    2419,    2641507,    000h 00m 02.419s,    000h 44m 01.507s
442,    2253,    2643760,    000h 00m 02.253s,    000h 44m 03.760s
443,    2271,    2646031,    000h 00m 02.271s,    000h 44m 06.031s
444,    2330,    2648361,    000h 00m 02.330s,    000h 44m 08.361s
445,    2122,    2650483,    000h 00m 02.122s,    000h 44m 10.483s
446,    2148,    2652631,    000h 00m 02.148s,    000h 44m 12.631s
447,    2269,    2654900,    000h 00m 02.269s,    000h 44m 14.900s
448,    2386,    2657286,    000h 00m 02.386s,    000h 44m 17.286s
449,    2352,    2659638,    000h 00m 02.352s,    000h 44m 19.638s
450,    2330,    2661968,    000h 00m 02.330s,    000h 44m 21.968s
451,    2248,    2664216,    000h 00m 02.248s,    000h 44m 24.216s
452,    2360,    2666576,    000h 00m 02.360s,    000h 44m 26.576s
453,    2340,    2668916,    000h 00m 02.340s,    000h 44m 28.916s
454,    2365,    2671281,    000h 00m 02.365s,    000h 44m 31.281s
455,    2253,    2673534,    000h 00m 02.253s,    000h 44m 33.534s
456,    2344,    2675878,    000h 00m 02.344s,    000h 44m 35.878s
457,    2241,    2678119,    000h 00m 02.241s,    000h 44m 38.119s
458,    2354,    2680473,    000h 00m 02.354s,    000h 44m 40.473s
459,    2400,    2682873,    000h 00m 02.400s,    000h 44m 42.873s
460,    2260,    2685133,    000h 00m 02.260s,    000h 44m 45.133s
461,    2247,    2687380,    000h 00m 02.247s,    000h 44m 47.380s
462,    2355,    2689735,    000h 00m 02.355s,    000h 44m 49.735s
463,    2273,    2692008,    000h 00m 02.273s,    000h 44m 52.008s
464,    2354,    2694362,    000h 00m 02.354s,    000h 44m 54.362s
465,    2293,    2696655,    000h 00m 02.293s,    000h 44m 56.655s
466,    2058,    2698713,    000h 00m 02.058s,    000h 44m 58.713s
467,    2156,    2700869,    000h 00m 02.156s,    000h 45m 00.869s
468,    2398,    2703267,    000h 00m 02.398s,    000h 45m 03.267s
469,    2262,    2705529,    000h 00m 02.262s,    000h 45m 05.529s
470,    2290,    2707819,    000h 00m 02.290s,    000h 45m 07.819s
471,    2240,    2710059,    000h 00m 02.240s,    000h 45m 10.059s
472,    2338,    2712397,    000h 00m 02.338s,    000h 45m 12.397s
473,    2314,    2714711,    000h 00m 02.314s,    000h 45m 14.711s
474,    2380,    2717091,    000h 00m 02.380s,    000h 45m 17.091s
475,    2241,    2719332,    000h 00m 02.241s,    000h 45m 19.332s
476,    2189,    2721521,    000h 00m 02.189s,    000h 45m 21.521s
477,    2314,    2723835,    000h 00m 02.314s,    000h 45m 23.835s
478,    2375,    2726210,    000h 00m 02.375s,    000h 45m 26.210s
479,    2274,    2728484,    000h 00m 02.274s,    000h 45m 28.484s
480,    2414,    2730898,    000h 00m 02.414s,    000h 45m 30.898s
481,    2356,    2733254,    000h 00m 02.356s,    000h 45m 33.254s
482,    2380,    2735634,    000h 00m 02.380s,    000h 45m 35.634s
483,    2124,    2737758,    000h 00m 02.124s,    000h 45m 37.758s
484,    2400,    2740158,    000h 00m 02.400s,    000h 45m 40.158s
485,    2400,    2742558,    000h 00m 02.400s,    000h 45m 42.558s
486,    2171,    2744729,    000h 00m 02.171s,    000h 45m 44.729s
487,    2193,    2746922,    000h 00m 02.193s,    000h 45m 46.922s
488,    2249,    2749171,    000h 00m 02.249s,    000h 45m 49.171s
489,    2303,    2751474,    000h 00m 02.303s,    000h 45m 51.474s
490,    2269,    2753743,    000h 00m 02.269s,    000h 45m 53.743s
491,    2255,    2755998,    000h 00m 02.255s,    000h 45m 55.998s
492,    2267,    2758265,    000h 00m 02.267s,    000h 45m 58.265s
493,    2205,    2760470,    000h 00m 02.205s,    000h 46m 00.470s
494,    2248,    2762718,    000h 00m 02.248s,    000h 46m 02.718s
495,    2162,    2764880,    000h 00m 02.162s,    000h 46m 04.880s
496,    2347,    2767227,    000h 00m 02.347s,    000h 46m 07.227s
497,    2200,    2769427,    000h 00m 02.200s,    000h 46m 09.427s
498,    2328,    2771755,    000h 00m 02.328s,    000h 46m 11.755s
499,    2282,    2774037,    000h 00m 02.282s,    000h 46m 14.037s
500,    2305,    2776342,    000h 00m 02.305s,    000h 46m 16.342s
501,    2099,    2778441,    000h 00m 02.099s,    000h 46m 18.441s
502,    2304,    2780745,    000h 00m 02.304s,    000h 46m 20.745s
503,    2217,    2782962,    000h 00m 02.217s,    000h 46m 22.962s
504,    2358,    2785320,    000h 00m 02.358s,    000h 46m 25.320s
505,    2059,    2787379,    000h 00m 02.059s,    000h 46m 27.379s
506,    2385,    2789764,    000h 00m 02.385s,    000h 46m 29.764s
507,    2374,    2792138,    000h 00m 02.374s,    000h 46m 32.138s
508,    2293,    2794431,    000h 00m 02.293s,    000h 46m 34.431s
509,    2355,    2796786,    000h 00m 02.355s,    000h 46m 36.786s
510,    2266,    2799052,    000h 00m 02.266s,    000h 46m 39.052s
511,    2331,    2801383,    000h 00m 02.331s,    000h 46m 41.383s
512,    2153,    2803536,    000h 00m 02.153s,    000h 46m 43.536s
513,    2309,    2805845,    000h 00m 02.309s,    000h 46m 45.845s
514,    2193,    2808038,    000h 00m 02.193s,    000h 46m 48.038s
515,    2334,    2810372,    000h 00m 02.334s,    000h 46m 50.372s
516,    2407,    2812779,    000h 00m 02.407s,    000h 46m 52.779s
517,    2358,    2815137,    000h 00m 02.358s,    000h 46m 55.137s
518,    2363,    2817500,    000h 00m 02.363s,    000h 46m 57.500s
519,    2327,    2819827,    000h 00m 02.327s,    000h 46m 59.827s
520,    2127,    2821954,    000h 00m 02.127s,    000h 47m 01.954s
521,    2319,    2824273,    000h 00m 02.319s,    000h 47m 04.273s
522,    2378,    2826651,    000h 00m 02.378s,    000h 47m 06.651s
523,    2381,    2829032,    000h 00m 02.381s,    000h 47m 09.032s
524,    2244,    2831276,    000h 00m 02.244s,    000h 47m 11.276s
525,    2135,    2833411,    000h 00m 02.135s,    000h 47m 13.411s
526,    2366,    2835777,    000h 00m 02.366s,    000h 47m 15.777s
527,    2295,    2838072,    000h 00m 02.295s,    000h 47m 18.072s
528,    2255,    2840327,    000h 00m 02.255s,    000h 47m 20.327s
529,    2263,    2842590,    000h 00m 02.263s,    000h 47m 22.590s
530,    2278,    2844868,    000h 00m 02.278s,    000h 47m 24.868s
531,    2282,    2847150,    000h 00m 02.282s,    000h 47m 27.150s
532,    2275,    2849425,    000h 00m 02.275s,    000h 47m 29.425s
533,    2364,    2851789,    000h 00m 02.364s,    000h 47m 31.789s
534,    2137,    2853926,    000h 00m 02.137s,    000h 47m 33.926s
535,    2291,    2856217,    000h 00m 02.291s,    000h 47m 36.217s
536,    2388,    2858605,    000h 00m 02.388s,    000h 47m 38.605s
537,    2311,    2860916,    000h 00m 02.311s,    000h 47m 40.916s
538,    2299,    2863215,    000h 00m 02.299s,    000h 47m 43.215s
539,    2305,    2865520,    000h 00m 02.305s,    000h 47m 45.520s
540,    2178,    2867698,    000h 00m 02.178s,    000h 47m 47.698s
541,    2236,    2869934,    000h 00m 02.236s,    000h 47m 49.934s
542,    2268,    2872202,    000h 00m 02.268s,    000h 47m 52.202s
543,    2183,    2874385,    000h 00m 02.183s,    000h 47m 54.385s
544,    2320,    2876705,    000h 00m 02.320s,    000h 47m 56.705s
545,    2149,    2878854,    000h 00m 02.149s,    000h 47m 58.854s
546,    2188,    2881042,    000h 00m 02.188s,    000h 48m 01.042s
547,    2150,    2883192,    000h 00m 02.150s,    000h 48m 03.192s
548,    2345,    2885537,    000h 00m 02.345s,    000h 48m 05.537s
549,    2329,    2887866,    000h 00m 02.329s,    000h 48m 07.866s
550,    2202,    2890068,    000h 00m 02.202s,    000h 48m 10.068s
551,    2254,    2892322,    000h 00m 02.254s,    000h 48m 12.322s
552,    2395,    2894717,    000h 00m 02.395s,    000h 48m 14.717s
553,    2293,    2897010,    000h 00m 02.293s,    000h 48m 17.010s
554,    2365,    2899375,    000h 00m 02.365s,    000h 48m 19.375s
555,    2277,    2901652,    000h 00m 02.277s,    000h 48m 21.652s
556,    2312,    2903964,    000h 00m 02.312s,    000h 48m 23.964s
557,    2359,    2906323,    000h 00m 02.359s,    000h 48m 26.323s
558,    2077,    2908400,    000h 00m 02.077s,    000h 48m 28.400s
559,    2289,    2910689,    000h 00m 02.289s,    000h 48m 30.689s
560,    2390,    2913079,    000h 00m 02.390s,    000h 48m 33.079s
561,    2321,    2915400,    000h 00m 02.321s,    000h 48m 35.400s
562,    2307,    2917707,    000h 00m 02.307s,    000h 48m 37.707s
563,    2368,    2920075,    000h 00m 02.368s,    000h 48m 40.075s
564,    2381,    2922456,    000h 00m 02.381s,    000h 48m 42.456s
565,    2380,    2924836,    000h 00m 02.380s,    000h 48m 44.836s
566,    2309,    2927145,    000h 00m 02.309s,    000h 48m 47.145s
567,    2091,    2929236,    000h 00m 02.091s,    000h 48m 49.236s
568,    2336,    2931572,    000h 00m 02.336s,    000h 48m 51.572s
569,    2127,    2933699,    000h 00m 02.127s,    000h 48m 53.699s
570,    2115,    2935814,    000h 00m 02.115s,    000h 48m 55.814s
571,    2338,    2938152,    000h 00m 02.338s,    000h 48m 58.152s
572,    2176,    2940328,    000h 00m 02.176s,    000h 49m 00.328s
573,    2304,    2942632,    000h 00m 02.304s,    000h 49m 02.632s
574,    2392,    2945024,    000h 00m 02.392s,    000h 49m 05.024s
575,    2342,    2947366,    000h 00m 02.342s,    000h 49m 07.366s
576,    2434,    2949800,    000h 00m 02.434s,    000h 49m 09.800s
577,    2118,    2951918,    000h 00m 02.118s,    000h 49m 11.918s
578,    2180,    2954098,    000h 00m 02.180s,    000h 49m 14.098s
579,    2300,    2956398,    000h 00m 02.300s,    000h 49m 16.398s
580,    2085,    2958483,    000h 00m 02.085s,    000h 49m 18.483s
581,    2177,    2960660,    000h 00m 02.177s,    000h 49m 20.660s
582,    2345,    2963005,    000h 00m 02.345s,    000h 49m 23.005s
583,    2120,    2965125,    000h 00m 02.120s,    000h 49m 25.125s
584,    2320,    2967445,    000h 00m 02.320s,    000h 49m 27.445s
585,    2177,    2969622,    000h 00m 02.177s,    000h 49m 29.622s
586,    2250,    2971872,    000h 00m 02.250s,    000h 49m 31.872s
587,    2259,    2974131,    000h 00m 02.259s,    000h 49m 34.131s
588,    2173,    2976304,    000h 00m 02.173s,    000h 49m 36.304s
589,    2219,    2978523,    000h 00m 02.219s,    000h 49m 38.523s
590,    2154,    2980677,    000h 00m 02.154s,    000h 49m 40.677s
591,    2238,    2982915,    000h 00m 02.238s,    000h 49m 42.915s
592,    2290,    2985205,    000h 00m 02.290s,    000h 49m 45.205s
593,    2377,    2987582,    000h 00m 02.377s,    000h 49m 47.582s
594,    2217,    2989799,    000h 00m 02.217s,    000h 49m 49.799s
595,    2181,    2991980,    000h 00m 02.181s,    000h 49m 51.980s
596,    2232,    2994212,    000h 00m 02.232s,    000h 49m 54.212s
597,    2255,    2996467,    000h 00m 02.255s,    000h 49m 56.467s
598,    2399,    2998866,    000h 00m 02.399s,    000h 49m 58.866s
599,    2220,    3001086,    000h 00m 02.220s,    000h 50m 01.086s
600,    2323,    3003409,    000h 00m 02.323s,    000h 50m 03.409s
601,    2380,    3005789,    000h 00m 02.380s,    000h 50m 05.789s
602,    2321,    3008110,    000h 00m 02.321s,    000h 50m 08.110s
603,    2392,    3010502,    000h 00m 02.392s,    000h 50m 10.502s
604,    2355,    3012857,    000h 00m 02.355s,    000h 50m 12.857s
605,    2356,    3015213,    000h 00m 02.356s,    000h 50m 15.213s
606,    2367,    3017580,    000h 00m 02.367s,    000h 50m 17.580s
607,    2411,    3019991,    000h 00m 02.411s,    000h 50m 19.991s
608,    2292,    3022283,    000h 00m 02.292s,    000h 50m 22.283s
609,    2362,    3024645,    000h 00m 02.362s,    000h 50m 24.645s
610,    2394,    3027039,    000h 00m 02.394s,    000h 50m 27.039s
611,    2385,    3029424,    000h 00m 02.385s,    000h 50m 29.424s
612,    2239,    3031663,    000h 00m 02.239s,    000h 50m 31.663s
613,    2190,    3033853,    000h 00m 02.190s,    000h 50m 33.853s
614,    2217,    3036070,    000h 00m 02.217s,    000h 50m 36.070s
615,    2398,    3038468,    000h 00m 02.398s,    000h 50m 38.468s
616,    2422,    3040890,    000h 00m 02.422s,    000h 50m 40.890s
617,    2162,    3043052,    000h 00m 02.162s,    000h 50m 43.052s
618,    2200,    3045252,    000h 00m 02.200s,    000h 50m 45.252s
619,    2332,    3047584,    000h 00m 02.332s,    000h 50m 47.584s
620,    2112,    3049696,    000h 00m 02.112s,    000h 50m 49.696s
621,    2116,    3051812,    000h 00m 02.116s,    000h 50m 51.812s
622,    2239,    3054051,    000h 00m 02.239s,    000h 50m 54.051s
623,    2369,    3056420,    000h 00m 02.369s,    000h 50m 56.420s
624,    2310,    3058730,    000h 00m 02.310s,    000h 50m 58.730s
625,    2370,    3061100,    000h 00m 02.370s,    000h 51m 01.100s
626,    2323,    3063423,    000h 00m 02.323s,    000h 51m 03.423s
627,    2364,    3065787,    000h 00m 02.364s,    000h 51m 05.787s
628,    2367,    3068154,    000h 00m 02.367s,    000h 51m 08.154s
629,    2096,    3070250,    000h 00m 02.096s,    000h 51m 10.250s
630,    2257,    3072507,    000h 00m 02.257s,    000h 51m 12.507s
631,    2403,    3074910,    000h 00m 02.403s,    000h 51m 14.910s
632,    2134,    3077044,    000h 00m 02.134s,    000h 51m 17.044s
633,    2126,    3079170,    000h 00m 02.126s,    000h 51m 19.170s
634,    2408,    3081578,    000h 00m 02.408s,    000h 51m 21.578s
635,    2385,    3083963,    000h 00m 02.385s,    000h 51m 23.963s
636,    2394,    3086357,    000h 00m 02.394s,    000h 51m 26.357s
637,    2331,    3088688,    000h 00m 02.331s,    000h 51m 28.688s
638,    2156,    3090844,    000h 00m 02.156s,    000h 51m 30.844s
639,    2302,    3093146,    000h 00m 02.302s,    000h 51m 33.146s
640,    2110,    3095256,    000h 00m 02.110s,    000h 51m 35.256s
641,    2374,    3097630,    000h 00m 02.374s,    000h 51m 37.630s
642,    2413,    3100043,    000h 00m 02.413s,    000h 51m 40.043s
643,    2373,    3102416,    000h 00m 02.373s,    000h 51m 42.416s
644,    2106,    3104522,    000h 00m 02.106s,    000h 51m 44.522s
645,    2382,    3106904,    000h 00m 02.382s,    000h 51m 46.904s
646,    2190,    3109094,    000h 00m 02.190s,    000h 51m 49.094s
647,    2171,    3111265,    000h 00m 02.171s,    000h 51m 51.265s
648,    2248,    3113513,    000h 00m 02.248s,    000h 51m 53.513s
649,    2273,    3115786,    000h 00m 02.273s,    000h 51m 55.786s
650,    2342,    3118128,    000h 00m 02.342s,    000h 51m 58.128s
651,    2338,    3120466,    000h 00m 02.338s,    000h 52m 00.466s
652,    2310,    3122776,    000h 00m 02.310s,    000h 52m 02.776s
653,    2069,    3124845,    000h 00m 02.069s,    000h 52m 04.845s
654,    2137,    3126982,    000h 00m 02.137s,    000h 52m 06.982s
655,    2351,    3129333,    000h 00m 02.351s,    000h 52m 09.333s
656,    2315,    3131648,    000h 00m 02.315s,    000h 52m 11.648s
657,    2189,    3133837,    000h 00m 02.189s,    000h 52m 13.837s
658,    2356,    3136193,    000h 00m 02.356s,    000h 52m 16.193s
659,    2303,    3138496,    000h 00m 02.303s,    000h 52m 18.496s
660,    2130,    3140626,    000h 00m 02.130s,    000h 52m 20.626s
661,    2369,    3142995,    000h 00m 02.369s,    000h 52m 22.995s
662,    2425,    3145420,    000h 00m 02.425s,    000h 52m 25.420s
663,    2323,    3147743,    000h 00m 02.323s,    000h 52m 27.743s
664,    2389,    3150132,    000h 00m 02.389s,    000h 52m 30.132s
665,    2107,    3152239,    000h 00m 02.107s,    000h 52m 32.239s
666,    2350,    3154589,    000h 00m 02.350s,    000h 52m 34.589s
667,    2387,    3156976,    000h 00m 02.387s,    000h 52m 36.976s
668,    2296,    3159272,    000h 00m 02.296s,    000h 52m 39.272s
669,    2306,    3161578,    000h 00m 02.306s,    000h 52m 41.578s
670,    2379,    3163957,    000h 00m 02.379s,    000h 52m 43.957s
671,    2411,    3166368,    000h 00m 02.411s,    000h 52m 46.368s
672,    2395,    3168763,    000h 00m 02.395s,    000h 52m 48.763s
673,    2377,    3171140,    000h 00m 02.377s,    000h 52m 51.140s
674,    2367,    3173507,    000h 00m 02.367s,    000h 52m 53.507s
675,    2353,    3175860,    000h 00m 02.353s,    000h 52m 55.860s
676,    2363,    3178223,    000h 00m 02.363s,    000h 52m 58.223s
677,    2357,    3180580,    000h 00m 02.357s,    000h 53m 00.580s
678,    2254,    3182834,    000h 00m 02.254s,    000h 53m 02.834s
679,    2389,    3185223,    000h 00m 02.389s,    000h 53m 05.223s
680,    2404,    3187627,    000h 00m 02.404s,    000h 53m 07.627s
681,    2327,    3189954,    000h 00m 02.327s,    000h 53m 09.954s
682,    2364,    3192318,    000h 00m 02.364s,    000h 53m 12.318s
683,    2193,    3194511,    000h 00m 02.193s,    000h 53m 14.511s
684,    2384,    3196895,    000h 00m 02.384s,    000h 53m 16.895s
685,    2430,    3199325,    000h 00m 02.430s,    000h 53m 19.325s
686,    2158,    3201483,    000h 00m 02.158s,    000h 53m 21.483s
687,    2304,    3203787,    000h 00m 02.304s,    000h 53m 23.787s
688,    2265,    3206052,    000h 00m 02.265s,    000h 53m 26.052s
689,    2390,    3208442,    000h 00m 02.390s,    000h 53m 28.442s
690,    2185,    3210627,    000h 00m 02.185s,    000h 53m 30.627s
691,    2288,    3212915,    000h 00m 02.288s,    000h 53m 32.915s
692,    2391,    3215306,    000h 00m 02.391s,    000h 53m 35.306s
693,    2097,    3217403,    000h 00m 02.097s,    000h 53m 37.403s
694,    2305,    3219708,    000h 00m 02.305s,    000h 53m 39.708s
695,    2365,    3222073,    000h 00m 02.365s,    000h 53m 42.073s
696,    2342,    3224415,    000h 00m 02.342s,    000h 53m 44.415s
697,    2174,    3226589,    000h 00m 02.174s,    000h 53m 46.589s
698,    2255,    3228844,    000h 00m 02.255s,    000h 53m 48.844s
699,    2185,    3231029,    000h 00m 02.185s,    000h 53m 51.029s
700,    2317,    3233346,    000h 00m 02.317s,    000h 53m 53.346s
701,    2272,    3235618,    000h 00m 02.272s,    000h 53m 55.618s
702,    2353,    3237971,    000h 00m 02.353s,    000h 53m 57.971s
703,    2222,    3240193,    000h 00m 02.222s,    000h 54m 00.193s
704,    2129,    3242322,    000h 00m 02.129s,    000h 54m 02.322s
705,    2337,    3244659,    000h 00m 02.337s,    000h 54m 04.659s
706,    2146,    3246805,    000h 00m 02.146s,    000h 54m 06.805s
707,    2226,    3249031,    000h 00m 02.226s,    000h 54m 09.031s
708,    2347,    3251378,    000h 00m 02.347s,    000h 54m 11.378s
709,    2240,    3253618,    000h 00m 02.240s,    000h 54m 13.618s
710,    2105,    3255723,    000h 00m 02.105s,    000h 54m 15.723s
711,    2128,    3257851,    000h 00m 02.128s,    000h 54m 17.851s
712,    2256,    3260107,    000h 00m 02.256s,    000h 54m 20.107s
713,    2336,    3262443,    000h 00m 02.336s,    000h 54m 22.443s
714,    2258,    3264701,    000h 00m 02.258s,    000h 54m 24.701s
715,    2094,    3266795,    000h 00m 02.094s,    000h 54m 26.795s
716,    2327,    3269122,    000h 00m 02.327s,    000h 54m 29.122s
717,    2160,    3271282,    000h 00m 02.160s,    000h 54m 31.282s
718,    2363,    3273645,    000h 00m 02.363s,    000h 54m 33.645s
719,    2329,    3275974,    000h 00m 02.329s,    000h 54m 35.974s
720,    2348,    3278322,    000h 00m 02.348s,    000h 54m 38.322s
721,    2208,    3280530,    000h 00m 02.208s,    000h 54m 40.530s
722,    2241,    3282771,    000h 00m 02.241s,    000h 54m 42.771s
723,    2210,    3284981,    000h 00m 02.210s,    000h 54m 44.981s
724,    2446,    3287427,    000h 00m 02.446s,    000h 54m 47.427s
725,    2377,    3289804,    000h 00m 02.377s,    000h 54m 49.804s
726,    2088,    3291892,    000h 00m 02.088s,    000h 54m 51.892s
727,    2222,    3294114,    000h 00m 02.222s,    000h 54m 54.114s
728,    2193,    3296307,    000h 00m 02.193s,    000h 54m 56.307s
729,    2327,    3298634,    000h 00m 02.327s,    000h 54m 58.634s
730,    2347,    3300981,    000h 00m 02.347s,    000h 55m 00.981s
731,    2189,    3303170,    000h 00m 02.189s,    000h 55m 03.170s
732,    2335,    3305505,    000h 00m 02.335s,    000h 55m 05.505s
733,    2165,    3307670,    000h 00m 02.165s,    000h 55m 07.670s
734,    2311,    3309981,    000h 00m 02.311s,    000h 55m 09.981s
735,    2173,    3312154,    000h 00m 02.173s,    000h 55m 12.154s
736,    2396,    3314550,    000h 00m 02.396s,    000h 55m 14.550s
737,    2269,    3316819,    000h 00m 02.269s,    000h 55m 16.819s
738,    2370,    3319189,    000h 00m 02.370s,    000h 55m 19.189s
739,    2302,    3321491,    000h 00m 02.302s,    000h 55m 21.491s
740,    2362,    3323853,    000h 00m 02.362s,    000h 55m 23.853s
741,    2275,    3326128,    000h 00m 02.275s,    000h 55m 26.128s
742,    2277,    3328405,    000h 00m 02.277s,    000h 55m 28.405s
743,    2185,    3330590,    000h 00m 02.185s,    000h 55m 30.590s
744,    2247,    3332837,    000h 00m 02.247s,    000h 55m 32.837s
745,    2313,    3335150,    000h 00m 02.313s,    000h 55m 35.150s
746,    2306,    3337456,    000h 00m 02.306s,    000h 55m 37.456s
747,    2368,    3339824,    000h 00m 02.368s,    000h 55m 39.824s
748,    2111,    3341935,    000h 00m 02.111s,    000h 55m 41.935s
749,    2348,    3344283,    000h 00m 02.348s,    000h 55m 44.283s
750,    2319,    3346602,    000h 00m 02.319s,    000h 55m 46.602s
751,    2341,    3348943,    000h 00m 02.341s,    000h 55m 48.943s
752,    2293,    3351236,    000h 00m 02.293s,    000h 55m 51.236s
753,    2345,    3353581,    000h 00m 02.345s,    000h 55m 53.581s
754,    2269,    3355850,    000h 00m 02.269s,    000h 55m 55.850s
755,    2400,    3358250,    000h 00m 02.400s,    000h 55m 58.250s
756,    2354,    3360604,    000h 00m 02.354s,    000h 56m 00.604s
757,    2401,    3363005,    000h 00m 02.401s,    000h 56m 03.005s
758,    2396,    3365401,    000h 00m 02.396s,    000h 56m 05.401s
759,    2327,    3367728,    000h 00m 02.327s,    000h 56m 07.728s
760,    2398,    3370126,    000h 00m 02.398s,    000h 56m 10.126s
761,    2139,    3372265,    000h 00m 02.139s,    000h 56m 12.265s
762,    2321,    3374586,    000h 00m 02.321s,    000h 56m 14.586s
763,    2203,    3376789,    000h 00m 02.203s,    000h 56m 16.789s
764,    2133,    3378922,    000h 00m 02.133s,    000h 56m 18.922s
765,    2369,    3381291,    000h 00m 02.369s,    000h 56m 21.291s
766,    2082,    3383373,    000h 00m 02.082s,    000h 56m 23.373s
767,    2280,    3385653,    000h 00m 02.280s,    000h 56m 25.653s
768,    2051,    3387704,    000h 00m 02.051s,    000h 56m 27.704s
769,    2324,    3390028,    000h 00m 02.324s,    000h 56m 30.028s
770,    2181,    3392209,    000h 00m 02.181s,    000h 56m 32.209s
771,    2357,    3394566,    000h 00m 02.357s,    000h 56m 34.566s
772,    2134,    3396700,    000h 00m 02.134s,    000h 56m 36.700s
773,    2261,    3398961,    000h 00m 02.261s,    000h 56m 38.961s
774,    2121,    3401082,    000h 00m 02.121s,    000h 56m 41.082s
775,    2277,    3403359,    000h 00m 02.277s,    000h 56m 43.359s
776,    2313,    3405672,    000h 00m 02.313s,    000h 56m 45.672s
777,    2235,    3407907,    000h 00m 02.235s,    000h 56m 47.907s
778,    2327,    3410234,    000h 00m 02.327s,    000h 56m 50.234s
779,    2378,    3412612,    000h 00m 02.378s,    000h 56m 52.612s
780,    2386,    3414998,    000h 00m 02.386s,    000h 56m 54.998s
781,    2244,    3417242,    000h 00m 02.244s,    000h 56m 57.242s
782,    2352,    3419594,    000h 00m 02.352s,    000h 56m 59.594s
783,    2286,    3421880,    000h 00m 02.286s,    000h 57m 01.880s
784,    2388,    3424268,    000h 00m 02.388s,    000h 57m 04.268s
785,    2393,    3426661,    000h 00m 02.393s,    000h 57m 06.661s
786,    2185,    3428846,    000h 00m 02.185s,    000h 57m 08.846s
787,    2390,    3431236,    000h 00m 02.390s,    000h 57m 11.236s
788,    2241,    3433477,    000h 00m 02.241s,    000h 57m 13.477s
789,    2310,    3435787,    000h 00m 02.310s,    000h 57m 15.787s
790,    2049,    3437836,    000h 00m 02.049s,    000h 57m 17.836s
791,    2373,    3440209,    000h 00m 02.373s,    000h 57m 20.209s
792,    2302,    3442511,    000h 00m 02.302s,    000h 57m 22.511s
793,    2179,    3444690,    000h 00m 02.179s,    000h 57m 24.690s
794,    2160,    3446850,    000h 00m 02.160s,    000h 57m 26.850s
795,    2282,    3449132,    000h 00m 02.282s,    000h 57m 29.132s
796,    2116,    3451248,    000h 00m 02.116s,    000h 57m 31.248s
797,    2150,    3453398,    000h 00m 02.150s,    000h 57m 33.398s
798,    2381,    3455779,    000h 00m 02.381s,    000h 57m 35.779s
799,    2298,    3458077,    000h 00m 02.298s,    000h 57m 38.077s
800,    2393,    3460470,    000h 00m 02.393s,    000h 57m 40.470s
801,    2400,    3462870,    000h 00m 02.400s,    000h 57m 42.870s
802,    2255,    3465125,    000h 00m 02.255s,    000h 57m 45.125s
803,    2191,    3467316,    000h 00m 02.191s,    000h 57m 47.316s
804,    2324,    3469640,    000h 00m 02.324s,    000h 57m 49.640s
805,    2324,    3471964,    000h 00m 02.324s,    000h 57m 51.964s
806,    2118,    3474082,    000h 00m 02.118s,    000h 57m 54.082s
807,    2150,    3476232,    000h 00m 02.150s,    000h 57m 56.232s
808,    2187,    3478419,    000h 00m 02.187s,    000h 57m 58.419s
809,    2161,    3480580,    000h 00m 02.161s,    000h 58m 00.580s
810,    2308,    3482888,    000h 00m 02.308s,    000h 58m 02.888s
811,    2358,    3485246,    000h 00m 02.358s,    000h 58m 05.246s
812,    2234,    3487480,    000h 00m 02.234s,    000h 58m 07.480s
813,    2378,    3489858,    000h 00m 02.378s,    000h 58m 09.858s
814,    2386,    3492244,    000h 00m 02.386s,    000h 58m 12.244s
815,    2199,    3494443,    000h 00m 02.199s,    000h 58m 14.443s
816,    2359,    3496802,    000h 00m 02.359s,    000h 58m 16.802s
817,    2174,    3498976,    000h 00m 02.174s,    000h 58m 18.976s
818,    2278,    3501254,    000h 00m 02.278s,    000h 58m 21.254s
819,    2274,    3503528,    000h 00m 02.274s,    000h 58m 23.528s
820,    2223,    3505751,    000h 00m 02.223s,    000h 58m 25.751s
821,    2365,    3508116,    000h 00m 02.365s,    000h 58m 28.116s
822,    2401,    3510517,    000h 00m 02.401s,    000h 58m 30.517s
823,    2362,    3512879,    000h 00m 02.362s,    000h 58m 32.879s
824,    2356,    3515235,    000h 00m 02.356s,    000h 58m 35.235s
825,    2212,    3517447,    000h 00m 02.212s,    000h 58m 37.447s
826,    2294,    3519741,    000h 00m 02.294s,    000h 58m 39.741s
827,    2339,    3522080,    000h 00m 02.339s,    000h 58m 42.080s
828,    2121,    3524201,    000h 00m 02.121s,    000h 58m 44.201s
829,    2199,    3526400,    000h 00m 02.199s,    000h 58m 46.400s
830,    2182,    3528582,    000h 00m 02.182s,    000h 58m 48.582s
831,    2309,    3530891,    000h 00m 02.309s,    000h 58m 50.891s
832,    2427,    3533318,    000h 00m 02.427s,    000h 58m 53.318s
833,    2347,    3535665,    000h 00m 02.347s,    000h 58m 55.665s
834,    2404,    3538069,    000h 00m 02.404s,    000h 58m 58.069s
835,    2324,    3540393,    000h 00m 02.324s,    000h 59m 00.393s
836,    2335,    3542728,    000h 00m 02.335s,    000h 59m 02.728s
837,    2333,    3545061,    000h 00m 02.333s,    000h 59m 05.061s
838,    2131,    3547192,    000h 00m 02.131s,    000h 59m 07.192s
839,    2230,    3549422,    000h 00m 02.230s,    000h 59m 09.422s
840,    2340,    3551762,    000h 00m 02.340s,    000h 59m 11.762s
841,    2298,    3554060,    000h 00m 02.298s,    000h 59m 14.060s
842,    2258,    3556318,    000h 00m 02.258s,    000h 59m 16.318s
843,    2361,    3558679,    000h 00m 02.361s,    000h 59m 18.679s
844,    2321,    3561000,    000h 00m 02.321s,    000h 59m 21.000s
845,    2303,    3563303,    000h 00m 02.303s,    000h 59m 23.303s
846,    2253,    3565556,    000h 00m 02.253s,    000h 59m 25.556s
847,    2341,    3567897,    000h 00m 02.341s,    000h 59m 27.897s
848,    2135,    3570032,    000h 00m 02.135s,    000h 59m 30.032s
849,    2229,    3572261,    000h 00m 02.229s,    000h 59m 32.261s
850,    2255,    3574516,    000h 00m 02.255s,    000h 59m 34.516s
851,    2297,    3576813,    000h 00m 02.297s,    000h 59m 36.813s
852,    2354,    3579167,    000h 00m 02.354s,    000h 59m 39.167s
853,    2176,    3581343,    000h 00m 02.176s,    000h 59m 41.343s
854,    2331,    3583674,    000h 00m 02.331s,    000h 59m 43.674s
855,    2393,    3586067,    000h 00m 02.393s,    000h 59m 46.067s
856,    2124,    3588191,    000h 00m 02.124s,    000h 59m 48.191s
857,    2327,    3590518,    000h 00m 02.327s,    000h 59m 50.518s
858,    2230,    3592748,    000h 00m 02.230s,    000h 59m 52.748s
859,    2335,    3595083,    000h 00m 02.335s,    000h 59m 55.083s
860,    2177,    3597260,    000h 00m 02.177s,    000h 59m 57.260s
861,    2230,    3599490,    000h 00m 02.230s,    000h 59m 59.490s
862,    2148,    3601638,    000h 00m 02.148s,    001h 00m 01.638s
863,    2397,    3604035,    000h 00m 02.397s,    001h 00m 04.035s
864,    2406,    3606441,    000h 00m 02.406s,    001h 00m 06.441s
865,    2264,    3608705,    000h 00m 02.264s,    001h 00m 08.705s
866,    2346,    3611051,    000h 00m 02.346s,    001h 00m 11.051s
867,    2363,    3613414,    000h 00m 02.363s,    001h 00m 13.414s
868,    2270,    3615684,    000h 00m 02.270s,    001h 00m 15.684s
869,    2399,    3618083,    000h 00m 02.399s,    001h 00m 18.083s
870,    2399,    3620482,    000h 00m 02.399s,    001h 00m 20.482s
871,    2347,    3622829,    000h 00m 02.347s,    001h 00m 22.829s
872,    2261,    3625090,    000h 00m 02.261s,    001h 00m 25.090s
873,    2283,    3627373,    000h 00m 02.283s,    001h 00m 27.373s
874,    2347,    3629720,    000h 00m 02.347s,    001h 00m 29.720s
875,    2295,    3632015,    000h 00m 02.295s,    001h 00m 32.015s
876,    2287,    3634302,    000h 00m 02.287s,    001h 00m 34.302s
877,    2368,    3636670,    000h 00m 02.368s,    001h 00m 36.670s
878,    2270,    3638940,    000h 00m 02.270s,    001h 00m 38.940s
879,    2393,    3641333,    000h 00m 02.393s,    001h 00m 41.333s
880,    2281,    3643614,    000h 00m 02.281s,    001h 00m 43.614s
881,    2394,    3646008,    000h 00m 02.394s,    001h 00m 46.008s
882,    2287,    3648295,    000h 00m 02.287s,    001h 00m 48.295s
883,    2286,    3650581,    000h 00m 02.286s,    001h 00m 50.581s
884,    2354,    3652935,    000h 00m 02.354s,    001h 00m 52.935s
885,    2182,    3655117,    000h 00m 02.182s,    001h 00m 55.117s
