pass,    time (ms),    total time (ms),    time,     total_time
1,    2406,    2406,    000h 00m 02.406s,    000h 00m 02.406s
2,    2434,    4840,    000h 00m 02.434s,    000h 00m 04.840s
3,    2303,    7143,    000h 00m 02.303s,    000h 00m 07.143s
4,    2407,    9550,    000h 00m 02.407s,    000h 00m 09.550s
5,    2217,    11767,    000h 00m 02.217s,    000h 00m 11.767s
6,    2398,    14165,    000h 00m 02.398s,    000h 00m 14.165s
7,    2311,    16476,    000h 00m 02.311s,    000h 00m 16.476s
8,    2197,    18673,    000h 00m 02.197s,    000h 00m 18.673s
9,    2284,    20957,    000h 00m 02.284s,    000h 00m 20.957s
10,    2273,    23230,    000h 00m 02.273s,    000h 00m 23.230s
11,    2466,    25696,    000h 00m 02.466s,    000h 00m 25.696s
12,    2359,    28055,    000h 00m 02.359s,    000h 00m 28.055s
13,    2283,    30338,    000h 00m 02.283s,    000h 00m 30.338s
14,    2349,    32687,    000h 00m 02.349s,    000h 00m 32.687s
15,    2405,    35092,    000h 00m 02.405s,    000h 00m 35.092s
16,    2486,    37578,    000h 00m 02.486s,    000h 00m 37.578s
17,    2291,    39869,    000h 00m 02.291s,    000h 00m 39.869s
18,    2313,    42182,    000h 00m 02.313s,    000h 00m 42.182s
19,    2345,    44527,    000h 00m 02.345s,    000h 00m 44.527s
20,    2438,    46965,    000h 00m 02.438s,    000h 00m 46.965s
21,    2341,    49306,    000h 00m 02.341s,    000h 00m 49.306s
22,    2289,    51595,    000h 00m 02.289s,    000h 00m 51.595s
23,    2436,    54031,    000h 00m 02.436s,    000h 00m 54.031s
24,    2367,    56398,    000h 00m 02.367s,    000h 00m 56.398s
25,    2338,    58736,    000h 00m 02.338s,    000h 00m 58.736s
26,    2380,    61116,    000h 00m 02.380s,    000h 01m 01.116s
27,    2447,    63563,    000h 00m 02.447s,    000h 01m 03.563s
28,    2364,    65927,    000h 00m 02.364s,    000h 01m 05.927s
29,    2336,    68263,    000h 00m 02.336s,    000h 01m 08.263s
30,    2321,    70584,    000h 00m 02.321s,    000h 01m 10.584s
31,    2347,    72931,    000h 00m 02.347s,    000h 01m 12.931s
32,    2399,    75330,    000h 00m 02.399s,    000h 01m 15.330s
33,    2299,    77629,    000h 00m 02.299s,    000h 01m 17.629s
34,    2300,    79929,    000h 00m 02.300s,    000h 01m 19.929s
35,    2456,    82385,    000h 00m 02.456s,    000h 01m 22.385s
36,    2421,    84806,    000h 00m 02.421s,    000h 01m 24.806s
37,    2457,    87263,    000h 00m 02.457s,    000h 01m 27.263s
38,    2275,    89538,    000h 00m 02.275s,    000h 01m 29.538s
39,    2335,    91873,    000h 00m 02.335s,    000h 01m 31.873s
40,    2256,    94129,    000h 00m 02.256s,    000h 01m 34.129s
41,    2423,    96552,    000h 00m 02.423s,    000h 01m 36.552s
42,    2198,    98750,    000h 00m 02.198s,    000h 01m 38.750s
43,    2422,    101172,    000h 00m 02.422s,    000h 01m 41.172s
44,    2462,    103634,    000h 00m 02.462s,    000h 01m 43.634s
45,    2155,    105789,    000h 00m 02.155s,    000h 01m 45.789s
46,    2440,    108229,    000h 00m 02.440s,    000h 01m 48.229s
47,    2485,    110714,    000h 00m 02.485s,    000h 01m 50.714s
48,    2358,    113072,    000h 00m 02.358s,    000h 01m 53.072s
49,    2332,    115404,    000h 00m 02.332s,    000h 01m 55.404s
50,    2414,    117818,    000h 00m 02.414s,    000h 01m 57.818s
51,    2432,    120250,    000h 00m 02.432s,    000h 02m 00.250s
52,    2424,    122674,    000h 00m 02.424s,    000h 02m 02.674s
53,    2358,    125032,    000h 00m 02.358s,    000h 02m 05.032s
54,    2403,    127435,    000h 00m 02.403s,    000h 02m 07.435s
55,    2424,    129859,    000h 00m 02.424s,    000h 02m 09.859s
56,    2390,    132249,    000h 00m 02.390s,    000h 02m 12.249s
57,    2402,    134651,    000h 00m 02.402s,    000h 02m 14.651s
58,    2380,    137031,    000h 00m 02.380s,    000h 02m 17.031s
59,    2455,    139486,    000h 00m 02.455s,    000h 02m 19.486s
60,    2242,    141728,    000h 00m 02.242s,    000h 02m 21.728s
61,    2427,    144155,    000h 00m 02.427s,    000h 02m 24.155s
62,    2414,    146569,    000h 00m 02.414s,    000h 02m 26.569s
63,    2363,    148932,    000h 00m 02.363s,    000h 02m 28.932s
64,    2393,    151325,    000h 00m 02.393s,    000h 02m 31.325s
65,    2375,    153700,    000h 00m 02.375s,    000h 02m 33.700s
66,    2278,    155978,    000h 00m 02.278s,    000h 02m 35.978s
67,    2367,    158345,    000h 00m 02.367s,    000h 02m 38.345s
68,    2254,    160599,    000h 00m 02.254s,    000h 02m 40.599s
69,    2467,    163066,    000h 00m 02.467s,    000h 02m 43.066s
70,    2183,    165249,    000h 00m 02.183s,    000h 02m 45.249s
71,    2487,    167736,    000h 00m 02.487s,    000h 02m 47.736s
72,    2429,    170165,    000h 00m 02.429s,    000h 02m 50.165s
73,    2399,    172564,    000h 00m 02.399s,    000h 02m 52.564s
74,    2438,    175002,    000h 00m 02.438s,    000h 02m 55.002s
75,    2474,    177476,    000h 00m 02.474s,    000h 02m 57.476s
76,    2339,    179815,    000h 00m 02.339s,    000h 02m 59.815s
77,    2253,    182068,    000h 00m 02.253s,    000h 03m 02.068s
78,    2342,    184410,    000h 00m 02.342s,    000h 03m 04.410s
79,    2128,    186538,    000h 00m 02.128s,    000h 03m 06.538s
80,    2155,    188693,    000h 00m 02.155s,    000h 03m 08.693s
81,    2370,    191063,    000h 00m 02.370s,    000h 03m 11.063s
82,    2371,    193434,    000h 00m 02.371s,    000h 03m 13.434s
83,    2474,    195908,    000h 00m 02.474s,    000h 03m 15.908s
84,    2118,    198026,    000h 00m 02.118s,    000h 03m 18.026s
85,    2327,    200353,    000h 00m 02.327s,    000h 03m 20.353s
86,    2402,    202755,    000h 00m 02.402s,    000h 03m 22.755s
87,    2421,    205176,    000h 00m 02.421s,    000h 03m 25.176s
88,    2391,    207567,    000h 00m 02.391s,    000h 03m 27.567s
89,    2456,    210023,    000h 00m 02.456s,    000h 03m 30.023s
90,    2360,    212383,    000h 00m 02.360s,    000h 03m 32.383s
91,    2107,    214490,    000h 00m 02.107s,    000h 03m 34.490s
92,    2358,    216848,    000h 00m 02.358s,    000h 03m 36.848s
93,    2491,    219339,    000h 00m 02.491s,    000h 03m 39.339s
94,    2432,    221771,    000h 00m 02.432s,    000h 03m 41.771s
95,    2353,    224124,    000h 00m 02.353s,    000h 03m 44.124s
96,    2277,    226401,    000h 00m 02.277s,    000h 03m 46.401s
97,    2336,    228737,    000h 00m 02.336s,    000h 03m 48.737s
98,    2247,    230984,    000h 00m 02.247s,    000h 03m 50.984s
99,    2161,    233145,    000h 00m 02.161s,    000h 03m 53.145s
100,    2402,    235547,    000h 00m 02.402s,    000h 03m 55.547s
101,    2314,    237861,    000h 00m 02.314s,    000h 03m 57.861s
102,    2337,    240198,    000h 00m 02.337s,    000h 04m 00.198s
103,    2398,    242596,    000h 00m 02.398s,    000h 04m 02.596s
104,    2442,    245038,    000h 00m 02.442s,    000h 04m 05.038s
105,    2350,    247388,    000h 00m 02.350s,    000h 04m 07.388s
106,    2155,    249543,    000h 00m 02.155s,    000h 04m 09.543s
107,    2243,    251786,    000h 00m 02.243s,    000h 04m 11.786s
108,    2183,    253969,    000h 00m 02.183s,    000h 04m 13.969s
109,    2460,    256429,    000h 00m 02.460s,    000h 04m 16.429s
110,    2406,    258835,    000h 00m 02.406s,    000h 04m 18.835s
111,    2406,    261241,    000h 00m 02.406s,    000h 04m 21.241s
112,    2263,    263504,    000h 00m 02.263s,    000h 04m 23.504s
113,    2260,    265764,    000h 00m 02.260s,    000h 04m 25.764s
114,    2273,    268037,    000h 00m 02.273s,    000h 04m 28.037s
115,    2345,    270382,    000h 00m 02.345s,    000h 04m 30.382s
116,    2152,    272534,    000h 00m 02.152s,    000h 04m 32.534s
117,    2435,    274969,    000h 00m 02.435s,    000h 04m 34.969s
118,    2204,    277173,    000h 00m 02.204s,    000h 04m 37.173s
119,    2408,    279581,    000h 00m 02.408s,    000h 04m 39.581s
120,    2415,    281996,    000h 00m 02.415s,    000h 04m 41.996s
121,    2172,    284168,    000h 00m 02.172s,    000h 04m 44.168s
122,    2374,    286542,    000h 00m 02.374s,    000h 04m 46.542s
123,    2432,    288974,    000h 00m 02.432s,    000h 04m 48.974s
124,    2383,    291357,    000h 00m 02.383s,    000h 04m 51.357s
125,    2243,    293600,    000h 00m 02.243s,    000h 04m 53.600s
126,    2201,    295801,    000h 00m 02.201s,    000h 04m 55.801s
127,    2327,    298128,    000h 00m 02.327s,    000h 04m 58.128s
128,    2323,    300451,    000h 00m 02.323s,    000h 05m 00.451s
129,    2387,    302838,    000h 00m 02.387s,    000h 05m 02.838s
130,    2386,    305224,    000h 00m 02.386s,    000h 05m 05.224s
131,    2412,    307636,    000h 00m 02.412s,    000h 05m 07.636s
132,    2231,    309867,    000h 00m 02.231s,    000h 05m 09.867s
133,    2360,    312227,    000h 00m 02.360s,    000h 05m 12.227s
134,    2131,    314358,    000h 00m 02.131s,    000h 05m 14.358s
135,    2237,    316595,    000h 00m 02.237s,    000h 05m 16.595s
136,    2357,    318952,    000h 00m 02.357s,    000h 05m 18.952s
137,    2352,    321304,    000h 00m 02.352s,    000h 05m 21.304s
138,    2417,    323721,    000h 00m 02.417s,    000h 05m 23.721s
139,    2376,    326097,    000h 00m 02.376s,    000h 05m 26.097s
140,    2294,    328391,    000h 00m 02.294s,    000h 05m 28.391s
141,    2263,    330654,    000h 00m 02.263s,    000h 05m 30.654s
142,    2341,    332995,    000h 00m 02.341s,    000h 05m 32.995s
143,    2441,    335436,    000h 00m 02.441s,    000h 05m 35.436s
144,    2437,    337873,    000h 00m 02.437s,    000h 05m 37.873s
145,    2232,    340105,    000h 00m 02.232s,    000h 05m 40.105s
146,    2462,    342567,    000h 00m 02.462s,    000h 05m 42.567s
147,    2376,    344943,    000h 00m 02.376s,    000h 05m 44.943s
148,    2408,    347351,    000h 00m 02.408s,    000h 05m 47.351s
149,    2347,    349698,    000h 00m 02.347s,    000h 05m 49.698s
150,    2410,    352108,    000h 00m 02.410s,    000h 05m 52.108s
151,    2269,    354377,    000h 00m 02.269s,    000h 05m 54.377s
152,    2350,    356727,    000h 00m 02.350s,    000h 05m 56.727s
153,    2359,    359086,    000h 00m 02.359s,    000h 05m 59.086s
154,    2470,    361556,    000h 00m 02.470s,    000h 06m 01.556s
155,    2298,    363854,    000h 00m 02.298s,    000h 06m 03.854s
156,    2310,    366164,    000h 00m 02.310s,    000h 06m 06.164s
157,    2104,    368268,    000h 00m 02.104s,    000h 06m 08.268s
158,    2373,    370641,    000h 00m 02.373s,    000h 06m 10.641s
159,    2202,    372843,    000h 00m 02.202s,    000h 06m 12.843s
160,    2408,    375251,    000h 00m 02.408s,    000h 06m 15.251s
161,    2335,    377586,    000h 00m 02.335s,    000h 06m 17.586s
162,    2274,    379860,    000h 00m 02.274s,    000h 06m 19.860s
163,    2135,    381995,    000h 00m 02.135s,    000h 06m 21.995s
164,    2340,    384335,    000h 00m 02.340s,    000h 06m 24.335s
165,    2480,    386815,    000h 00m 02.480s,    000h 06m 26.815s
166,    2259,    389074,    000h 00m 02.259s,    000h 06m 29.074s
167,    2436,    391510,    000h 00m 02.436s,    000h 06m 31.510s
168,    2153,    393663,    000h 00m 02.153s,    000h 06m 33.663s
169,    2261,    395924,    000h 00m 02.261s,    000h 06m 35.924s
170,    2476,    398400,    000h 00m 02.476s,    000h 06m 38.400s
171,    2385,    400785,    000h 00m 02.385s,    000h 06m 40.785s
172,    2272,    403057,    000h 00m 02.272s,    000h 06m 43.057s
173,    2233,    405290,    000h 00m 02.233s,    000h 06m 45.290s
174,    2458,    407748,    000h 00m 02.458s,    000h 06m 47.748s
175,    2404,    410152,    000h 00m 02.404s,    000h 06m 50.152s
176,    2385,    412537,    000h 00m 02.385s,    000h 06m 52.537s
177,    2199,    414736,    000h 00m 02.199s,    000h 06m 54.736s
178,    2175,    416911,    000h 00m 02.175s,    000h 06m 56.911s
179,    2255,    419166,    000h 00m 02.255s,    000h 06m 59.166s
180,    2438,    421604,    000h 00m 02.438s,    000h 07m 01.604s
181,    2320,    423924,    000h 00m 02.320s,    000h 07m 03.924s
182,    2140,    426064,    000h 00m 02.140s,    000h 07m 06.064s
183,    2458,    428522,    000h 00m 02.458s,    000h 07m 08.522s
184,    2477,    430999,    000h 00m 02.477s,    000h 07m 10.999s
185,    2368,    433367,    000h 00m 02.368s,    000h 07m 13.367s
186,    2324,    435691,    000h 00m 02.324s,    000h 07m 15.691s
187,    2380,    438071,    000h 00m 02.380s,    000h 07m 18.071s
188,    2420,    440491,    000h 00m 02.420s,    000h 07m 20.491s
189,    2238,    442729,    000h 00m 02.238s,    000h 07m 22.729s
190,    2203,    444932,    000h 00m 02.203s,    000h 07m 24.932s
191,    2358,    447290,    000h 00m 02.358s,    000h 07m 27.290s
192,    2452,    449742,    000h 00m 02.452s,    000h 07m 29.742s
193,    2288,    452030,    000h 00m 02.288s,    000h 07m 32.030s
194,    2397,    454427,    000h 00m 02.397s,    000h 07m 34.427s
195,    2117,    456544,    000h 00m 02.117s,    000h 07m 36.544s
196,    2430,    458974,    000h 00m 02.430s,    000h 07m 38.974s
197,    2393,    461367,    000h 00m 02.393s,    000h 07m 41.367s
198,    2365,    463732,    000h 00m 02.365s,    000h 07m 43.732s
199,    2229,    465961,    000h 00m 02.229s,    000h 07m 45.961s
200,    2377,    468338,    000h 00m 02.377s,    000h 07m 48.338s
201,    2232,    470570,    000h 00m 02.232s,    000h 07m 50.570s
202,    2216,    472786,    000h 00m 02.216s,    000h 07m 52.786s
203,    2411,    475197,    000h 00m 02.411s,    000h 07m 55.197s
204,    2231,    477428,    000h 00m 02.231s,    000h 07m 57.428s
205,    2316,    479744,    000h 00m 02.316s,    000h 07m 59.744s
206,    2362,    482106,    000h 00m 02.362s,    000h 08m 02.106s
207,    2299,    484405,    000h 00m 02.299s,    000h 08m 04.405s
208,    2361,    486766,    000h 00m 02.361s,    000h 08m 06.766s
209,    2404,    489170,    000h 00m 02.404s,    000h 08m 09.170s
210,    2308,    491478,    000h 00m 02.308s,    000h 08m 11.478s
211,    2438,    493916,    000h 00m 02.438s,    000h 08m 13.916s
212,    2460,    496376,    000h 00m 02.460s,    000h 08m 16.376s
213,    2133,    498509,    000h 00m 02.133s,    000h 08m 18.509s
214,    2344,    500853,    000h 00m 02.344s,    000h 08m 20.853s
215,    2274,    503127,    000h 00m 02.274s,    000h 08m 23.127s
216,    2181,    505308,    000h 00m 02.181s,    000h 08m 25.308s
217,    2241,    507549,    000h 00m 02.241s,    000h 08m 27.549s
218,    2335,    509884,    000h 00m 02.335s,    000h 08m 29.884s
219,    2179,    512063,    000h 00m 02.179s,    000h 08m 32.063s
220,    2223,    514286,    000h 00m 02.223s,    000h 08m 34.286s
221,    2324,    516610,    000h 00m 02.324s,    000h 08m 36.610s
222,    2317,    518927,    000h 00m 02.317s,    000h 08m 38.927s
223,    2342,    521269,    000h 00m 02.342s,    000h 08m 41.269s
224,    2309,    523578,    000h 00m 02.309s,    000h 08m 43.578s
225,    2369,    525947,    000h 00m 02.369s,    000h 08m 45.947s
226,    2395,    528342,    000h 00m 02.395s,    000h 08m 48.342s
227,    2194,    530536,    000h 00m 02.194s,    000h 08m 50.536s
228,    2229,    532765,    000h 00m 02.229s,    000h 08m 52.765s
229,    2209,    534974,    000h 00m 02.209s,    000h 08m 54.974s
230,    2126,    537100,    000h 00m 02.126s,    000h 08m 57.100s
231,    2359,    539459,    000h 00m 02.359s,    000h 08m 59.459s
232,    2191,    541650,    000h 00m 02.191s,    000h 09m 01.650s
233,    2146,    543796,    000h 00m 02.146s,    000h 09m 03.796s
234,    2490,    546286,    000h 00m 02.490s,    000h 09m 06.286s
235,    2326,    548612,    000h 00m 02.326s,    000h 09m 08.612s
236,    2345,    550957,    000h 00m 02.345s,    000h 09m 10.957s
237,    2295,    553252,    000h 00m 02.295s,    000h 09m 13.252s
238,    2098,    555350,    000h 00m 02.098s,    000h 09m 15.350s
239,    2292,    557642,    000h 00m 02.292s,    000h 09m 17.642s
240,    2277,    559919,    000h 00m 02.277s,    000h 09m 19.919s
241,    2486,    562405,    000h 00m 02.486s,    000h 09m 22.405s
242,    2397,    564802,    000h 00m 02.397s,    000h 09m 24.802s
243,    2283,    567085,    000h 00m 02.283s,    000h 09m 27.085s
244,    2187,    569272,    000h 00m 02.187s,    000h 09m 29.272s
245,    2325,    571597,    000h 00m 02.325s,    000h 09m 31.597s
246,    2235,    573832,    000h 00m 02.235s,    000h 09m 33.832s
247,    2315,    576147,    000h 00m 02.315s,    000h 09m 36.147s
248,    2196,    578343,    000h 00m 02.196s,    000h 09m 38.343s
249,    2453,    580796,    000h 00m 02.453s,    000h 09m 40.796s
250,    2383,    583179,    000h 00m 02.383s,    000h 09m 43.179s
251,    2395,    585574,    000h 00m 02.395s,    000h 09m 45.574s
252,    2416,    587990,    000h 00m 02.416s,    000h 09m 47.990s
253,    2397,    590387,    000h 00m 02.397s,    000h 09m 50.387s
254,    2338,    592725,    000h 00m 02.338s,    000h 09m 52.725s
255,    2167,    594892,    000h 00m 02.167s,    000h 09m 54.892s
256,    2263,    597155,    000h 00m 02.263s,    000h 09m 57.155s
