pass,    time (ms),    total time (ms),    time,     total_time
1,    1651,    1651,    000h 00m 01.651s,    000h 00m 01.651s
2,    1766,    3417,    000h 00m 01.766s,    000h 00m 03.417s
3,    1751,    5168,    000h 00m 01.751s,    000h 00m 05.168s
4,    1774,    6942,    000h 00m 01.774s,    000h 00m 06.942s
5,    1619,    8561,    000h 00m 01.619s,    000h 00m 08.561s
6,    1562,    10123,    000h 00m 01.562s,    000h 00m 10.123s
7,    1649,    11772,    000h 00m 01.649s,    000h 00m 11.772s
8,    1346,    13118,    000h 00m 01.346s,    000h 00m 13.118s
9,    1658,    14776,    000h 00m 01.658s,    000h 00m 14.776s
10,    1725,    16501,    000h 00m 01.725s,    000h 00m 16.501s
11,    1691,    18192,    000h 00m 01.691s,    000h 00m 18.192s
12,    1663,    19855,    000h 00m 01.663s,    000h 00m 19.855s
13,    1659,    21514,    000h 00m 01.659s,    000h 00m 21.514s
14,    1721,    23235,    000h 00m 01.721s,    000h 00m 23.235s
15,    1427,    24662,    000h 00m 01.427s,    000h 00m 24.662s
16,    1599,    26261,    000h 00m 01.599s,    000h 00m 26.261s
17,    1704,    27965,    000h 00m 01.704s,    000h 00m 27.965s
18,    1693,    29658,    000h 00m 01.693s,    000h 00m 29.658s
19,    1681,    31339,    000h 00m 01.681s,    000h 00m 31.339s
20,    1698,    33037,    000h 00m 01.698s,    000h 00m 33.037s
21,    1628,    34665,    000h 00m 01.628s,    000h 00m 34.665s
22,    1710,    36375,    000h 00m 01.710s,    000h 00m 36.375s
23,    1562,    37937,    000h 00m 01.562s,    000h 00m 37.937s
24,    1745,    39682,    000h 00m 01.745s,    000h 00m 39.682s
25,    1693,    41375,    000h 00m 01.693s,    000h 00m 41.375s
26,    1728,    43103,    000h 00m 01.728s,    000h 00m 43.103s
27,    1574,    44677,    000h 00m 01.574s,    000h 00m 44.677s
28,    1702,    46379,    000h 00m 01.702s,    000h 00m 46.379s
29,    1534,    47913,    000h 00m 01.534s,    000h 00m 47.913s
30,    1746,    49659,    000h 00m 01.746s,    000h 00m 49.659s
31,    1595,    51254,    000h 00m 01.595s,    000h 00m 51.254s
32,    1673,    52927,    000h 00m 01.673s,    000h 00m 52.927s
33,    1795,    54722,    000h 00m 01.795s,    000h 00m 54.722s
34,    1603,    56325,    000h 00m 01.603s,    000h 00m 56.325s
35,    1676,    58001,    000h 00m 01.676s,    000h 00m 58.001s
36,    1573,    59574,    000h 00m 01.573s,    000h 00m 59.574s
37,    1537,    61111,    000h 00m 01.537s,    000h 01m 01.111s
38,    1669,    62780,    000h 00m 01.669s,    000h 01m 02.780s
39,    1711,    64491,    000h 00m 01.711s,    000h 01m 04.491s
40,    1343,    65834,    000h 00m 01.343s,    000h 01m 05.834s
41,    1646,    67480,    000h 00m 01.646s,    000h 01m 07.480s
42,    1646,    69126,    000h 00m 01.646s,    000h 01m 09.126s
43,    1556,    70682,    000h 00m 01.556s,    000h 01m 10.682s
44,    1751,    72433,    000h 00m 01.751s,    000h 01m 12.433s
45,    1756,    74189,    000h 00m 01.756s,    000h 01m 14.189s
46,    1650,    75839,    000h 00m 01.650s,    000h 01m 15.839s
47,    1740,    77579,    000h 00m 01.740s,    000h 01m 17.579s
48,    1628,    79207,    000h 00m 01.628s,    000h 01m 19.207s
49,    1729,    80936,    000h 00m 01.729s,    000h 01m 20.936s
50,    1599,    82535,    000h 00m 01.599s,    000h 01m 22.535s
51,    1727,    84262,    000h 00m 01.727s,    000h 01m 24.262s
52,    1738,    86000,    000h 00m 01.738s,    000h 01m 26.000s
53,    1688,    87688,    000h 00m 01.688s,    000h 01m 27.688s
54,    1304,    88992,    000h 00m 01.304s,    000h 01m 28.992s
55,    1745,    90737,    000h 00m 01.745s,    000h 01m 30.737s
56,    1724,    92461,    000h 00m 01.724s,    000h 01m 32.461s
57,    1752,    94213,    000h 00m 01.752s,    000h 01m 34.213s
58,    1597,    95810,    000h 00m 01.597s,    000h 01m 35.810s
59,    1730,    97540,    000h 00m 01.730s,    000h 01m 37.540s
60,    1365,    98905,    000h 00m 01.365s,    000h 01m 38.905s
61,    1599,    100504,    000h 00m 01.599s,    000h 01m 40.504s
62,    1759,    102263,    000h 00m 01.759s,    000h 01m 42.263s
63,    1708,    103971,    000h 00m 01.708s,    000h 01m 43.971s
64,    1582,    105553,    000h 00m 01.582s,    000h 01m 45.553s
65,    1633,    107186,    000h 00m 01.633s,    000h 01m 47.186s
66,    1407,    108593,    000h 00m 01.407s,    000h 01m 48.593s
67,    1639,    110232,    000h 00m 01.639s,    000h 01m 50.232s
68,    1350,    111582,    000h 00m 01.350s,    000h 01m 51.582s
69,    1696,    113278,    000h 00m 01.696s,    000h 01m 53.278s
70,    1596,    114874,    000h 00m 01.596s,    000h 01m 54.874s
71,    1691,    116565,    000h 00m 01.691s,    000h 01m 56.565s
72,    1359,    117924,    000h 00m 01.359s,    000h 01m 57.924s
73,    1755,    119679,    000h 00m 01.755s,    000h 01m 59.679s
74,    1558,    121237,    000h 00m 01.558s,    000h 02m 01.237s
75,    1746,    122983,    000h 00m 01.746s,    000h 02m 02.983s
76,    1549,    124532,    000h 00m 01.549s,    000h 02m 04.532s
77,    1686,    126218,    000h 00m 01.686s,    000h 02m 06.218s
78,    1721,    127939,    000h 00m 01.721s,    000h 02m 07.939s
79,    1725,    129664,    000h 00m 01.725s,    000h 02m 09.664s
80,    1715,    131379,    000h 00m 01.715s,    000h 02m 11.379s
81,    1751,    133130,    000h 00m 01.751s,    000h 02m 13.130s
82,    1600,    134730,    000h 00m 01.600s,    000h 02m 14.730s
83,    1698,    136428,    000h 00m 01.698s,    000h 02m 16.428s
84,    1582,    138010,    000h 00m 01.582s,    000h 02m 18.010s
85,    1553,    139563,    000h 00m 01.553s,    000h 02m 19.563s
86,    1546,    141109,    000h 00m 01.546s,    000h 02m 21.109s
87,    1734,    142843,    000h 00m 01.734s,    000h 02m 22.843s
88,    1575,    144418,    000h 00m 01.575s,    000h 02m 24.418s
89,    1690,    146108,    000h 00m 01.690s,    000h 02m 26.108s
90,    1706,    147814,    000h 00m 01.706s,    000h 02m 27.814s
91,    1709,    149523,    000h 00m 01.709s,    000h 02m 29.523s
92,    1429,    150952,    000h 00m 01.429s,    000h 02m 30.952s
93,    1553,    152505,    000h 00m 01.553s,    000h 02m 32.505s
94,    1792,    154297,    000h 00m 01.792s,    000h 02m 34.297s
95,    1565,    155862,    000h 00m 01.565s,    000h 02m 35.862s
96,    1743,    157605,    000h 00m 01.743s,    000h 02m 37.605s
97,    1737,    159342,    000h 00m 01.737s,    000h 02m 39.342s
98,    1608,    160950,    000h 00m 01.608s,    000h 02m 40.950s
99,    1541,    162491,    000h 00m 01.541s,    000h 02m 42.491s
100,    1718,    164209,    000h 00m 01.718s,    000h 02m 44.209s
101,    1741,    165950,    000h 00m 01.741s,    000h 02m 45.950s
102,    1738,    167688,    000h 00m 01.738s,    000h 02m 47.688s
103,    1549,    169237,    000h 00m 01.549s,    000h 02m 49.237s
104,    1768,    171005,    000h 00m 01.768s,    000h 02m 51.005s
105,    1779,    172784,    000h 00m 01.779s,    000h 02m 52.784s
106,    1668,    174452,    000h 00m 01.668s,    000h 02m 54.452s
107,    1530,    175982,    000h 00m 01.530s,    000h 02m 55.982s
108,    1566,    177548,    000h 00m 01.566s,    000h 02m 57.548s
109,    1581,    179129,    000h 00m 01.581s,    000h 02m 59.129s
110,    1647,    180776,    000h 00m 01.647s,    000h 03m 00.776s
111,    1550,    182326,    000h 00m 01.550s,    000h 03m 02.326s
112,    1589,    183915,    000h 00m 01.589s,    000h 03m 03.915s
113,    1760,    185675,    000h 00m 01.760s,    000h 03m 05.675s
114,    1541,    187216,    000h 00m 01.541s,    000h 03m 07.216s
115,    1637,    188853,    000h 00m 01.637s,    000h 03m 08.853s
116,    1739,    190592,    000h 00m 01.739s,    000h 03m 10.592s
117,    1781,    192373,    000h 00m 01.781s,    000h 03m 12.373s
118,    1721,    194094,    000h 00m 01.721s,    000h 03m 14.094s
119,    1696,    195790,    000h 00m 01.696s,    000h 03m 15.790s
120,    1662,    197452,    000h 00m 01.662s,    000h 03m 17.452s
121,    1461,    198913,    000h 00m 01.461s,    000h 03m 18.913s
122,    1724,    200637,    000h 00m 01.724s,    000h 03m 20.637s
123,    1493,    202130,    000h 00m 01.493s,    000h 03m 22.130s
124,    1633,    203763,    000h 00m 01.633s,    000h 03m 23.763s
125,    1646,    205409,    000h 00m 01.646s,    000h 03m 25.409s
126,    1745,    207154,    000h 00m 01.745s,    000h 03m 27.154s
127,    1746,    208900,    000h 00m 01.746s,    000h 03m 28.900s
128,    1709,    210609,    000h 00m 01.709s,    000h 03m 30.609s
129,    1749,    212358,    000h 00m 01.749s,    000h 03m 32.358s
130,    1780,    214138,    000h 00m 01.780s,    000h 03m 34.138s
131,    1688,    215826,    000h 00m 01.688s,    000h 03m 35.826s
132,    1713,    217539,    000h 00m 01.713s,    000h 03m 37.539s
133,    1739,    219278,    000h 00m 01.739s,    000h 03m 39.278s
134,    1737,    221015,    000h 00m 01.737s,    000h 03m 41.015s
135,    1543,    222558,    000h 00m 01.543s,    000h 03m 42.558s
136,    1729,    224287,    000h 00m 01.729s,    000h 03m 44.287s
137,    1734,    226021,    000h 00m 01.734s,    000h 03m 46.021s
138,    1723,    227744,    000h 00m 01.723s,    000h 03m 47.744s
139,    1681,    229425,    000h 00m 01.681s,    000h 03m 49.425s
140,    1707,    231132,    000h 00m 01.707s,    000h 03m 51.132s
141,    1621,    232753,    000h 00m 01.621s,    000h 03m 52.753s
142,    1635,    234388,    000h 00m 01.635s,    000h 03m 54.388s
143,    1667,    236055,    000h 00m 01.667s,    000h 03m 56.055s
144,    1497,    237552,    000h 00m 01.497s,    000h 03m 57.552s
145,    1683,    239235,    000h 00m 01.683s,    000h 03m 59.235s
146,    1622,    240857,    000h 00m 01.622s,    000h 04m 00.857s
147,    1675,    242532,    000h 00m 01.675s,    000h 04m 02.532s
148,    1745,    244277,    000h 00m 01.745s,    000h 04m 04.277s
149,    1693,    245970,    000h 00m 01.693s,    000h 04m 05.970s
150,    1749,    247719,    000h 00m 01.749s,    000h 04m 07.719s
151,    1334,    249053,    000h 00m 01.334s,    000h 04m 09.053s
152,    1776,    250829,    000h 00m 01.776s,    000h 04m 10.829s
153,    1719,    252548,    000h 00m 01.719s,    000h 04m 12.548s
154,    1656,    254204,    000h 00m 01.656s,    000h 04m 14.204s
155,    1772,    255976,    000h 00m 01.772s,    000h 04m 15.976s
156,    1725,    257701,    000h 00m 01.725s,    000h 04m 17.701s
157,    1715,    259416,    000h 00m 01.715s,    000h 04m 19.416s
158,    1635,    261051,    000h 00m 01.635s,    000h 04m 21.051s
159,    1611,    262662,    000h 00m 01.611s,    000h 04m 22.662s
160,    1552,    264214,    000h 00m 01.552s,    000h 04m 24.214s
161,    1716,    265930,    000h 00m 01.716s,    000h 04m 25.930s
162,    1678,    267608,    000h 00m 01.678s,    000h 04m 27.608s
163,    1660,    269268,    000h 00m 01.660s,    000h 04m 29.268s
164,    1545,    270813,    000h 00m 01.545s,    000h 04m 30.813s
165,    1753,    272566,    000h 00m 01.753s,    000h 04m 32.566s
166,    1768,    274334,    000h 00m 01.768s,    000h 04m 34.334s
167,    1746,    276080,    000h 00m 01.746s,    000h 04m 36.080s
168,    1591,    277671,    000h 00m 01.591s,    000h 04m 37.671s
169,    1681,    279352,    000h 00m 01.681s,    000h 04m 39.352s
170,    1611,    280963,    000h 00m 01.611s,    000h 04m 40.963s
171,    1618,    282581,    000h 00m 01.618s,    000h 04m 42.581s
172,    1656,    284237,    000h 00m 01.656s,    000h 04m 44.237s
173,    1749,    285986,    000h 00m 01.749s,    000h 04m 45.986s
174,    1703,    287689,    000h 00m 01.703s,    000h 04m 47.689s
175,    1644,    289333,    000h 00m 01.644s,    000h 04m 49.333s
176,    1747,    291080,    000h 00m 01.747s,    000h 04m 51.080s
177,    1737,    292817,    000h 00m 01.737s,    000h 04m 52.817s
178,    1593,    294410,    000h 00m 01.593s,    000h 04m 54.410s
179,    1681,    296091,    000h 00m 01.681s,    000h 04m 56.091s
180,    1720,    297811,    000h 00m 01.720s,    000h 04m 57.811s
181,    1733,    299544,    000h 00m 01.733s,    000h 04m 59.544s
182,    1539,    301083,    000h 00m 01.539s,    000h 05m 01.083s
183,    1707,    302790,    000h 00m 01.707s,    000h 05m 02.790s
184,    1565,    304355,    000h 00m 01.565s,    000h 05m 04.355s
185,    1566,    305921,    000h 00m 01.566s,    000h 05m 05.921s
186,    1606,    307527,    000h 00m 01.606s,    000h 05m 07.527s
187,    1580,    309107,    000h 00m 01.580s,    000h 05m 09.107s
188,    1606,    310713,    000h 00m 01.606s,    000h 05m 10.713s
189,    1730,    312443,    000h 00m 01.730s,    000h 05m 12.443s
190,    1643,    314086,    000h 00m 01.643s,    000h 05m 14.086s
191,    1610,    315696,    000h 00m 01.610s,    000h 05m 15.696s
192,    1749,    317445,    000h 00m 01.749s,    000h 05m 17.445s
193,    1699,    319144,    000h 00m 01.699s,    000h 05m 19.144s
194,    1742,    320886,    000h 00m 01.742s,    000h 05m 20.886s
195,    1708,    322594,    000h 00m 01.708s,    000h 05m 22.594s
196,    1575,    324169,    000h 00m 01.575s,    000h 05m 24.169s
197,    1545,    325714,    000h 00m 01.545s,    000h 05m 25.714s
198,    1722,    327436,    000h 00m 01.722s,    000h 05m 27.436s
199,    1656,    329092,    000h 00m 01.656s,    000h 05m 29.092s
200,    1749,    330841,    000h 00m 01.749s,    000h 05m 30.841s
201,    1651,    332492,    000h 00m 01.651s,    000h 05m 32.492s
202,    1713,    334205,    000h 00m 01.713s,    000h 05m 34.205s
203,    1745,    335950,    000h 00m 01.745s,    000h 05m 35.950s
204,    1735,    337685,    000h 00m 01.735s,    000h 05m 37.685s
205,    1587,    339272,    000h 00m 01.587s,    000h 05m 39.272s
206,    1492,    340764,    000h 00m 01.492s,    000h 05m 40.764s
207,    1531,    342295,    000h 00m 01.531s,    000h 05m 42.295s
208,    1345,    343640,    000h 00m 01.345s,    000h 05m 43.640s
209,    1707,    345347,    000h 00m 01.707s,    000h 05m 45.347s
210,    1781,    347128,    000h 00m 01.781s,    000h 05m 47.128s
211,    1585,    348713,    000h 00m 01.585s,    000h 05m 48.713s
212,    1732,    350445,    000h 00m 01.732s,    000h 05m 50.445s
213,    1545,    351990,    000h 00m 01.545s,    000h 05m 51.990s
214,    1717,    353707,    000h 00m 01.717s,    000h 05m 53.707s
215,    1549,    355256,    000h 00m 01.549s,    000h 05m 55.256s
216,    1673,    356929,    000h 00m 01.673s,    000h 05m 56.929s
217,    1716,    358645,    000h 00m 01.716s,    000h 05m 58.645s
218,    1687,    360332,    000h 00m 01.687s,    000h 06m 00.332s
219,    1568,    361900,    000h 00m 01.568s,    000h 06m 01.900s
220,    1594,    363494,    000h 00m 01.594s,    000h 06m 03.494s
221,    1721,    365215,    000h 00m 01.721s,    000h 06m 05.215s
222,    1591,    366806,    000h 00m 01.591s,    000h 06m 06.806s
223,    1779,    368585,    000h 00m 01.779s,    000h 06m 08.585s
224,    1570,    370155,    000h 00m 01.570s,    000h 06m 10.155s
225,    1570,    371725,    000h 00m 01.570s,    000h 06m 11.725s
226,    1707,    373432,    000h 00m 01.707s,    000h 06m 13.432s
227,    1747,    375179,    000h 00m 01.747s,    000h 06m 15.179s
228,    1750,    376929,    000h 00m 01.750s,    000h 06m 16.929s
229,    1673,    378602,    000h 00m 01.673s,    000h 06m 18.602s
230,    1712,    380314,    000h 00m 01.712s,    000h 06m 20.314s
231,    1717,    382031,    000h 00m 01.717s,    000h 06m 22.031s
232,    1537,    383568,    000h 00m 01.537s,    000h 06m 23.568s
233,    1356,    384924,    000h 00m 01.356s,    000h 06m 24.924s
234,    1673,    386597,    000h 00m 01.673s,    000h 06m 26.597s
235,    1745,    388342,    000h 00m 01.745s,    000h 06m 28.342s
236,    1548,    389890,    000h 00m 01.548s,    000h 06m 29.890s
237,    1729,    391619,    000h 00m 01.729s,    000h 06m 31.619s
238,    1628,    393247,    000h 00m 01.628s,    000h 06m 33.247s
239,    1643,    394890,    000h 00m 01.643s,    000h 06m 34.890s
240,    1379,    396269,    000h 00m 01.379s,    000h 06m 36.269s
241,    1724,    397993,    000h 00m 01.724s,    000h 06m 37.993s
242,    1745,    399738,    000h 00m 01.745s,    000h 06m 39.738s
243,    1759,    401497,    000h 00m 01.759s,    000h 06m 41.497s
244,    1768,    403265,    000h 00m 01.768s,    000h 06m 43.265s
245,    1686,    404951,    000h 00m 01.686s,    000h 06m 44.951s
246,    1779,    406730,    000h 00m 01.779s,    000h 06m 46.730s
247,    1582,    408312,    000h 00m 01.582s,    000h 06m 48.312s
248,    1613,    409925,    000h 00m 01.613s,    000h 06m 49.925s
249,    1588,    411513,    000h 00m 01.588s,    000h 06m 51.513s
250,    1637,    413150,    000h 00m 01.637s,    000h 06m 53.150s
251,    1767,    414917,    000h 00m 01.767s,    000h 06m 54.917s
252,    1351,    416268,    000h 00m 01.351s,    000h 06m 56.268s
253,    1626,    417894,    000h 00m 01.626s,    000h 06m 57.894s
254,    1715,    419609,    000h 00m 01.715s,    000h 06m 59.609s
255,    1415,    421024,    000h 00m 01.415s,    000h 07m 01.024s
256,    1784,    422808,    000h 00m 01.784s,    000h 07m 02.808s
257,    1692,    424500,    000h 00m 01.692s,    000h 07m 04.500s
258,    1636,    426136,    000h 00m 01.636s,    000h 07m 06.136s
259,    1667,    427803,    000h 00m 01.667s,    000h 07m 07.803s
260,    1689,    429492,    000h 00m 01.689s,    000h 07m 09.492s
261,    1745,    431237,    000h 00m 01.745s,    000h 07m 11.237s
262,    1630,    432867,    000h 00m 01.630s,    000h 07m 12.867s
263,    1624,    434491,    000h 00m 01.624s,    000h 07m 14.491s
264,    1728,    436219,    000h 00m 01.728s,    000h 07m 16.219s
265,    1567,    437786,    000h 00m 01.567s,    000h 07m 17.786s
266,    1757,    439543,    000h 00m 01.757s,    000h 07m 19.543s
267,    1639,    441182,    000h 00m 01.639s,    000h 07m 21.182s
268,    1419,    442601,    000h 00m 01.419s,    000h 07m 22.601s
269,    1615,    444216,    000h 00m 01.615s,    000h 07m 24.216s
270,    1634,    445850,    000h 00m 01.634s,    000h 07m 25.850s
271,    1717,    447567,    000h 00m 01.717s,    000h 07m 27.567s
272,    1685,    449252,    000h 00m 01.685s,    000h 07m 29.252s
273,    1385,    450637,    000h 00m 01.385s,    000h 07m 30.637s
274,    1721,    452358,    000h 00m 01.721s,    000h 07m 32.358s
275,    1350,    453708,    000h 00m 01.350s,    000h 07m 33.708s
276,    1737,    455445,    000h 00m 01.737s,    000h 07m 35.445s
277,    1716,    457161,    000h 00m 01.716s,    000h 07m 37.161s
278,    1508,    458669,    000h 00m 01.508s,    000h 07m 38.669s
279,    1543,    460212,    000h 00m 01.543s,    000h 07m 40.212s
280,    1791,    462003,    000h 00m 01.791s,    000h 07m 42.003s
281,    1724,    463727,    000h 00m 01.724s,    000h 07m 43.727s
282,    1585,    465312,    000h 00m 01.585s,    000h 07m 45.312s
283,    1734,    467046,    000h 00m 01.734s,    000h 07m 47.046s
284,    1724,    468770,    000h 00m 01.724s,    000h 07m 48.770s
285,    1734,    470504,    000h 00m 01.734s,    000h 07m 50.504s
286,    1553,    472057,    000h 00m 01.553s,    000h 07m 52.057s
287,    1686,    473743,    000h 00m 01.686s,    000h 07m 53.743s
288,    1371,    475114,    000h 00m 01.371s,    000h 07m 55.114s
289,    1598,    476712,    000h 00m 01.598s,    000h 07m 56.712s
290,    1766,    478478,    000h 00m 01.766s,    000h 07m 58.478s
291,    1550,    480028,    000h 00m 01.550s,    000h 08m 00.028s
292,    1699,    481727,    000h 00m 01.699s,    000h 08m 01.727s
293,    1602,    483329,    000h 00m 01.602s,    000h 08m 03.329s
294,    1729,    485058,    000h 00m 01.729s,    000h 08m 05.058s
295,    1693,    486751,    000h 00m 01.693s,    000h 08m 06.751s
296,    1670,    488421,    000h 00m 01.670s,    000h 08m 08.421s
297,    1729,    490150,    000h 00m 01.729s,    000h 08m 10.150s
298,    1720,    491870,    000h 00m 01.720s,    000h 08m 11.870s
299,    1717,    493587,    000h 00m 01.717s,    000h 08m 13.587s
300,    1603,    495190,    000h 00m 01.603s,    000h 08m 15.190s
301,    1741,    496931,    000h 00m 01.741s,    000h 08m 16.931s
302,    1773,    498704,    000h 00m 01.773s,    000h 08m 18.704s
303,    1714,    500418,    000h 00m 01.714s,    000h 08m 20.418s
304,    1660,    502078,    000h 00m 01.660s,    000h 08m 22.078s
305,    1730,    503808,    000h 00m 01.730s,    000h 08m 23.808s
306,    1741,    505549,    000h 00m 01.741s,    000h 08m 25.549s
307,    1750,    507299,    000h 00m 01.750s,    000h 08m 27.299s
308,    1722,    509021,    000h 00m 01.722s,    000h 08m 29.021s
309,    1744,    510765,    000h 00m 01.744s,    000h 08m 30.765s
310,    1771,    512536,    000h 00m 01.771s,    000h 08m 32.536s
311,    1426,    513962,    000h 00m 01.426s,    000h 08m 33.962s
312,    1615,    515577,    000h 00m 01.615s,    000h 08m 35.577s
313,    1741,    517318,    000h 00m 01.741s,    000h 08m 37.318s
314,    1719,    519037,    000h 00m 01.719s,    000h 08m 39.037s
315,    1768,    520805,    000h 00m 01.768s,    000h 08m 40.805s
316,    1591,    522396,    000h 00m 01.591s,    000h 08m 42.396s
317,    1740,    524136,    000h 00m 01.740s,    000h 08m 44.136s
318,    1554,    525690,    000h 00m 01.554s,    000h 08m 45.690s
319,    1796,    527486,    000h 00m 01.796s,    000h 08m 47.486s
320,    1708,    529194,    000h 00m 01.708s,    000h 08m 49.194s
321,    1356,    530550,    000h 00m 01.356s,    000h 08m 50.550s
322,    1573,    532123,    000h 00m 01.573s,    000h 08m 52.123s
323,    1612,    533735,    000h 00m 01.612s,    000h 08m 53.735s
324,    1636,    535371,    000h 00m 01.636s,    000h 08m 55.371s
325,    1442,    536813,    000h 00m 01.442s,    000h 08m 56.813s
326,    1646,    538459,    000h 00m 01.646s,    000h 08m 58.459s
327,    1759,    540218,    000h 00m 01.759s,    000h 09m 00.218s
328,    1638,    541856,    000h 00m 01.638s,    000h 09m 01.856s
329,    1598,    543454,    000h 00m 01.598s,    000h 09m 03.454s
330,    1676,    545130,    000h 00m 01.676s,    000h 09m 05.130s
331,    1679,    546809,    000h 00m 01.679s,    000h 09m 06.809s
332,    1642,    548451,    000h 00m 01.642s,    000h 09m 08.451s
333,    1577,    550028,    000h 00m 01.577s,    000h 09m 10.028s
334,    1730,    551758,    000h 00m 01.730s,    000h 09m 11.758s
335,    1761,    553519,    000h 00m 01.761s,    000h 09m 13.519s
336,    1704,    555223,    000h 00m 01.704s,    000h 09m 15.223s
337,    1681,    556904,    000h 00m 01.681s,    000h 09m 16.904s
338,    1622,    558526,    000h 00m 01.622s,    000h 09m 18.526s
339,    1791,    560317,    000h 00m 01.791s,    000h 09m 20.317s
340,    1620,    561937,    000h 00m 01.620s,    000h 09m 21.937s
341,    1739,    563676,    000h 00m 01.739s,    000h 09m 23.676s
342,    1517,    565193,    000h 00m 01.517s,    000h 09m 25.193s
343,    1617,    566810,    000h 00m 01.617s,    000h 09m 26.810s
344,    1714,    568524,    000h 00m 01.714s,    000h 09m 28.524s
345,    1685,    570209,    000h 00m 01.685s,    000h 09m 30.209s
346,    1737,    571946,    000h 00m 01.737s,    000h 09m 31.946s
347,    1766,    573712,    000h 00m 01.766s,    000h 09m 33.712s
348,    1742,    575454,    000h 00m 01.742s,    000h 09m 35.454s
349,    1539,    576993,    000h 00m 01.539s,    000h 09m 36.993s
350,    1630,    578623,    000h 00m 01.630s,    000h 09m 38.623s
351,    1329,    579952,    000h 00m 01.329s,    000h 09m 39.952s
352,    1798,    581750,    000h 00m 01.798s,    000h 09m 41.750s
353,    1562,    583312,    000h 00m 01.562s,    000h 09m 43.312s
354,    1740,    585052,    000h 00m 01.740s,    000h 09m 45.052s
355,    1733,    586785,    000h 00m 01.733s,    000h 09m 46.785s
356,    1544,    588329,    000h 00m 01.544s,    000h 09m 48.329s
357,    1571,    589900,    000h 00m 01.571s,    000h 09m 49.900s
358,    1689,    591589,    000h 00m 01.689s,    000h 09m 51.589s
359,    1577,    593166,    000h 00m 01.577s,    000h 09m 53.166s
360,    1753,    594919,    000h 00m 01.753s,    000h 09m 54.919s
361,    1707,    596626,    000h 00m 01.707s,    000h 09m 56.626s
362,    1380,    598006,    000h 00m 01.380s,    000h 09m 58.006s
363,    1722,    599728,    000h 00m 01.722s,    000h 09m 59.728s
364,    1668,    601396,    000h 00m 01.668s,    000h 10m 01.396s
365,    1718,    603114,    000h 00m 01.718s,    000h 10m 03.114s
366,    1691,    604805,    000h 00m 01.691s,    000h 10m 04.805s
367,    1643,    606448,    000h 00m 01.643s,    000h 10m 06.448s
368,    1461,    607909,    000h 00m 01.461s,    000h 10m 07.909s
369,    1661,    609570,    000h 00m 01.661s,    000h 10m 09.570s
370,    1612,    611182,    000h 00m 01.612s,    000h 10m 11.182s
371,    1576,    612758,    000h 00m 01.576s,    000h 10m 12.758s
372,    1727,    614485,    000h 00m 01.727s,    000h 10m 14.485s
373,    1630,    616115,    000h 00m 01.630s,    000h 10m 16.115s
374,    1685,    617800,    000h 00m 01.685s,    000h 10m 17.800s
375,    1726,    619526,    000h 00m 01.726s,    000h 10m 19.526s
376,    1675,    621201,    000h 00m 01.675s,    000h 10m 21.201s
377,    1554,    622755,    000h 00m 01.554s,    000h 10m 22.755s
378,    1735,    624490,    000h 00m 01.735s,    000h 10m 24.490s
379,    1720,    626210,    000h 00m 01.720s,    000h 10m 26.210s
380,    1442,    627652,    000h 00m 01.442s,    000h 10m 27.652s
381,    1668,    629320,    000h 00m 01.668s,    000h 10m 29.320s
382,    1748,    631068,    000h 00m 01.748s,    000h 10m 31.068s
383,    1556,    632624,    000h 00m 01.556s,    000h 10m 32.624s
384,    1712,    634336,    000h 00m 01.712s,    000h 10m 34.336s
385,    1576,    635912,    000h 00m 01.576s,    000h 10m 35.912s
386,    1643,    637555,    000h 00m 01.643s,    000h 10m 37.555s
387,    1744,    639299,    000h 00m 01.744s,    000h 10m 39.299s
388,    1716,    641015,    000h 00m 01.716s,    000h 10m 41.015s
389,    1662,    642677,    000h 00m 01.662s,    000h 10m 42.677s
390,    1744,    644421,    000h 00m 01.744s,    000h 10m 44.421s
391,    1564,    645985,    000h 00m 01.564s,    000h 10m 45.985s
392,    1766,    647751,    000h 00m 01.766s,    000h 10m 47.751s
393,    1734,    649485,    000h 00m 01.734s,    000h 10m 49.485s
394,    1731,    651216,    000h 00m 01.731s,    000h 10m 51.216s
395,    1603,    652819,    000h 00m 01.603s,    000h 10m 52.819s
396,    1753,    654572,    000h 00m 01.753s,    000h 10m 54.572s
397,    1825,    656397,    000h 00m 01.825s,    000h 10m 56.397s
398,    1633,    658030,    000h 00m 01.633s,    000h 10m 58.030s
399,    1678,    659708,    000h 00m 01.678s,    000h 10m 59.708s
400,    1661,    661369,    000h 00m 01.661s,    000h 11m 01.369s
401,    1633,    663002,    000h 00m 01.633s,    000h 11m 03.002s
402,    1685,    664687,    000h 00m 01.685s,    000h 11m 04.687s
403,    1714,    666401,    000h 00m 01.714s,    000h 11m 06.401s
404,    1636,    668037,    000h 00m 01.636s,    000h 11m 08.037s
405,    1746,    669783,    000h 00m 01.746s,    000h 11m 09.783s
406,    1759,    671542,    000h 00m 01.759s,    000h 11m 11.542s
407,    1755,    673297,    000h 00m 01.755s,    000h 11m 13.297s
408,    1558,    674855,    000h 00m 01.558s,    000h 11m 14.855s
409,    1762,    676617,    000h 00m 01.762s,    000h 11m 16.617s
410,    1763,    678380,    000h 00m 01.763s,    000h 11m 18.380s
411,    1783,    680163,    000h 00m 01.783s,    000h 11m 20.163s
412,    1758,    681921,    000h 00m 01.758s,    000h 11m 21.921s
413,    1674,    683595,    000h 00m 01.674s,    000h 11m 23.595s
414,    1743,    685338,    000h 00m 01.743s,    000h 11m 25.338s
415,    1746,    687084,    000h 00m 01.746s,    000h 11m 27.084s
416,    1749,    688833,    000h 00m 01.749s,    000h 11m 28.833s
417,    1615,    690448,    000h 00m 01.615s,    000h 11m 30.448s
418,    1693,    692141,    000h 00m 01.693s,    000h 11m 32.141s
419,    1672,    693813,    000h 00m 01.672s,    000h 11m 33.813s
420,    1712,    695525,    000h 00m 01.712s,    000h 11m 35.525s
421,    1606,    697131,    000h 00m 01.606s,    000h 11m 37.131s
422,    1588,    698719,    000h 00m 01.588s,    000h 11m 38.719s
423,    1758,    700477,    000h 00m 01.758s,    000h 11m 40.477s
424,    1652,    702129,    000h 00m 01.652s,    000h 11m 42.129s
425,    1674,    703803,    000h 00m 01.674s,    000h 11m 43.803s
426,    1586,    705389,    000h 00m 01.586s,    000h 11m 45.389s
427,    1652,    707041,    000h 00m 01.652s,    000h 11m 47.041s
428,    1609,    708650,    000h 00m 01.609s,    000h 11m 48.650s
429,    1602,    710252,    000h 00m 01.602s,    000h 11m 50.252s
430,    1667,    711919,    000h 00m 01.667s,    000h 11m 51.919s
431,    1635,    713554,    000h 00m 01.635s,    000h 11m 53.554s
432,    1605,    715159,    000h 00m 01.605s,    000h 11m 55.159s
433,    1752,    716911,    000h 00m 01.752s,    000h 11m 56.911s
434,    1566,    718477,    000h 00m 01.566s,    000h 11m 58.477s
435,    1651,    720128,    000h 00m 01.651s,    000h 12m 00.128s
436,    1749,    721877,    000h 00m 01.749s,    000h 12m 01.877s
437,    1677,    723554,    000h 00m 01.677s,    000h 12m 03.554s
438,    1630,    725184,    000h 00m 01.630s,    000h 12m 05.184s
439,    1702,    726886,    000h 00m 01.702s,    000h 12m 06.886s
440,    1625,    728511,    000h 00m 01.625s,    000h 12m 08.511s
441,    1559,    730070,    000h 00m 01.559s,    000h 12m 10.070s
442,    1755,    731825,    000h 00m 01.755s,    000h 12m 11.825s
443,    1561,    733386,    000h 00m 01.561s,    000h 12m 13.386s
444,    1716,    735102,    000h 00m 01.716s,    000h 12m 15.102s
445,    1649,    736751,    000h 00m 01.649s,    000h 12m 16.751s
446,    1696,    738447,    000h 00m 01.696s,    000h 12m 18.447s
447,    2162,    740609,    000h 00m 02.162s,    000h 12m 20.609s
448,    2354,    742963,    000h 00m 02.354s,    000h 12m 22.963s
449,    2306,    745269,    000h 00m 02.306s,    000h 12m 25.269s
450,    2042,    747311,    000h 00m 02.042s,    000h 12m 27.311s
451,    2183,    749494,    000h 00m 02.183s,    000h 12m 29.494s
452,    2308,    751802,    000h 00m 02.308s,    000h 12m 31.802s
453,    2069,    753871,    000h 00m 02.069s,    000h 12m 33.871s
454,    2127,    755998,    000h 00m 02.127s,    000h 12m 35.998s
455,    2153,    758151,    000h 00m 02.153s,    000h 12m 38.151s
456,    2317,    760468,    000h 00m 02.317s,    000h 12m 40.468s
457,    2320,    762788,    000h 00m 02.320s,    000h 12m 42.788s
458,    2076,    764864,    000h 00m 02.076s,    000h 12m 44.864s
459,    1878,    766742,    000h 00m 01.878s,    000h 12m 46.742s
460,    2288,    769030,    000h 00m 02.288s,    000h 12m 49.030s
461,    2348,    771378,    000h 00m 02.348s,    000h 12m 51.378s
462,    2388,    773766,    000h 00m 02.388s,    000h 12m 53.766s
463,    2466,    776232,    000h 00m 02.466s,    000h 12m 56.232s
464,    2417,    778649,    000h 00m 02.417s,    000h 12m 58.649s
465,    2276,    780925,    000h 00m 02.276s,    000h 13m 00.925s
466,    2424,    783349,    000h 00m 02.424s,    000h 13m 03.349s
467,    2407,    785756,    000h 00m 02.407s,    000h 13m 05.756s
468,    2365,    788121,    000h 00m 02.365s,    000h 13m 08.121s
469,    2270,    790391,    000h 00m 02.270s,    000h 13m 10.391s
470,    2305,    792696,    000h 00m 02.305s,    000h 13m 12.696s
471,    2403,    795099,    000h 00m 02.403s,    000h 13m 15.099s
472,    2774,    797873,    000h 00m 02.774s,    000h 13m 17.873s
473,    2910,    800783,    000h 00m 02.910s,    000h 13m 20.783s
474,    2398,    803181,    000h 00m 02.398s,    000h 13m 23.181s
475,    2768,    805949,    000h 00m 02.768s,    000h 13m 25.949s
476,    2617,    808566,    000h 00m 02.617s,    000h 13m 28.566s
477,    2629,    811195,    000h 00m 02.629s,    000h 13m 31.195s
478,    2913,    814108,    000h 00m 02.913s,    000h 13m 34.108s
479,    2555,    816663,    000h 00m 02.555s,    000h 13m 36.663s
480,    2780,    819443,    000h 00m 02.780s,    000h 13m 39.443s
481,    2610,    822053,    000h 00m 02.610s,    000h 13m 42.053s
482,    2507,    824560,    000h 00m 02.507s,    000h 13m 44.560s
483,    2619,    827179,    000h 00m 02.619s,    000h 13m 47.179s
484,    2200,    829379,    000h 00m 02.200s,    000h 13m 49.379s
485,    2730,    832109,    000h 00m 02.730s,    000h 13m 52.109s
486,    2587,    834696,    000h 00m 02.587s,    000h 13m 54.696s
487,    2552,    837248,    000h 00m 02.552s,    000h 13m 57.248s
488,    2631,    839879,    000h 00m 02.631s,    000h 13m 59.879s
489,    2629,    842508,    000h 00m 02.629s,    000h 14m 02.508s
490,    2625,    845133,    000h 00m 02.625s,    000h 14m 05.133s
491,    2840,    847973,    000h 00m 02.840s,    000h 14m 07.973s
492,    2342,    850315,    000h 00m 02.342s,    000h 14m 10.315s
493,    2449,    852764,    000h 00m 02.449s,    000h 14m 12.764s
494,    2292,    855056,    000h 00m 02.292s,    000h 14m 15.056s
495,    2351,    857407,    000h 00m 02.351s,    000h 14m 17.407s
496,    2559,    859966,    000h 00m 02.559s,    000h 14m 19.966s
497,    2393,    862359,    000h 00m 02.393s,    000h 14m 22.359s
498,    2382,    864741,    000h 00m 02.382s,    000h 14m 24.741s
499,    2343,    867084,    000h 00m 02.343s,    000h 14m 27.084s
500,    2346,    869430,    000h 00m 02.346s,    000h 14m 29.430s
501,    1985,    871415,    000h 00m 01.985s,    000h 14m 31.415s
502,    2036,    873451,    000h 00m 02.036s,    000h 14m 33.451s
503,    2385,    875836,    000h 00m 02.385s,    000h 14m 35.836s
504,    2292,    878128,    000h 00m 02.292s,    000h 14m 38.128s
505,    1876,    880004,    000h 00m 01.876s,    000h 14m 40.004s
506,    2279,    882283,    000h 00m 02.279s,    000h 14m 42.283s
507,    2248,    884531,    000h 00m 02.248s,    000h 14m 44.531s
508,    2058,    886589,    000h 00m 02.058s,    000h 14m 46.589s
509,    2380,    888969,    000h 00m 02.380s,    000h 14m 48.969s
510,    2474,    891443,    000h 00m 02.474s,    000h 14m 51.443s
511,    2395,    893838,    000h 00m 02.395s,    000h 14m 53.838s
512,    2230,    896068,    000h 00m 02.230s,    000h 14m 56.068s
513,    2315,    898383,    000h 00m 02.315s,    000h 14m 58.383s
514,    2343,    900726,    000h 00m 02.343s,    000h 15m 00.726s
515,    2376,    903102,    000h 00m 02.376s,    000h 15m 03.102s
516,    2137,    905239,    000h 00m 02.137s,    000h 15m 05.239s
517,    1921,    907160,    000h 00m 01.921s,    000h 15m 07.160s
518,    2190,    909350,    000h 00m 02.190s,    000h 15m 09.350s
519,    2549,    911899,    000h 00m 02.549s,    000h 15m 11.899s
520,    2462,    914361,    000h 00m 02.462s,    000h 15m 14.361s
521,    2370,    916731,    000h 00m 02.370s,    000h 15m 16.731s
522,    2326,    919057,    000h 00m 02.326s,    000h 15m 19.057s
523,    2184,    921241,    000h 00m 02.184s,    000h 15m 21.241s
524,    2601,    923842,    000h 00m 02.601s,    000h 15m 23.842s
525,    2461,    926303,    000h 00m 02.461s,    000h 15m 26.303s
526,    2444,    928747,    000h 00m 02.444s,    000h 15m 28.747s
527,    2222,    930969,    000h 00m 02.222s,    000h 15m 30.969s
528,    2421,    933390,    000h 00m 02.421s,    000h 15m 33.390s
529,    2423,    935813,    000h 00m 02.423s,    000h 15m 35.813s
530,    2246,    938059,    000h 00m 02.246s,    000h 15m 38.059s
531,    2167,    940226,    000h 00m 02.167s,    000h 15m 40.226s
532,    2417,    942643,    000h 00m 02.417s,    000h 15m 42.643s
533,    2277,    944920,    000h 00m 02.277s,    000h 15m 44.920s
534,    2342,    947262,    000h 00m 02.342s,    000h 15m 47.262s
535,    2320,    949582,    000h 00m 02.320s,    000h 15m 49.582s
536,    2201,    951783,    000h 00m 02.201s,    000h 15m 51.783s
537,    2059,    953842,    000h 00m 02.059s,    000h 15m 53.842s
538,    2289,    956131,    000h 00m 02.289s,    000h 15m 56.131s
539,    2038,    958169,    000h 00m 02.038s,    000h 15m 58.169s
540,    2024,    960193,    000h 00m 02.024s,    000h 16m 00.193s
541,    2182,    962375,    000h 00m 02.182s,    000h 16m 02.375s
542,    1940,    964315,    000h 00m 01.940s,    000h 16m 04.315s
543,    2115,    966430,    000h 00m 02.115s,    000h 16m 06.430s
544,    2169,    968599,    000h 00m 02.169s,    000h 16m 08.599s
545,    2393,    970992,    000h 00m 02.393s,    000h 16m 10.992s
546,    2144,    973136,    000h 00m 02.144s,    000h 16m 13.136s
547,    2248,    975384,    000h 00m 02.248s,    000h 16m 15.384s
548,    2392,    977776,    000h 00m 02.392s,    000h 16m 17.776s
549,    2241,    980017,    000h 00m 02.241s,    000h 16m 20.017s
550,    2290,    982307,    000h 00m 02.290s,    000h 16m 22.307s
551,    2181,    984488,    000h 00m 02.181s,    000h 16m 24.488s
552,    2303,    986791,    000h 00m 02.303s,    000h 16m 26.791s
553,    2459,    989250,    000h 00m 02.459s,    000h 16m 29.250s
554,    2318,    991568,    000h 00m 02.318s,    000h 16m 31.568s
555,    2169,    993737,    000h 00m 02.169s,    000h 16m 33.737s
556,    2273,    996010,    000h 00m 02.273s,    000h 16m 36.010s
557,    2497,    998507,    000h 00m 02.497s,    000h 16m 38.507s
558,    2337,    1000844,    000h 00m 02.337s,    000h 16m 40.844s
559,    2125,    1002969,    000h 00m 02.125s,    000h 16m 42.969s
560,    2364,    1005333,    000h 00m 02.364s,    000h 16m 45.333s
561,    2357,    1007690,    000h 00m 02.357s,    000h 16m 47.690s
562,    2269,    1009959,    000h 00m 02.269s,    000h 16m 49.959s
563,    2333,    1012292,    000h 00m 02.333s,    000h 16m 52.292s
564,    2032,    1014324,    000h 00m 02.032s,    000h 16m 54.324s
565,    2266,    1016590,    000h 00m 02.266s,    000h 16m 56.590s
566,    2191,    1018781,    000h 00m 02.191s,    000h 16m 58.781s
567,    2105,    1020886,    000h 00m 02.105s,    000h 17m 00.886s
568,    2239,    1023125,    000h 00m 02.239s,    000h 17m 03.125s
569,    2025,    1025150,    000h 00m 02.025s,    000h 17m 05.150s
570,    2218,    1027368,    000h 00m 02.218s,    000h 17m 07.368s
571,    1996,    1029364,    000h 00m 01.996s,    000h 17m 09.364s
572,    2223,    1031587,    000h 00m 02.223s,    000h 17m 11.587s
573,    2046,    1033633,    000h 00m 02.046s,    000h 17m 13.633s
574,    2290,    1035923,    000h 00m 02.290s,    000h 17m 15.923s
575,    2020,    1037943,    000h 00m 02.020s,    000h 17m 17.943s
576,    2157,    1040100,    000h 00m 02.157s,    000h 17m 20.100s
577,    2310,    1042410,    000h 00m 02.310s,    000h 17m 22.410s
578,    2301,    1044711,    000h 00m 02.301s,    000h 17m 24.711s
579,    2370,    1047081,    000h 00m 02.370s,    000h 17m 27.081s
580,    2311,    1049392,    000h 00m 02.311s,    000h 17m 29.392s
581,    1972,    1051364,    000h 00m 01.972s,    000h 17m 31.364s
582,    2008,    1053372,    000h 00m 02.008s,    000h 17m 33.372s
583,    2229,    1055601,    000h 00m 02.229s,    000h 17m 35.601s
584,    2013,    1057614,    000h 00m 02.013s,    000h 17m 37.614s
585,    2185,    1059799,    000h 00m 02.185s,    000h 17m 39.799s
586,    2487,    1062286,    000h 00m 02.487s,    000h 17m 42.286s
587,    2039,    1064325,    000h 00m 02.039s,    000h 17m 44.325s
588,    1865,    1066190,    000h 00m 01.865s,    000h 17m 46.190s
589,    2160,    1068350,    000h 00m 02.160s,    000h 17m 48.350s
590,    2424,    1070774,    000h 00m 02.424s,    000h 17m 50.774s
591,    2355,    1073129,    000h 00m 02.355s,    000h 17m 53.129s
592,    2095,    1075224,    000h 00m 02.095s,    000h 17m 55.224s
593,    2054,    1077278,    000h 00m 02.054s,    000h 17m 57.278s
594,    2293,    1079571,    000h 00m 02.293s,    000h 17m 59.571s
595,    2185,    1081756,    000h 00m 02.185s,    000h 18m 01.756s
596,    2227,    1083983,    000h 00m 02.227s,    000h 18m 03.983s
597,    2264,    1086247,    000h 00m 02.264s,    000h 18m 06.247s
598,    1873,    1088120,    000h 00m 01.873s,    000h 18m 08.120s
599,    2337,    1090457,    000h 00m 02.337s,    000h 18m 10.457s
600,    2234,    1092691,    000h 00m 02.234s,    000h 18m 12.691s
601,    2279,    1094970,    000h 00m 02.279s,    000h 18m 14.970s
602,    2161,    1097131,    000h 00m 02.161s,    000h 18m 17.131s
603,    2248,    1099379,    000h 00m 02.248s,    000h 18m 19.379s
604,    2336,    1101715,    000h 00m 02.336s,    000h 18m 21.715s
605,    2292,    1104007,    000h 00m 02.292s,    000h 18m 24.007s
606,    2060,    1106067,    000h 00m 02.060s,    000h 18m 26.067s
607,    1683,    1107750,    000h 00m 01.683s,    000h 18m 27.750s
608,    2277,    1110027,    000h 00m 02.277s,    000h 18m 30.027s
609,    2171,    1112198,    000h 00m 02.171s,    000h 18m 32.198s
610,    2179,    1114377,    000h 00m 02.179s,    000h 18m 34.377s
611,    2028,    1116405,    000h 00m 02.028s,    000h 18m 36.405s
612,    1971,    1118376,    000h 00m 01.971s,    000h 18m 38.376s
613,    2161,    1120537,    000h 00m 02.161s,    000h 18m 40.537s
614,    2080,    1122617,    000h 00m 02.080s,    000h 18m 42.617s
615,    2196,    1124813,    000h 00m 02.196s,    000h 18m 44.813s
616,    2149,    1126962,    000h 00m 02.149s,    000h 18m 46.962s
617,    2353,    1129315,    000h 00m 02.353s,    000h 18m 49.315s
618,    2166,    1131481,    000h 00m 02.166s,    000h 18m 51.481s
619,    2280,    1133761,    000h 00m 02.280s,    000h 18m 53.761s
620,    2142,    1135903,    000h 00m 02.142s,    000h 18m 55.903s
621,    2472,    1138375,    000h 00m 02.472s,    000h 18m 58.375s
622,    2216,    1140591,    000h 00m 02.216s,    000h 19m 00.591s
623,    2424,    1143015,    000h 00m 02.424s,    000h 19m 03.015s
624,    2180,    1145195,    000h 00m 02.180s,    000h 19m 05.195s
625,    2257,    1147452,    000h 00m 02.257s,    000h 19m 07.452s
626,    2262,    1149714,    000h 00m 02.262s,    000h 19m 09.714s
627,    2049,    1151763,    000h 00m 02.049s,    000h 19m 11.763s
628,    2092,    1153855,    000h 00m 02.092s,    000h 19m 13.855s
629,    2101,    1155956,    000h 00m 02.101s,    000h 19m 15.956s
630,    2223,    1158179,    000h 00m 02.223s,    000h 19m 18.179s
631,    2377,    1160556,    000h 00m 02.377s,    000h 19m 20.556s
632,    2124,    1162680,    000h 00m 02.124s,    000h 19m 22.680s
633,    2190,    1164870,    000h 00m 02.190s,    000h 19m 24.870s
634,    2063,    1166933,    000h 00m 02.063s,    000h 19m 26.933s
635,    2082,    1169015,    000h 00m 02.082s,    000h 19m 29.015s
636,    2247,    1171262,    000h 00m 02.247s,    000h 19m 31.262s
637,    1933,    1173195,    000h 00m 01.933s,    000h 19m 33.195s
638,    2032,    1175227,    000h 00m 02.032s,    000h 19m 35.227s
639,    2105,    1177332,    000h 00m 02.105s,    000h 19m 37.332s
640,    2243,    1179575,    000h 00m 02.243s,    000h 19m 39.575s
641,    2259,    1181834,    000h 00m 02.259s,    000h 19m 41.834s
642,    2280,    1184114,    000h 00m 02.280s,    000h 19m 44.114s
643,    2172,    1186286,    000h 00m 02.172s,    000h 19m 46.286s
644,    2282,    1188568,    000h 00m 02.282s,    000h 19m 48.568s
645,    2086,    1190654,    000h 00m 02.086s,    000h 19m 50.654s
646,    2274,    1192928,    000h 00m 02.274s,    000h 19m 52.928s
647,    2224,    1195152,    000h 00m 02.224s,    000h 19m 55.152s
648,    2059,    1197211,    000h 00m 02.059s,    000h 19m 57.211s
649,    2237,    1199448,    000h 00m 02.237s,    000h 19m 59.448s
650,    2238,    1201686,    000h 00m 02.238s,    000h 20m 01.686s
651,    2153,    1203839,    000h 00m 02.153s,    000h 20m 03.839s
652,    1987,    1205826,    000h 00m 01.987s,    000h 20m 05.826s
653,    2204,    1208030,    000h 00m 02.204s,    000h 20m 08.030s
654,    2281,    1210311,    000h 00m 02.281s,    000h 20m 10.311s
655,    2298,    1212609,    000h 00m 02.298s,    000h 20m 12.609s
656,    2244,    1214853,    000h 00m 02.244s,    000h 20m 14.853s
657,    2276,    1217129,    000h 00m 02.276s,    000h 20m 17.129s
658,    2499,    1219628,    000h 00m 02.499s,    000h 20m 19.628s
659,    2274,    1221902,    000h 00m 02.274s,    000h 20m 21.902s
660,    2390,    1224292,    000h 00m 02.390s,    000h 20m 24.292s
661,    2469,    1226761,    000h 00m 02.469s,    000h 20m 26.761s
662,    2103,    1228864,    000h 00m 02.103s,    000h 20m 28.864s
663,    1981,    1230845,    000h 00m 01.981s,    000h 20m 30.845s
664,    2081,    1232926,    000h 00m 02.081s,    000h 20m 32.926s
665,    2293,    1235219,    000h 00m 02.293s,    000h 20m 35.219s
666,    2258,    1237477,    000h 00m 02.258s,    000h 20m 37.477s
667,    2313,    1239790,    000h 00m 02.313s,    000h 20m 39.790s
668,    2362,    1242152,    000h 00m 02.362s,    000h 20m 42.152s
669,    1985,    1244137,    000h 00m 01.985s,    000h 20m 44.137s
670,    1986,    1246123,    000h 00m 01.986s,    000h 20m 46.123s
671,    2245,    1248368,    000h 00m 02.245s,    000h 20m 48.368s
672,    2052,    1250420,    000h 00m 02.052s,    000h 20m 50.420s
673,    2248,    1252668,    000h 00m 02.248s,    000h 20m 52.668s
674,    2277,    1254945,    000h 00m 02.277s,    000h 20m 54.945s
675,    2038,    1256983,    000h 00m 02.038s,    000h 20m 56.983s
676,    2192,    1259175,    000h 00m 02.192s,    000h 20m 59.175s
677,    2262,    1261437,    000h 00m 02.262s,    000h 21m 01.437s
678,    2148,    1263585,    000h 00m 02.148s,    000h 21m 03.585s
679,    2320,    1265905,    000h 00m 02.320s,    000h 21m 05.905s
680,    2279,    1268184,    000h 00m 02.279s,    000h 21m 08.184s
681,    2213,    1270397,    000h 00m 02.213s,    000h 21m 10.397s
682,    2236,    1272633,    000h 00m 02.236s,    000h 21m 12.633s
683,    2172,    1274805,    000h 00m 02.172s,    000h 21m 14.805s
684,    2375,    1277180,    000h 00m 02.375s,    000h 21m 17.180s
685,    2329,    1279509,    000h 00m 02.329s,    000h 21m 19.509s
686,    2468,    1281977,    000h 00m 02.468s,    000h 21m 21.977s
687,    2322,    1284299,    000h 00m 02.322s,    000h 21m 24.299s
688,    2156,    1286455,    000h 00m 02.156s,    000h 21m 26.455s
689,    2111,    1288566,    000h 00m 02.111s,    000h 21m 28.566s
690,    2487,    1291053,    000h 00m 02.487s,    000h 21m 31.053s
691,    2457,    1293510,    000h 00m 02.457s,    000h 21m 33.510s
692,    2484,    1295994,    000h 00m 02.484s,    000h 21m 35.994s
693,    2165,    1298159,    000h 00m 02.165s,    000h 21m 38.159s
694,    2303,    1300462,    000h 00m 02.303s,    000h 21m 40.462s
695,    2238,    1302700,    000h 00m 02.238s,    000h 21m 42.700s
696,    2133,    1304833,    000h 00m 02.133s,    000h 21m 44.833s
697,    2189,    1307022,    000h 00m 02.189s,    000h 21m 47.022s
698,    2086,    1309108,    000h 00m 02.086s,    000h 21m 49.108s
699,    2352,    1311460,    000h 00m 02.352s,    000h 21m 51.460s
700,    2330,    1313790,    000h 00m 02.330s,    000h 21m 53.790s
701,    2229,    1316019,    000h 00m 02.229s,    000h 21m 56.019s
702,    2202,    1318221,    000h 00m 02.202s,    000h 21m 58.221s
703,    2034,    1320255,    000h 00m 02.034s,    000h 22m 00.255s
704,    2212,    1322467,    000h 00m 02.212s,    000h 22m 02.467s
705,    2094,    1324561,    000h 00m 02.094s,    000h 22m 04.561s
706,    2204,    1326765,    000h 00m 02.204s,    000h 22m 06.765s
707,    2033,    1328798,    000h 00m 02.033s,    000h 22m 08.798s
708,    2012,    1330810,    000h 00m 02.012s,    000h 22m 10.810s
709,    2018,    1332828,    000h 00m 02.018s,    000h 22m 12.828s
710,    2205,    1335033,    000h 00m 02.205s,    000h 22m 15.033s
711,    2229,    1337262,    000h 00m 02.229s,    000h 22m 17.262s
712,    2193,    1339455,    000h 00m 02.193s,    000h 22m 19.455s
713,    2176,    1341631,    000h 00m 02.176s,    000h 22m 21.631s
714,    2153,    1343784,    000h 00m 02.153s,    000h 22m 23.784s
715,    2360,    1346144,    000h 00m 02.360s,    000h 22m 26.144s
716,    2387,    1348531,    000h 00m 02.387s,    000h 22m 28.531s
717,    2368,    1350899,    000h 00m 02.368s,    000h 22m 30.899s
718,    2086,    1352985,    000h 00m 02.086s,    000h 22m 32.985s
719,    2440,    1355425,    000h 00m 02.440s,    000h 22m 35.425s
720,    2271,    1357696,    000h 00m 02.271s,    000h 22m 37.696s
721,    2046,    1359742,    000h 00m 02.046s,    000h 22m 39.742s
722,    2246,    1361988,    000h 00m 02.246s,    000h 22m 41.988s
723,    2234,    1364222,    000h 00m 02.234s,    000h 22m 44.222s
724,    1697,    1365919,    000h 00m 01.697s,    000h 22m 45.919s
725,    2188,    1368107,    000h 00m 02.188s,    000h 22m 48.107s
726,    2008,    1370115,    000h 00m 02.008s,    000h 22m 50.115s
727,    2192,    1372307,    000h 00m 02.192s,    000h 22m 52.307s
728,    1994,    1374301,    000h 00m 01.994s,    000h 22m 54.301s
729,    2347,    1376648,    000h 00m 02.347s,    000h 22m 56.648s
730,    2149,    1378797,    000h 00m 02.149s,    000h 22m 58.797s
731,    2148,    1380945,    000h 00m 02.148s,    000h 23m 00.945s
732,    2058,    1383003,    000h 00m 02.058s,    000h 23m 03.003s
733,    1990,    1384993,    000h 00m 01.990s,    000h 23m 04.993s
734,    2073,    1387066,    000h 00m 02.073s,    000h 23m 07.066s
735,    2231,    1389297,    000h 00m 02.231s,    000h 23m 09.297s
736,    2372,    1391669,    000h 00m 02.372s,    000h 23m 11.669s
737,    2562,    1394231,    000h 00m 02.562s,    000h 23m 14.231s
738,    2437,    1396668,    000h 00m 02.437s,    000h 23m 16.668s
739,    2344,    1399012,    000h 00m 02.344s,    000h 23m 19.012s
740,    2307,    1401319,    000h 00m 02.307s,    000h 23m 21.319s
741,    2249,    1403568,    000h 00m 02.249s,    000h 23m 23.568s
742,    2360,    1405928,    000h 00m 02.360s,    000h 23m 25.928s
743,    2308,    1408236,    000h 00m 02.308s,    000h 23m 28.236s
744,    2238,    1410474,    000h 00m 02.238s,    000h 23m 30.474s
745,    2014,    1412488,    000h 00m 02.014s,    000h 23m 32.488s
746,    2286,    1414774,    000h 00m 02.286s,    000h 23m 34.774s
747,    2056,    1416830,    000h 00m 02.056s,    000h 23m 36.830s
748,    2102,    1418932,    000h 00m 02.102s,    000h 23m 38.932s
749,    2363,    1421295,    000h 00m 02.363s,    000h 23m 41.295s
750,    2169,    1423464,    000h 00m 02.169s,    000h 23m 43.464s
751,    2110,    1425574,    000h 00m 02.110s,    000h 23m 45.574s
752,    2363,    1427937,    000h 00m 02.363s,    000h 23m 47.937s
753,    2213,    1430150,    000h 00m 02.213s,    000h 23m 50.150s
754,    2252,    1432402,    000h 00m 02.252s,    000h 23m 52.402s
755,    2473,    1434875,    000h 00m 02.473s,    000h 23m 54.875s
756,    2836,    1437711,    000h 00m 02.836s,    000h 23m 57.711s
757,    2629,    1440340,    000h 00m 02.629s,    000h 24m 00.340s
758,    2606,    1442946,    000h 00m 02.606s,    000h 24m 02.946s
759,    2227,    1445173,    000h 00m 02.227s,    000h 24m 05.173s
760,    2153,    1447326,    000h 00m 02.153s,    000h 24m 07.326s
761,    2314,    1449640,    000h 00m 02.314s,    000h 24m 09.640s
762,    2382,    1452022,    000h 00m 02.382s,    000h 24m 12.022s
763,    2282,    1454304,    000h 00m 02.282s,    000h 24m 14.304s
764,    2141,    1456445,    000h 00m 02.141s,    000h 24m 16.445s
765,    2310,    1458755,    000h 00m 02.310s,    000h 24m 18.755s
766,    2354,    1461109,    000h 00m 02.354s,    000h 24m 21.109s
767,    2390,    1463499,    000h 00m 02.390s,    000h 24m 23.499s
768,    2488,    1465987,    000h 00m 02.488s,    000h 24m 25.987s
769,    2038,    1468025,    000h 00m 02.038s,    000h 24m 28.025s
770,    1995,    1470020,    000h 00m 01.995s,    000h 24m 30.020s
771,    2420,    1472440,    000h 00m 02.420s,    000h 24m 32.440s
772,    2368,    1474808,    000h 00m 02.368s,    000h 24m 34.808s
773,    2449,    1477257,    000h 00m 02.449s,    000h 24m 37.257s
774,    2434,    1479691,    000h 00m 02.434s,    000h 24m 39.691s
775,    2310,    1482001,    000h 00m 02.310s,    000h 24m 42.001s
776,    2448,    1484449,    000h 00m 02.448s,    000h 24m 44.449s
777,    2373,    1486822,    000h 00m 02.373s,    000h 24m 46.822s
778,    2521,    1489343,    000h 00m 02.521s,    000h 24m 49.343s
779,    2213,    1491556,    000h 00m 02.213s,    000h 24m 51.556s
780,    2439,    1493995,    000h 00m 02.439s,    000h 24m 53.995s
781,    2437,    1496432,    000h 00m 02.437s,    000h 24m 56.432s
782,    2357,    1498789,    000h 00m 02.357s,    000h 24m 58.789s
783,    2345,    1501134,    000h 00m 02.345s,    000h 25m 01.134s
784,    2408,    1503542,    000h 00m 02.408s,    000h 25m 03.542s
785,    2408,    1505950,    000h 00m 02.408s,    000h 25m 05.950s
786,    2247,    1508197,    000h 00m 02.247s,    000h 25m 08.197s
787,    2270,    1510467,    000h 00m 02.270s,    000h 25m 10.467s
788,    2594,    1513061,    000h 00m 02.594s,    000h 25m 13.061s
789,    2271,    1515332,    000h 00m 02.271s,    000h 25m 15.332s
790,    2327,    1517659,    000h 00m 02.327s,    000h 25m 17.659s
791,    2336,    1519995,    000h 00m 02.336s,    000h 25m 19.995s
792,    2536,    1522531,    000h 00m 02.536s,    000h 25m 22.531s
793,    2459,    1524990,    000h 00m 02.459s,    000h 25m 24.990s
794,    2339,    1527329,    000h 00m 02.339s,    000h 25m 27.329s
795,    2425,    1529754,    000h 00m 02.425s,    000h 25m 29.754s
796,    2068,    1531822,    000h 00m 02.068s,    000h 25m 31.822s
797,    2399,    1534221,    000h 00m 02.399s,    000h 25m 34.221s
798,    2124,    1536345,    000h 00m 02.124s,    000h 25m 36.345s
799,    2502,    1538847,    000h 00m 02.502s,    000h 25m 38.847s
800,    2247,    1541094,    000h 00m 02.247s,    000h 25m 41.094s
801,    2184,    1543278,    000h 00m 02.184s,    000h 25m 43.278s
802,    2561,    1545839,    000h 00m 02.561s,    000h 25m 45.839s
803,    2504,    1548343,    000h 00m 02.504s,    000h 25m 48.343s
804,    2250,    1550593,    000h 00m 02.250s,    000h 25m 50.593s
805,    2613,    1553206,    000h 00m 02.613s,    000h 25m 53.206s
806,    2258,    1555464,    000h 00m 02.258s,    000h 25m 55.464s
807,    2286,    1557750,    000h 00m 02.286s,    000h 25m 57.750s
808,    2158,    1559908,    000h 00m 02.158s,    000h 25m 59.908s
809,    1741,    1561649,    000h 00m 01.741s,    000h 26m 01.649s
810,    1954,    1563603,    000h 00m 01.954s,    000h 26m 03.603s
811,    1924,    1565527,    000h 00m 01.924s,    000h 26m 05.527s
812,    2274,    1567801,    000h 00m 02.274s,    000h 26m 07.801s
813,    2474,    1570275,    000h 00m 02.474s,    000h 26m 10.275s
814,    2456,    1572731,    000h 00m 02.456s,    000h 26m 12.731s
815,    2573,    1575304,    000h 00m 02.573s,    000h 26m 15.304s
816,    2291,    1577595,    000h 00m 02.291s,    000h 26m 17.595s
817,    2314,    1579909,    000h 00m 02.314s,    000h 26m 19.909s
818,    2072,    1581981,    000h 00m 02.072s,    000h 26m 21.981s
819,    2196,    1584177,    000h 00m 02.196s,    000h 26m 24.177s
820,    2118,    1586295,    000h 00m 02.118s,    000h 26m 26.295s
821,    2507,    1588802,    000h 00m 02.507s,    000h 26m 28.802s
822,    2032,    1590834,    000h 00m 02.032s,    000h 26m 30.834s
823,    2495,    1593329,    000h 00m 02.495s,    000h 26m 33.329s
824,    2224,    1595553,    000h 00m 02.224s,    000h 26m 35.553s
825,    2424,    1597977,    000h 00m 02.424s,    000h 26m 37.977s
826,    2296,    1600273,    000h 00m 02.296s,    000h 26m 40.273s
827,    2410,    1602683,    000h 00m 02.410s,    000h 26m 42.683s
828,    2571,    1605254,    000h 00m 02.571s,    000h 26m 45.254s
829,    2425,    1607679,    000h 00m 02.425s,    000h 26m 47.679s
830,    2368,    1610047,    000h 00m 02.368s,    000h 26m 50.047s
831,    2308,    1612355,    000h 00m 02.308s,    000h 26m 52.355s
832,    2402,    1614757,    000h 00m 02.402s,    000h 26m 54.757s
833,    2062,    1616819,    000h 00m 02.062s,    000h 26m 56.819s
834,    2247,    1619066,    000h 00m 02.247s,    000h 26m 59.066s
835,    2357,    1621423,    000h 00m 02.357s,    000h 27m 01.423s
836,    2394,    1623817,    000h 00m 02.394s,    000h 27m 03.817s
837,    2446,    1626263,    000h 00m 02.446s,    000h 27m 06.263s
838,    2182,    1628445,    000h 00m 02.182s,    000h 27m 08.445s
839,    2550,    1630995,    000h 00m 02.550s,    000h 27m 10.995s
840,    1904,    1632899,    000h 00m 01.904s,    000h 27m 12.899s
841,    2454,    1635353,    000h 00m 02.454s,    000h 27m 15.353s
842,    2506,    1637859,    000h 00m 02.506s,    000h 27m 17.859s
843,    2232,    1640091,    000h 00m 02.232s,    000h 27m 20.091s
844,    2448,    1642539,    000h 00m 02.448s,    000h 27m 22.539s
845,    2710,    1645249,    000h 00m 02.710s,    000h 27m 25.249s
846,    2513,    1647762,    000h 00m 02.513s,    000h 27m 27.762s
847,    2269,    1650031,    000h 00m 02.269s,    000h 27m 30.031s
848,    2431,    1652462,    000h 00m 02.431s,    000h 27m 32.462s
849,    2389,    1654851,    000h 00m 02.389s,    000h 27m 34.851s
850,    2632,    1657483,    000h 00m 02.632s,    000h 27m 37.483s
851,    2584,    1660067,    000h 00m 02.584s,    000h 27m 40.067s
852,    2652,    1662719,    000h 00m 02.652s,    000h 27m 42.719s
853,    2557,    1665276,    000h 00m 02.557s,    000h 27m 45.276s
854,    2612,    1667888,    000h 00m 02.612s,    000h 27m 47.888s
855,    2278,    1670166,    000h 00m 02.278s,    000h 27m 50.166s
856,    2381,    1672547,    000h 00m 02.381s,    000h 27m 52.547s
857,    2236,    1674783,    000h 00m 02.236s,    000h 27m 54.783s
858,    2183,    1676966,    000h 00m 02.183s,    000h 27m 56.966s
859,    2267,    1679233,    000h 00m 02.267s,    000h 27m 59.233s
860,    2194,    1681427,    000h 00m 02.194s,    000h 28m 01.427s
861,    2201,    1683628,    000h 00m 02.201s,    000h 28m 03.628s
862,    2318,    1685946,    000h 00m 02.318s,    000h 28m 05.946s
863,    2490,    1688436,    000h 00m 02.490s,    000h 28m 08.436s
864,    1895,    1690331,    000h 00m 01.895s,    000h 28m 10.331s
865,    2283,    1692614,    000h 00m 02.283s,    000h 28m 12.614s
866,    2233,    1694847,    000h 00m 02.233s,    000h 28m 14.847s
867,    2401,    1697248,    000h 00m 02.401s,    000h 28m 17.248s
868,    2419,    1699667,    000h 00m 02.419s,    000h 28m 19.667s
869,    2469,    1702136,    000h 00m 02.469s,    000h 28m 22.136s
870,    2216,    1704352,    000h 00m 02.216s,    000h 28m 24.352s
871,    2286,    1706638,    000h 00m 02.286s,    000h 28m 26.638s
872,    2299,    1708937,    000h 00m 02.299s,    000h 28m 28.937s
873,    2170,    1711107,    000h 00m 02.170s,    000h 28m 31.107s
874,    2347,    1713454,    000h 00m 02.347s,    000h 28m 33.454s
875,    2189,    1715643,    000h 00m 02.189s,    000h 28m 35.643s
876,    2195,    1717838,    000h 00m 02.195s,    000h 28m 37.838s
877,    2296,    1720134,    000h 00m 02.296s,    000h 28m 40.134s
878,    2404,    1722538,    000h 00m 02.404s,    000h 28m 42.538s
879,    2526,    1725064,    000h 00m 02.526s,    000h 28m 45.064s
880,    2502,    1727566,    000h 00m 02.502s,    000h 28m 47.566s
881,    2504,    1730070,    000h 00m 02.504s,    000h 28m 50.070s
882,    2404,    1732474,    000h 00m 02.404s,    000h 28m 52.474s
883,    2447,    1734921,    000h 00m 02.447s,    000h 28m 54.921s
884,    2389,    1737310,    000h 00m 02.389s,    000h 28m 57.310s
885,    2151,    1739461,    000h 00m 02.151s,    000h 28m 59.461s
886,    2383,    1741844,    000h 00m 02.383s,    000h 29m 01.844s
887,    2296,    1744140,    000h 00m 02.296s,    000h 29m 04.140s
888,    2331,    1746471,    000h 00m 02.331s,    000h 29m 06.471s
889,    2323,    1748794,    000h 00m 02.323s,    000h 29m 08.794s
890,    1941,    1750735,    000h 00m 01.941s,    000h 29m 10.735s
891,    2474,    1753209,    000h 00m 02.474s,    000h 29m 13.209s
892,    2371,    1755580,    000h 00m 02.371s,    000h 29m 15.580s
893,    2264,    1757844,    000h 00m 02.264s,    000h 29m 17.844s
894,    2311,    1760155,    000h 00m 02.311s,    000h 29m 20.155s
895,    2474,    1762629,    000h 00m 02.474s,    000h 29m 22.629s
896,    2552,    1765181,    000h 00m 02.552s,    000h 29m 25.181s
897,    2174,    1767355,    000h 00m 02.174s,    000h 29m 27.355s
898,    2244,    1769599,    000h 00m 02.244s,    000h 29m 29.599s
899,    2282,    1771881,    000h 00m 02.282s,    000h 29m 31.881s
900,    2260,    1774141,    000h 00m 02.260s,    000h 29m 34.141s
901,    2424,    1776565,    000h 00m 02.424s,    000h 29m 36.565s
902,    2135,    1778700,    000h 00m 02.135s,    000h 29m 38.700s
903,    2511,    1781211,    000h 00m 02.511s,    000h 29m 41.211s
904,    2281,    1783492,    000h 00m 02.281s,    000h 29m 43.492s
905,    2317,    1785809,    000h 00m 02.317s,    000h 29m 45.809s
906,    2202,    1788011,    000h 00m 02.202s,    000h 29m 48.011s
907,    2458,    1790469,    000h 00m 02.458s,    000h 29m 50.469s
908,    2241,    1792710,    000h 00m 02.241s,    000h 29m 52.710s
909,    2391,    1795101,    000h 00m 02.391s,    000h 29m 55.101s
910,    2549,    1797650,    000h 00m 02.549s,    000h 29m 57.650s
911,    2069,    1799719,    000h 00m 02.069s,    000h 29m 59.719s
912,    2236,    1801955,    000h 00m 02.236s,    000h 30m 01.955s
913,    2151,    1804106,    000h 00m 02.151s,    000h 30m 04.106s
914,    2125,    1806231,    000h 00m 02.125s,    000h 30m 06.231s
915,    2406,    1808637,    000h 00m 02.406s,    000h 30m 08.637s
916,    2341,    1810978,    000h 00m 02.341s,    000h 30m 10.978s
917,    2402,    1813380,    000h 00m 02.402s,    000h 30m 13.380s
918,    2492,    1815872,    000h 00m 02.492s,    000h 30m 15.872s
919,    2255,    1818127,    000h 00m 02.255s,    000h 30m 18.127s
920,    2371,    1820498,    000h 00m 02.371s,    000h 30m 20.498s
921,    2379,    1822877,    000h 00m 02.379s,    000h 30m 22.877s
922,    2164,    1825041,    000h 00m 02.164s,    000h 30m 25.041s
923,    2190,    1827231,    000h 00m 02.190s,    000h 30m 27.231s
924,    2362,    1829593,    000h 00m 02.362s,    000h 30m 29.593s
925,    2262,    1831855,    000h 00m 02.262s,    000h 30m 31.855s
926,    2413,    1834268,    000h 00m 02.413s,    000h 30m 34.268s
927,    2398,    1836666,    000h 00m 02.398s,    000h 30m 36.666s
928,    2425,    1839091,    000h 00m 02.425s,    000h 30m 39.091s
929,    2035,    1841126,    000h 00m 02.035s,    000h 30m 41.126s
930,    2429,    1843555,    000h 00m 02.429s,    000h 30m 43.555s
931,    2569,    1846124,    000h 00m 02.569s,    000h 30m 46.124s
932,    2397,    1848521,    000h 00m 02.397s,    000h 30m 48.521s
933,    2104,    1850625,    000h 00m 02.104s,    000h 30m 50.625s
934,    2078,    1852703,    000h 00m 02.078s,    000h 30m 52.703s
935,    2162,    1854865,    000h 00m 02.162s,    000h 30m 54.865s
936,    2130,    1856995,    000h 00m 02.130s,    000h 30m 56.995s
937,    2116,    1859111,    000h 00m 02.116s,    000h 30m 59.111s
938,    2025,    1861136,    000h 00m 02.025s,    000h 31m 01.136s
939,    2179,    1863315,    000h 00m 02.179s,    000h 31m 03.315s
940,    2154,    1865469,    000h 00m 02.154s,    000h 31m 05.469s
941,    2028,    1867497,    000h 00m 02.028s,    000h 31m 07.497s
942,    2201,    1869698,    000h 00m 02.201s,    000h 31m 09.698s
943,    2199,    1871897,    000h 00m 02.199s,    000h 31m 11.897s
944,    1987,    1873884,    000h 00m 01.987s,    000h 31m 13.884s
945,    2018,    1875902,    000h 00m 02.018s,    000h 31m 15.902s
946,    1910,    1877812,    000h 00m 01.910s,    000h 31m 17.812s
947,    1958,    1879770,    000h 00m 01.958s,    000h 31m 19.770s
948,    2222,    1881992,    000h 00m 02.222s,    000h 31m 21.992s
949,    2170,    1884162,    000h 00m 02.170s,    000h 31m 24.162s
950,    2066,    1886228,    000h 00m 02.066s,    000h 31m 26.228s
951,    1882,    1888110,    000h 00m 01.882s,    000h 31m 28.110s
952,    1726,    1889836,    000h 00m 01.726s,    000h 31m 29.836s
953,    2153,    1891989,    000h 00m 02.153s,    000h 31m 31.989s
954,    2157,    1894146,    000h 00m 02.157s,    000h 31m 34.146s
955,    2154,    1896300,    000h 00m 02.154s,    000h 31m 36.300s
956,    2234,    1898534,    000h 00m 02.234s,    000h 31m 38.534s
957,    1958,    1900492,    000h 00m 01.958s,    000h 31m 40.492s
958,    1991,    1902483,    000h 00m 01.991s,    000h 31m 42.483s
959,    2025,    1904508,    000h 00m 02.025s,    000h 31m 44.508s
960,    2001,    1906509,    000h 00m 02.001s,    000h 31m 46.509s
961,    2159,    1908668,    000h 00m 02.159s,    000h 31m 48.668s
962,    2222,    1910890,    000h 00m 02.222s,    000h 31m 50.890s
963,    2114,    1913004,    000h 00m 02.114s,    000h 31m 53.004s
964,    2086,    1915090,    000h 00m 02.086s,    000h 31m 55.090s
965,    1999,    1917089,    000h 00m 01.999s,    000h 31m 57.089s
966,    2075,    1919164,    000h 00m 02.075s,    000h 31m 59.164s
967,    2299,    1921463,    000h 00m 02.299s,    000h 32m 01.463s
968,    2151,    1923614,    000h 00m 02.151s,    000h 32m 03.614s
969,    1971,    1925585,    000h 00m 01.971s,    000h 32m 05.585s
970,    2154,    1927739,    000h 00m 02.154s,    000h 32m 07.739s
971,    1925,    1929664,    000h 00m 01.925s,    000h 32m 09.664s
972,    2063,    1931727,    000h 00m 02.063s,    000h 32m 11.727s
973,    1994,    1933721,    000h 00m 01.994s,    000h 32m 13.721s
974,    2081,    1935802,    000h 00m 02.081s,    000h 32m 15.802s
975,    1679,    1937481,    000h 00m 01.679s,    000h 32m 17.481s
976,    2038,    1939519,    000h 00m 02.038s,    000h 32m 19.519s
977,    2032,    1941551,    000h 00m 02.032s,    000h 32m 21.551s
978,    2123,    1943674,    000h 00m 02.123s,    000h 32m 23.674s
979,    1991,    1945665,    000h 00m 01.991s,    000h 32m 25.665s
980,    1687,    1947352,    000h 00m 01.687s,    000h 32m 27.352s
981,    2226,    1949578,    000h 00m 02.226s,    000h 32m 29.578s
982,    2323,    1951901,    000h 00m 02.323s,    000h 32m 31.901s
983,    2037,    1953938,    000h 00m 02.037s,    000h 32m 33.938s
984,    1697,    1955635,    000h 00m 01.697s,    000h 32m 35.635s
985,    2111,    1957746,    000h 00m 02.111s,    000h 32m 37.746s
986,    2047,    1959793,    000h 00m 02.047s,    000h 32m 39.793s
987,    2172,    1961965,    000h 00m 02.172s,    000h 32m 41.965s
988,    2211,    1964176,    000h 00m 02.211s,    000h 32m 44.176s
989,    2027,    1966203,    000h 00m 02.027s,    000h 32m 46.203s
990,    2211,    1968414,    000h 00m 02.211s,    000h 32m 48.414s
991,    2034,    1970448,    000h 00m 02.034s,    000h 32m 50.448s
992,    2144,    1972592,    000h 00m 02.144s,    000h 32m 52.592s
993,    1660,    1974252,    000h 00m 01.660s,    000h 32m 54.252s
994,    2011,    1976263,    000h 00m 02.011s,    000h 32m 56.263s
995,    1844,    1978107,    000h 00m 01.844s,    000h 32m 58.107s
996,    1989,    1980096,    000h 00m 01.989s,    000h 33m 00.096s
997,    2195,    1982291,    000h 00m 02.195s,    000h 33m 02.291s
998,    2023,    1984314,    000h 00m 02.023s,    000h 33m 04.314s
999,    2051,    1986365,    000h 00m 02.051s,    000h 33m 06.365s
1000,    2077,    1988442,    000h 00m 02.077s,    000h 33m 08.442s
1001,    1989,    1990431,    000h 00m 01.989s,    000h 33m 10.431s
1002,    2221,    1992652,    000h 00m 02.221s,    000h 33m 12.652s
1003,    2066,    1994718,    000h 00m 02.066s,    000h 33m 14.718s
1004,    2228,    1996946,    000h 00m 02.228s,    000h 33m 16.946s
1005,    2169,    1999115,    000h 00m 02.169s,    000h 33m 19.115s
1006,    2065,    2001180,    000h 00m 02.065s,    000h 33m 21.180s
1007,    2228,    2003408,    000h 00m 02.228s,    000h 33m 23.408s
1008,    2057,    2005465,    000h 00m 02.057s,    000h 33m 25.465s
1009,    2069,    2007534,    000h 00m 02.069s,    000h 33m 27.534s
1010,    1938,    2009472,    000h 00m 01.938s,    000h 33m 29.472s
1011,    2039,    2011511,    000h 00m 02.039s,    000h 33m 31.511s
1012,    2290,    2013801,    000h 00m 02.290s,    000h 33m 33.801s
1013,    1964,    2015765,    000h 00m 01.964s,    000h 33m 35.765s
1014,    2119,    2017884,    000h 00m 02.119s,    000h 33m 37.884s
1015,    2145,    2020029,    000h 00m 02.145s,    000h 33m 40.029s
1016,    2066,    2022095,    000h 00m 02.066s,    000h 33m 42.095s
1017,    2149,    2024244,    000h 00m 02.149s,    000h 33m 44.244s
1018,    2110,    2026354,    000h 00m 02.110s,    000h 33m 46.354s
1019,    1979,    2028333,    000h 00m 01.979s,    000h 33m 48.333s
1020,    2007,    2030340,    000h 00m 02.007s,    000h 33m 50.340s
1021,    2223,    2032563,    000h 00m 02.223s,    000h 33m 52.563s
1022,    2218,    2034781,    000h 00m 02.218s,    000h 33m 54.781s
1023,    1920,    2036701,    000h 00m 01.920s,    000h 33m 56.701s
1024,    2159,    2038860,    000h 00m 02.159s,    000h 33m 58.860s
1025,    2238,    2041098,    000h 00m 02.238s,    000h 34m 01.098s
