pass,    time (ms),    total time (ms),    time,     total_time
1,    4408,    4408,    000h 00m 04.408s,    000h 00m 04.408s
2,    4714,    9122,    000h 00m 04.714s,    000h 00m 09.122s
3,    4141,    13263,    000h 00m 04.141s,    000h 00m 13.263s
4,    3719,    16982,    000h 00m 03.719s,    000h 00m 16.982s
5,    3856,    20838,    000h 00m 03.856s,    000h 00m 20.838s
6,    4257,    25095,    000h 00m 04.257s,    000h 00m 25.095s
7,    3923,    29018,    000h 00m 03.923s,    000h 00m 29.018s
8,    3711,    32729,    000h 00m 03.711s,    000h 00m 32.729s
9,    4139,    36868,    000h 00m 04.139s,    000h 00m 36.868s
10,    4677,    41545,    000h 00m 04.677s,    000h 00m 41.545s
11,    4495,    46040,    000h 00m 04.495s,    000h 00m 46.040s
12,    3407,    49447,    000h 00m 03.407s,    000h 00m 49.447s
13,    3879,    53326,    000h 00m 03.879s,    000h 00m 53.326s
14,    3853,    57179,    000h 00m 03.853s,    000h 00m 57.179s
15,    4477,    61656,    000h 00m 04.477s,    000h 01m 01.656s
16,    4258,    65914,    000h 00m 04.258s,    000h 01m 05.914s
17,    3815,    69729,    000h 00m 03.815s,    000h 01m 09.729s
18,    4730,    74459,    000h 00m 04.730s,    000h 01m 14.459s
19,    3867,    78326,    000h 00m 03.867s,    000h 01m 18.326s
20,    4084,    82410,    000h 00m 04.084s,    000h 01m 22.410s
21,    4254,    86664,    000h 00m 04.254s,    000h 01m 26.664s
22,    3689,    90353,    000h 00m 03.689s,    000h 01m 30.353s
23,    3992,    94345,    000h 00m 03.992s,    000h 01m 34.345s
24,    4180,    98525,    000h 00m 04.180s,    000h 01m 38.525s
25,    3899,    102424,    000h 00m 03.899s,    000h 01m 42.424s
26,    4022,    106446,    000h 00m 04.022s,    000h 01m 46.446s
27,    3806,    110252,    000h 00m 03.806s,    000h 01m 50.252s
28,    4215,    114467,    000h 00m 04.215s,    000h 01m 54.467s
29,    4028,    118495,    000h 00m 04.028s,    000h 01m 58.495s
30,    3814,    122309,    000h 00m 03.814s,    000h 02m 02.309s
31,    4115,    126424,    000h 00m 04.115s,    000h 02m 06.424s
32,    3922,    130346,    000h 00m 03.922s,    000h 02m 10.346s
33,    3729,    134075,    000h 00m 03.729s,    000h 02m 14.075s
34,    4319,    138394,    000h 00m 04.319s,    000h 02m 18.394s
35,    4499,    142893,    000h 00m 04.499s,    000h 02m 22.893s
36,    4267,    147160,    000h 00m 04.267s,    000h 02m 27.160s
37,    4246,    151406,    000h 00m 04.246s,    000h 02m 31.406s
38,    4171,    155577,    000h 00m 04.171s,    000h 02m 35.577s
39,    4323,    159900,    000h 00m 04.323s,    000h 02m 39.900s
40,    3962,    163862,    000h 00m 03.962s,    000h 02m 43.862s
41,    3940,    167802,    000h 00m 03.940s,    000h 02m 47.802s
42,    4025,    171827,    000h 00m 04.025s,    000h 02m 51.827s
43,    4116,    175943,    000h 00m 04.116s,    000h 02m 55.943s
44,    4504,    180447,    000h 00m 04.504s,    000h 03m 00.447s
45,    4140,    184587,    000h 00m 04.140s,    000h 03m 04.587s
46,    4147,    188734,    000h 00m 04.147s,    000h 03m 08.734s
47,    4479,    193213,    000h 00m 04.479s,    000h 03m 13.213s
48,    4128,    197341,    000h 00m 04.128s,    000h 03m 17.341s
49,    4296,    201637,    000h 00m 04.296s,    000h 03m 21.637s
50,    3876,    205513,    000h 00m 03.876s,    000h 03m 25.513s
51,    4147,    209660,    000h 00m 04.147s,    000h 03m 29.660s
52,    3676,    213336,    000h 00m 03.676s,    000h 03m 33.336s
53,    3728,    217064,    000h 00m 03.728s,    000h 03m 37.064s
54,    4078,    221142,    000h 00m 04.078s,    000h 03m 41.142s
55,    3814,    224956,    000h 00m 03.814s,    000h 03m 44.956s
56,    3702,    228658,    000h 00m 03.702s,    000h 03m 48.658s
57,    3989,    232647,    000h 00m 03.989s,    000h 03m 52.647s
58,    4640,    237287,    000h 00m 04.640s,    000h 03m 57.287s
59,    4202,    241489,    000h 00m 04.202s,    000h 04m 01.489s
60,    4137,    245626,    000h 00m 04.137s,    000h 04m 05.626s
61,    4329,    249955,    000h 00m 04.329s,    000h 04m 09.955s
62,    3749,    253704,    000h 00m 03.749s,    000h 04m 13.704s
63,    4258,    257962,    000h 00m 04.258s,    000h 04m 17.962s
64,    4060,    262022,    000h 00m 04.060s,    000h 04m 22.022s
65,    4539,    266561,    000h 00m 04.539s,    000h 04m 26.561s
66,    3919,    270480,    000h 00m 03.919s,    000h 04m 30.480s
67,    3696,    274176,    000h 00m 03.696s,    000h 04m 34.176s
68,    4684,    278860,    000h 00m 04.684s,    000h 04m 38.860s
69,    3730,    282590,    000h 00m 03.730s,    000h 04m 42.590s
70,    4173,    286763,    000h 00m 04.173s,    000h 04m 46.763s
71,    3873,    290636,    000h 00m 03.873s,    000h 04m 50.636s
72,    4276,    294912,    000h 00m 04.276s,    000h 04m 54.912s
73,    4625,    299537,    000h 00m 04.625s,    000h 04m 59.537s
74,    3908,    303445,    000h 00m 03.908s,    000h 05m 03.445s
75,    4703,    308148,    000h 00m 04.703s,    000h 05m 08.148s
76,    3952,    312100,    000h 00m 03.952s,    000h 05m 12.100s
77,    4026,    316126,    000h 00m 04.026s,    000h 05m 16.126s
78,    4318,    320444,    000h 00m 04.318s,    000h 05m 20.444s
79,    4458,    324902,    000h 00m 04.458s,    000h 05m 24.902s
80,    4018,    328920,    000h 00m 04.018s,    000h 05m 28.920s
81,    4515,    333435,    000h 00m 04.515s,    000h 05m 33.435s
82,    3862,    337297,    000h 00m 03.862s,    000h 05m 37.297s
83,    4074,    341371,    000h 00m 04.074s,    000h 05m 41.371s
84,    4704,    346075,    000h 00m 04.704s,    000h 05m 46.075s
85,    4407,    350482,    000h 00m 04.407s,    000h 05m 50.482s
86,    3811,    354293,    000h 00m 03.811s,    000h 05m 54.293s
87,    3952,    358245,    000h 00m 03.952s,    000h 05m 58.245s
88,    3969,    362214,    000h 00m 03.969s,    000h 06m 02.214s
89,    4287,    366501,    000h 00m 04.287s,    000h 06m 06.501s
90,    4689,    371190,    000h 00m 04.689s,    000h 06m 11.190s
91,    3889,    375079,    000h 00m 03.889s,    000h 06m 15.079s
92,    4506,    379585,    000h 00m 04.506s,    000h 06m 19.585s
93,    4027,    383612,    000h 00m 04.027s,    000h 06m 23.612s
94,    4361,    387973,    000h 00m 04.361s,    000h 06m 27.973s
95,    4556,    392529,    000h 00m 04.556s,    000h 06m 32.529s
96,    4072,    396601,    000h 00m 04.072s,    000h 06m 36.601s
97,    4408,    401009,    000h 00m 04.408s,    000h 06m 41.009s
98,    4456,    405465,    000h 00m 04.456s,    000h 06m 45.465s
99,    4331,    409796,    000h 00m 04.331s,    000h 06m 49.796s
100,    4112,    413908,    000h 00m 04.112s,    000h 06m 53.908s
101,    4205,    418113,    000h 00m 04.205s,    000h 06m 58.113s
102,    3780,    421893,    000h 00m 03.780s,    000h 07m 01.893s
103,    3954,    425847,    000h 00m 03.954s,    000h 07m 05.847s
104,    4087,    429934,    000h 00m 04.087s,    000h 07m 09.934s
105,    4485,    434419,    000h 00m 04.485s,    000h 07m 14.419s
106,    3900,    438319,    000h 00m 03.900s,    000h 07m 18.319s
107,    4327,    442646,    000h 00m 04.327s,    000h 07m 22.646s
108,    3747,    446393,    000h 00m 03.747s,    000h 07m 26.393s
109,    3319,    449712,    000h 00m 03.319s,    000h 07m 29.712s
110,    3917,    453629,    000h 00m 03.917s,    000h 07m 33.629s
111,    3745,    457374,    000h 00m 03.745s,    000h 07m 37.374s
112,    3756,    461130,    000h 00m 03.756s,    000h 07m 41.130s
113,    4317,    465447,    000h 00m 04.317s,    000h 07m 45.447s
114,    3660,    469107,    000h 00m 03.660s,    000h 07m 49.107s
115,    4496,    473603,    000h 00m 04.496s,    000h 07m 53.603s
116,    4092,    477695,    000h 00m 04.092s,    000h 07m 57.695s
117,    3834,    481529,    000h 00m 03.834s,    000h 08m 01.529s
118,    3761,    485290,    000h 00m 03.761s,    000h 08m 05.290s
119,    4229,    489519,    000h 00m 04.229s,    000h 08m 09.519s
120,    4354,    493873,    000h 00m 04.354s,    000h 08m 13.873s
121,    4239,    498112,    000h 00m 04.239s,    000h 08m 18.112s
122,    4373,    502485,    000h 00m 04.373s,    000h 08m 22.485s
123,    3954,    506439,    000h 00m 03.954s,    000h 08m 26.439s
124,    4457,    510896,    000h 00m 04.457s,    000h 08m 30.896s
125,    4579,    515475,    000h 00m 04.579s,    000h 08m 35.475s
126,    4068,    519543,    000h 00m 04.068s,    000h 08m 39.543s
127,    4425,    523968,    000h 00m 04.425s,    000h 08m 43.968s
128,    3742,    527710,    000h 00m 03.742s,    000h 08m 47.710s
129,    4463,    532173,    000h 00m 04.463s,    000h 08m 52.173s
130,    3991,    536164,    000h 00m 03.991s,    000h 08m 56.164s
131,    4496,    540660,    000h 00m 04.496s,    000h 09m 00.660s
132,    4583,    545243,    000h 00m 04.583s,    000h 09m 05.243s
133,    4539,    549782,    000h 00m 04.539s,    000h 09m 09.782s
134,    4286,    554068,    000h 00m 04.286s,    000h 09m 14.068s
135,    4604,    558672,    000h 00m 04.604s,    000h 09m 18.672s
136,    3944,    562616,    000h 00m 03.944s,    000h 09m 22.616s
137,    3756,    566372,    000h 00m 03.756s,    000h 09m 26.372s
138,    4522,    570894,    000h 00m 04.522s,    000h 09m 30.894s
139,    3974,    574868,    000h 00m 03.974s,    000h 09m 34.868s
140,    3660,    578528,    000h 00m 03.660s,    000h 09m 38.528s
141,    4420,    582948,    000h 00m 04.420s,    000h 09m 42.948s
142,    4398,    587346,    000h 00m 04.398s,    000h 09m 47.346s
143,    4531,    591877,    000h 00m 04.531s,    000h 09m 51.877s
144,    3932,    595809,    000h 00m 03.932s,    000h 09m 55.809s
145,    4607,    600416,    000h 00m 04.607s,    000h 10m 00.416s
146,    3710,    604126,    000h 00m 03.710s,    000h 10m 04.126s
147,    4145,    608271,    000h 00m 04.145s,    000h 10m 08.271s
148,    4742,    613013,    000h 00m 04.742s,    000h 10m 13.013s
149,    4452,    617465,    000h 00m 04.452s,    000h 10m 17.465s
150,    3996,    621461,    000h 00m 03.996s,    000h 10m 21.461s
151,    4398,    625859,    000h 00m 04.398s,    000h 10m 25.859s
152,    4376,    630235,    000h 00m 04.376s,    000h 10m 30.235s
153,    3766,    634001,    000h 00m 03.766s,    000h 10m 34.001s
154,    3830,    637831,    000h 00m 03.830s,    000h 10m 37.831s
155,    3798,    641629,    000h 00m 03.798s,    000h 10m 41.629s
156,    4053,    645682,    000h 00m 04.053s,    000h 10m 45.682s
157,    4432,    650114,    000h 00m 04.432s,    000h 10m 50.114s
158,    4526,    654640,    000h 00m 04.526s,    000h 10m 54.640s
159,    4162,    658802,    000h 00m 04.162s,    000h 10m 58.802s
160,    4548,    663350,    000h 00m 04.548s,    000h 11m 03.350s
161,    4189,    667539,    000h 00m 04.189s,    000h 11m 07.539s
162,    4347,    671886,    000h 00m 04.347s,    000h 11m 11.886s
163,    4562,    676448,    000h 00m 04.562s,    000h 11m 16.448s
164,    3693,    680141,    000h 00m 03.693s,    000h 11m 20.141s
165,    3868,    684009,    000h 00m 03.868s,    000h 11m 24.009s
166,    4292,    688301,    000h 00m 04.292s,    000h 11m 28.301s
167,    4178,    692479,    000h 00m 04.178s,    000h 11m 32.479s
168,    4271,    696750,    000h 00m 04.271s,    000h 11m 36.750s
169,    4081,    700831,    000h 00m 04.081s,    000h 11m 40.831s
170,    3989,    704820,    000h 00m 03.989s,    000h 11m 44.820s
171,    4343,    709163,    000h 00m 04.343s,    000h 11m 49.163s
172,    3979,    713142,    000h 00m 03.979s,    000h 11m 53.142s
173,    4493,    717635,    000h 00m 04.493s,    000h 11m 57.635s
174,    4559,    722194,    000h 00m 04.559s,    000h 12m 02.194s
175,    4487,    726681,    000h 00m 04.487s,    000h 12m 06.681s
176,    4126,    730807,    000h 00m 04.126s,    000h 12m 10.807s
177,    4083,    734890,    000h 00m 04.083s,    000h 12m 14.890s
178,    3723,    738613,    000h 00m 03.723s,    000h 12m 18.613s
179,    4257,    742870,    000h 00m 04.257s,    000h 12m 22.870s
180,    4325,    747195,    000h 00m 04.325s,    000h 12m 27.195s
181,    3823,    751018,    000h 00m 03.823s,    000h 12m 31.018s
182,    4418,    755436,    000h 00m 04.418s,    000h 12m 35.436s
183,    4196,    759632,    000h 00m 04.196s,    000h 12m 39.632s
184,    4210,    763842,    000h 00m 04.210s,    000h 12m 43.842s
185,    4126,    767968,    000h 00m 04.126s,    000h 12m 47.968s
186,    3938,    771906,    000h 00m 03.938s,    000h 12m 51.906s
187,    4298,    776204,    000h 00m 04.298s,    000h 12m 56.204s
188,    3872,    780076,    000h 00m 03.872s,    000h 13m 00.076s
189,    3886,    783962,    000h 00m 03.886s,    000h 13m 03.962s
190,    3973,    787935,    000h 00m 03.973s,    000h 13m 07.935s
191,    4128,    792063,    000h 00m 04.128s,    000h 13m 12.063s
192,    3816,    795879,    000h 00m 03.816s,    000h 13m 15.879s
193,    4260,    800139,    000h 00m 04.260s,    000h 13m 20.139s
194,    4145,    804284,    000h 00m 04.145s,    000h 13m 24.284s
195,    3887,    808171,    000h 00m 03.887s,    000h 13m 28.171s
196,    4169,    812340,    000h 00m 04.169s,    000h 13m 32.340s
197,    4585,    816925,    000h 00m 04.585s,    000h 13m 36.925s
198,    4182,    821107,    000h 00m 04.182s,    000h 13m 41.107s
199,    4031,    825138,    000h 00m 04.031s,    000h 13m 45.138s
200,    4532,    829670,    000h 00m 04.532s,    000h 13m 49.670s
201,    4509,    834179,    000h 00m 04.509s,    000h 13m 54.179s
202,    3765,    837944,    000h 00m 03.765s,    000h 13m 57.944s
203,    4481,    842425,    000h 00m 04.481s,    000h 14m 02.425s
204,    3761,    846186,    000h 00m 03.761s,    000h 14m 06.186s
205,    4356,    850542,    000h 00m 04.356s,    000h 14m 10.542s
206,    4538,    855080,    000h 00m 04.538s,    000h 14m 15.080s
207,    4131,    859211,    000h 00m 04.131s,    000h 14m 19.211s
208,    4523,    863734,    000h 00m 04.523s,    000h 14m 23.734s
209,    4587,    868321,    000h 00m 04.587s,    000h 14m 28.321s
210,    4468,    872789,    000h 00m 04.468s,    000h 14m 32.789s
211,    3955,    876744,    000h 00m 03.955s,    000h 14m 36.744s
212,    4596,    881340,    000h 00m 04.596s,    000h 14m 41.340s
213,    4446,    885786,    000h 00m 04.446s,    000h 14m 45.786s
214,    4152,    889938,    000h 00m 04.152s,    000h 14m 49.938s
215,    4237,    894175,    000h 00m 04.237s,    000h 14m 54.175s
216,    4470,    898645,    000h 00m 04.470s,    000h 14m 58.645s
217,    3858,    902503,    000h 00m 03.858s,    000h 15m 02.503s
218,    3883,    906386,    000h 00m 03.883s,    000h 15m 06.386s
219,    3826,    910212,    000h 00m 03.826s,    000h 15m 10.212s
220,    4048,    914260,    000h 00m 04.048s,    000h 15m 14.260s
221,    4246,    918506,    000h 00m 04.246s,    000h 15m 18.506s
222,    4415,    922921,    000h 00m 04.415s,    000h 15m 22.921s
223,    3677,    926598,    000h 00m 03.677s,    000h 15m 26.598s
224,    4555,    931153,    000h 00m 04.555s,    000h 15m 31.153s
225,    4459,    935612,    000h 00m 04.459s,    000h 15m 35.612s
226,    4294,    939906,    000h 00m 04.294s,    000h 15m 39.906s
227,    3994,    943900,    000h 00m 03.994s,    000h 15m 43.900s
228,    4250,    948150,    000h 00m 04.250s,    000h 15m 48.150s
229,    3904,    952054,    000h 00m 03.904s,    000h 15m 52.054s
230,    3989,    956043,    000h 00m 03.989s,    000h 15m 56.043s
231,    3870,    959913,    000h 00m 03.870s,    000h 15m 59.913s
232,    4497,    964410,    000h 00m 04.497s,    000h 16m 04.410s
233,    3683,    968093,    000h 00m 03.683s,    000h 16m 08.093s
234,    3713,    971806,    000h 00m 03.713s,    000h 16m 11.806s
235,    4391,    976197,    000h 00m 04.391s,    000h 16m 16.197s
236,    3733,    979930,    000h 00m 03.733s,    000h 16m 19.930s
237,    4065,    983995,    000h 00m 04.065s,    000h 16m 23.995s
238,    4318,    988313,    000h 00m 04.318s,    000h 16m 28.313s
239,    4071,    992384,    000h 00m 04.071s,    000h 16m 32.384s
240,    3910,    996294,    000h 00m 03.910s,    000h 16m 36.294s
241,    3799,    1000093,    000h 00m 03.799s,    000h 16m 40.093s
242,    4109,    1004202,    000h 00m 04.109s,    000h 16m 44.202s
243,    4524,    1008726,    000h 00m 04.524s,    000h 16m 48.726s
244,    4503,    1013229,    000h 00m 04.503s,    000h 16m 53.229s
245,    4112,    1017341,    000h 00m 04.112s,    000h 16m 57.341s
246,    4009,    1021350,    000h 00m 04.009s,    000h 17m 01.350s
247,    4413,    1025763,    000h 00m 04.413s,    000h 17m 05.763s
248,    3933,    1029696,    000h 00m 03.933s,    000h 17m 09.696s
249,    4053,    1033749,    000h 00m 04.053s,    000h 17m 13.749s
250,    4376,    1038125,    000h 00m 04.376s,    000h 17m 18.125s
251,    4398,    1042523,    000h 00m 04.398s,    000h 17m 22.523s
252,    3719,    1046242,    000h 00m 03.719s,    000h 17m 26.242s
253,    4348,    1050590,    000h 00m 04.348s,    000h 17m 30.590s
254,    4470,    1055060,    000h 00m 04.470s,    000h 17m 35.060s
255,    4557,    1059617,    000h 00m 04.557s,    000h 17m 39.617s
256,    4634,    1064251,    000h 00m 04.634s,    000h 17m 44.251s
257,    3991,    1068242,    000h 00m 03.991s,    000h 17m 48.242s
258,    4550,    1072792,    000h 00m 04.550s,    000h 17m 52.792s
259,    4307,    1077099,    000h 00m 04.307s,    000h 17m 57.099s
260,    4424,    1081523,    000h 00m 04.424s,    000h 18m 01.523s
261,    4591,    1086114,    000h 00m 04.591s,    000h 18m 06.114s
262,    4427,    1090541,    000h 00m 04.427s,    000h 18m 10.541s
263,    3796,    1094337,    000h 00m 03.796s,    000h 18m 14.337s
264,    4118,    1098455,    000h 00m 04.118s,    000h 18m 18.455s
265,    3824,    1102279,    000h 00m 03.824s,    000h 18m 22.279s
266,    4582,    1106861,    000h 00m 04.582s,    000h 18m 26.861s
267,    4562,    1111423,    000h 00m 04.562s,    000h 18m 31.423s
268,    4391,    1115814,    000h 00m 04.391s,    000h 18m 35.814s
269,    4498,    1120312,    000h 00m 04.498s,    000h 18m 40.312s
270,    4362,    1124674,    000h 00m 04.362s,    000h 18m 44.674s
271,    4386,    1129060,    000h 00m 04.386s,    000h 18m 49.060s
272,    3764,    1132824,    000h 00m 03.764s,    000h 18m 52.824s
273,    4393,    1137217,    000h 00m 04.393s,    000h 18m 57.217s
274,    4011,    1141228,    000h 00m 04.011s,    000h 19m 01.228s
275,    4243,    1145471,    000h 00m 04.243s,    000h 19m 05.471s
276,    3911,    1149382,    000h 00m 03.911s,    000h 19m 09.382s
277,    4536,    1153918,    000h 00m 04.536s,    000h 19m 13.918s
278,    4177,    1158095,    000h 00m 04.177s,    000h 19m 18.095s
279,    4535,    1162630,    000h 00m 04.535s,    000h 19m 22.630s
280,    3819,    1166449,    000h 00m 03.819s,    000h 19m 26.449s
281,    4302,    1170751,    000h 00m 04.302s,    000h 19m 30.751s
282,    3982,    1174733,    000h 00m 03.982s,    000h 19m 34.733s
283,    4522,    1179255,    000h 00m 04.522s,    000h 19m 39.255s
284,    4091,    1183346,    000h 00m 04.091s,    000h 19m 43.346s
285,    4160,    1187506,    000h 00m 04.160s,    000h 19m 47.506s
286,    4030,    1191536,    000h 00m 04.030s,    000h 19m 51.536s
287,    4534,    1196070,    000h 00m 04.534s,    000h 19m 56.070s
288,    3879,    1199949,    000h 00m 03.879s,    000h 19m 59.949s
289,    4504,    1204453,    000h 00m 04.504s,    000h 20m 04.453s
290,    3881,    1208334,    000h 00m 03.881s,    000h 20m 08.334s
291,    4265,    1212599,    000h 00m 04.265s,    000h 20m 12.599s
292,    4211,    1216810,    000h 00m 04.211s,    000h 20m 16.810s
293,    4607,    1221417,    000h 00m 04.607s,    000h 20m 21.417s
294,    4557,    1225974,    000h 00m 04.557s,    000h 20m 25.974s
295,    4602,    1230576,    000h 00m 04.602s,    000h 20m 30.576s
296,    4401,    1234977,    000h 00m 04.401s,    000h 20m 34.977s
297,    4695,    1239672,    000h 00m 04.695s,    000h 20m 39.672s
298,    4561,    1244233,    000h 00m 04.561s,    000h 20m 44.233s
299,    4448,    1248681,    000h 00m 04.448s,    000h 20m 48.681s
300,    4294,    1252975,    000h 00m 04.294s,    000h 20m 52.975s
301,    4529,    1257504,    000h 00m 04.529s,    000h 20m 57.504s
302,    4146,    1261650,    000h 00m 04.146s,    000h 21m 01.650s
303,    4114,    1265764,    000h 00m 04.114s,    000h 21m 05.764s
304,    4106,    1269870,    000h 00m 04.106s,    000h 21m 09.870s
305,    4425,    1274295,    000h 00m 04.425s,    000h 21m 14.295s
306,    4435,    1278730,    000h 00m 04.435s,    000h 21m 18.730s
307,    4305,    1283035,    000h 00m 04.305s,    000h 21m 23.035s
308,    4471,    1287506,    000h 00m 04.471s,    000h 21m 27.506s
309,    4484,    1291990,    000h 00m 04.484s,    000h 21m 31.990s
310,    4244,    1296234,    000h 00m 04.244s,    000h 21m 36.234s
311,    3811,    1300045,    000h 00m 03.811s,    000h 21m 40.045s
312,    4628,    1304673,    000h 00m 04.628s,    000h 21m 44.673s
313,    3988,    1308661,    000h 00m 03.988s,    000h 21m 48.661s
314,    4423,    1313084,    000h 00m 04.423s,    000h 21m 53.084s
315,    3707,    1316791,    000h 00m 03.707s,    000h 21m 56.791s
316,    4223,    1321014,    000h 00m 04.223s,    000h 22m 01.014s
317,    4325,    1325339,    000h 00m 04.325s,    000h 22m 05.339s
318,    4402,    1329741,    000h 00m 04.402s,    000h 22m 09.741s
319,    4548,    1334289,    000h 00m 04.548s,    000h 22m 14.289s
320,    4261,    1338550,    000h 00m 04.261s,    000h 22m 18.550s
321,    4503,    1343053,    000h 00m 04.503s,    000h 22m 23.053s
322,    4309,    1347362,    000h 00m 04.309s,    000h 22m 27.362s
323,    4155,    1351517,    000h 00m 04.155s,    000h 22m 31.517s
324,    4581,    1356098,    000h 00m 04.581s,    000h 22m 36.098s
325,    4440,    1360538,    000h 00m 04.440s,    000h 22m 40.538s
326,    4265,    1364803,    000h 00m 04.265s,    000h 22m 44.803s
327,    4504,    1369307,    000h 00m 04.504s,    000h 22m 49.307s
328,    4414,    1373721,    000h 00m 04.414s,    000h 22m 53.721s
329,    3756,    1377477,    000h 00m 03.756s,    000h 22m 57.477s
330,    4422,    1381899,    000h 00m 04.422s,    000h 23m 01.899s
331,    3814,    1385713,    000h 00m 03.814s,    000h 23m 05.713s
332,    4387,    1390100,    000h 00m 04.387s,    000h 23m 10.100s
333,    4124,    1394224,    000h 00m 04.124s,    000h 23m 14.224s
334,    4376,    1398600,    000h 00m 04.376s,    000h 23m 18.600s
335,    4080,    1402680,    000h 00m 04.080s,    000h 23m 22.680s
336,    4334,    1407014,    000h 00m 04.334s,    000h 23m 27.014s
337,    4054,    1411068,    000h 00m 04.054s,    000h 23m 31.068s
338,    4115,    1415183,    000h 00m 04.115s,    000h 23m 35.183s
339,    4255,    1419438,    000h 00m 04.255s,    000h 23m 39.438s
340,    4594,    1424032,    000h 00m 04.594s,    000h 23m 44.032s
341,    4491,    1428523,    000h 00m 04.491s,    000h 23m 48.523s
342,    4425,    1432948,    000h 00m 04.425s,    000h 23m 52.948s
343,    4607,    1437555,    000h 00m 04.607s,    000h 23m 57.555s
344,    3974,    1441529,    000h 00m 03.974s,    000h 24m 01.529s
345,    4030,    1445559,    000h 00m 04.030s,    000h 24m 05.559s
346,    3967,    1449526,    000h 00m 03.967s,    000h 24m 09.526s
347,    4186,    1453712,    000h 00m 04.186s,    000h 24m 13.712s
348,    4551,    1458263,    000h 00m 04.551s,    000h 24m 18.263s
349,    4008,    1462271,    000h 00m 04.008s,    000h 24m 22.271s
350,    4401,    1466672,    000h 00m 04.401s,    000h 24m 26.672s
351,    3800,    1470472,    000h 00m 03.800s,    000h 24m 30.472s
352,    3897,    1474369,    000h 00m 03.897s,    000h 24m 34.369s
353,    4567,    1478936,    000h 00m 04.567s,    000h 24m 38.936s
354,    4368,    1483304,    000h 00m 04.368s,    000h 24m 43.304s
355,    3675,    1486979,    000h 00m 03.675s,    000h 24m 46.979s
356,    4435,    1491414,    000h 00m 04.435s,    000h 24m 51.414s
357,    4201,    1495615,    000h 00m 04.201s,    000h 24m 55.615s
358,    4246,    1499861,    000h 00m 04.246s,    000h 24m 59.861s
359,    3979,    1503840,    000h 00m 03.979s,    000h 25m 03.840s
360,    4486,    1508326,    000h 00m 04.486s,    000h 25m 08.326s
361,    3691,    1512017,    000h 00m 03.691s,    000h 25m 12.017s
362,    4287,    1516304,    000h 00m 04.287s,    000h 25m 16.304s
363,    4552,    1520856,    000h 00m 04.552s,    000h 25m 20.856s
364,    4012,    1524868,    000h 00m 04.012s,    000h 25m 24.868s
365,    3887,    1528755,    000h 00m 03.887s,    000h 25m 28.755s
366,    4020,    1532775,    000h 00m 04.020s,    000h 25m 32.775s
367,    4054,    1536829,    000h 00m 04.054s,    000h 25m 36.829s
368,    4305,    1541134,    000h 00m 04.305s,    000h 25m 41.134s
369,    4494,    1545628,    000h 00m 04.494s,    000h 25m 45.628s
370,    4242,    1549870,    000h 00m 04.242s,    000h 25m 49.870s
371,    3674,    1553544,    000h 00m 03.674s,    000h 25m 53.544s
372,    4370,    1557914,    000h 00m 04.370s,    000h 25m 57.914s
373,    4449,    1562363,    000h 00m 04.449s,    000h 26m 02.363s
374,    3619,    1565982,    000h 00m 03.619s,    000h 26m 05.982s
375,    4289,    1570271,    000h 00m 04.289s,    000h 26m 10.271s
376,    3995,    1574266,    000h 00m 03.995s,    000h 26m 14.266s
377,    4544,    1578810,    000h 00m 04.544s,    000h 26m 18.810s
378,    3933,    1582743,    000h 00m 03.933s,    000h 26m 22.743s
379,    4499,    1587242,    000h 00m 04.499s,    000h 26m 27.242s
380,    3942,    1591184,    000h 00m 03.942s,    000h 26m 31.184s
381,    4409,    1595593,    000h 00m 04.409s,    000h 26m 35.593s
382,    3820,    1599413,    000h 00m 03.820s,    000h 26m 39.413s
383,    4171,    1603584,    000h 00m 04.171s,    000h 26m 43.584s
384,    3815,    1607399,    000h 00m 03.815s,    000h 26m 47.399s
385,    3704,    1611103,    000h 00m 03.704s,    000h 26m 51.103s
386,    4095,    1615198,    000h 00m 04.095s,    000h 26m 55.198s
387,    4508,    1619706,    000h 00m 04.508s,    000h 26m 59.706s
388,    4649,    1624355,    000h 00m 04.649s,    000h 27m 04.355s
389,    4297,    1628652,    000h 00m 04.297s,    000h 27m 08.652s
390,    4268,    1632920,    000h 00m 04.268s,    000h 27m 12.920s
391,    4489,    1637409,    000h 00m 04.489s,    000h 27m 17.409s
392,    4320,    1641729,    000h 00m 04.320s,    000h 27m 21.729s
393,    4512,    1646241,    000h 00m 04.512s,    000h 27m 26.241s
394,    3906,    1650147,    000h 00m 03.906s,    000h 27m 30.147s
395,    4466,    1654613,    000h 00m 04.466s,    000h 27m 34.613s
396,    3874,    1658487,    000h 00m 03.874s,    000h 27m 38.487s
397,    4681,    1663168,    000h 00m 04.681s,    000h 27m 43.168s
398,    4372,    1667540,    000h 00m 04.372s,    000h 27m 47.540s
399,    4409,    1671949,    000h 00m 04.409s,    000h 27m 51.949s
400,    3791,    1675740,    000h 00m 03.791s,    000h 27m 55.740s
401,    3948,    1679688,    000h 00m 03.948s,    000h 27m 59.688s
402,    3696,    1683384,    000h 00m 03.696s,    000h 28m 03.384s
403,    3776,    1687160,    000h 00m 03.776s,    000h 28m 07.160s
404,    3790,    1690950,    000h 00m 03.790s,    000h 28m 10.950s
405,    4438,    1695388,    000h 00m 04.438s,    000h 28m 15.388s
406,    4454,    1699842,    000h 00m 04.454s,    000h 28m 19.842s
407,    3832,    1703674,    000h 00m 03.832s,    000h 28m 23.674s
408,    4014,    1707688,    000h 00m 04.014s,    000h 28m 27.688s
409,    4465,    1712153,    000h 00m 04.465s,    000h 28m 32.153s
410,    3759,    1715912,    000h 00m 03.759s,    000h 28m 35.912s
411,    3826,    1719738,    000h 00m 03.826s,    000h 28m 39.738s
412,    3813,    1723551,    000h 00m 03.813s,    000h 28m 43.551s
413,    3768,    1727319,    000h 00m 03.768s,    000h 28m 47.319s
414,    4167,    1731486,    000h 00m 04.167s,    000h 28m 51.486s
415,    3864,    1735350,    000h 00m 03.864s,    000h 28m 55.350s
416,    4159,    1739509,    000h 00m 04.159s,    000h 28m 59.509s
417,    4090,    1743599,    000h 00m 04.090s,    000h 29m 03.599s
418,    4440,    1748039,    000h 00m 04.440s,    000h 29m 08.039s
419,    4425,    1752464,    000h 00m 04.425s,    000h 29m 12.464s
420,    4157,    1756621,    000h 00m 04.157s,    000h 29m 16.621s
421,    4262,    1760883,    000h 00m 04.262s,    000h 29m 20.883s
422,    4516,    1765399,    000h 00m 04.516s,    000h 29m 25.399s
423,    3799,    1769198,    000h 00m 03.799s,    000h 29m 29.198s
424,    3793,    1772991,    000h 00m 03.793s,    000h 29m 32.991s
425,    4362,    1777353,    000h 00m 04.362s,    000h 29m 37.353s
426,    4263,    1781616,    000h 00m 04.263s,    000h 29m 41.616s
427,    4123,    1785739,    000h 00m 04.123s,    000h 29m 45.739s
428,    3739,    1789478,    000h 00m 03.739s,    000h 29m 49.478s
429,    4538,    1794016,    000h 00m 04.538s,    000h 29m 54.016s
430,    4302,    1798318,    000h 00m 04.302s,    000h 29m 58.318s
431,    4085,    1802403,    000h 00m 04.085s,    000h 30m 02.403s
432,    3738,    1806141,    000h 00m 03.738s,    000h 30m 06.141s
433,    3779,    1809920,    000h 00m 03.779s,    000h 30m 09.920s
434,    4093,    1814013,    000h 00m 04.093s,    000h 30m 14.013s
435,    4486,    1818499,    000h 00m 04.486s,    000h 30m 18.499s
436,    4182,    1822681,    000h 00m 04.182s,    000h 30m 22.681s
437,    3853,    1826534,    000h 00m 03.853s,    000h 30m 26.534s
438,    3755,    1830289,    000h 00m 03.755s,    000h 30m 30.289s
439,    4211,    1834500,    000h 00m 04.211s,    000h 30m 34.500s
440,    4466,    1838966,    000h 00m 04.466s,    000h 30m 38.966s
441,    3919,    1842885,    000h 00m 03.919s,    000h 30m 42.885s
442,    4666,    1847551,    000h 00m 04.666s,    000h 30m 47.551s
443,    3998,    1851549,    000h 00m 03.998s,    000h 30m 51.549s
444,    4037,    1855586,    000h 00m 04.037s,    000h 30m 55.586s
445,    4294,    1859880,    000h 00m 04.294s,    000h 30m 59.880s
446,    4249,    1864129,    000h 00m 04.249s,    000h 31m 04.129s
447,    3603,    1867732,    000h 00m 03.603s,    000h 31m 07.732s
448,    3872,    1871604,    000h 00m 03.872s,    000h 31m 11.604s
449,    4263,    1875867,    000h 00m 04.263s,    000h 31m 15.867s
450,    4086,    1879953,    000h 00m 04.086s,    000h 31m 19.953s
451,    4196,    1884149,    000h 00m 04.196s,    000h 31m 24.149s
452,    4601,    1888750,    000h 00m 04.601s,    000h 31m 28.750s
453,    4365,    1893115,    000h 00m 04.365s,    000h 31m 33.115s
454,    4327,    1897442,    000h 00m 04.327s,    000h 31m 37.442s
455,    4118,    1901560,    000h 00m 04.118s,    000h 31m 41.560s
456,    4423,    1905983,    000h 00m 04.423s,    000h 31m 45.983s
457,    4127,    1910110,    000h 00m 04.127s,    000h 31m 50.110s
458,    3810,    1913920,    000h 00m 03.810s,    000h 31m 53.920s
459,    3736,    1917656,    000h 00m 03.736s,    000h 31m 57.656s
460,    3932,    1921588,    000h 00m 03.932s,    000h 32m 01.588s
461,    3928,    1925516,    000h 00m 03.928s,    000h 32m 05.516s
462,    3880,    1929396,    000h 00m 03.880s,    000h 32m 09.396s
463,    4430,    1933826,    000h 00m 04.430s,    000h 32m 13.826s
464,    3713,    1937539,    000h 00m 03.713s,    000h 32m 17.539s
465,    4398,    1941937,    000h 00m 04.398s,    000h 32m 21.937s
466,    3908,    1945845,    000h 00m 03.908s,    000h 32m 25.845s
467,    3942,    1949787,    000h 00m 03.942s,    000h 32m 29.787s
468,    4461,    1954248,    000h 00m 04.461s,    000h 32m 34.248s
469,    4552,    1958800,    000h 00m 04.552s,    000h 32m 38.800s
470,    4018,    1962818,    000h 00m 04.018s,    000h 32m 42.818s
471,    4445,    1967263,    000h 00m 04.445s,    000h 32m 47.263s
472,    4265,    1971528,    000h 00m 04.265s,    000h 32m 51.528s
473,    4021,    1975549,    000h 00m 04.021s,    000h 32m 55.549s
474,    3821,    1979370,    000h 00m 03.821s,    000h 32m 59.370s
475,    4521,    1983891,    000h 00m 04.521s,    000h 33m 03.891s
476,    4587,    1988478,    000h 00m 04.587s,    000h 33m 08.478s
477,    4031,    1992509,    000h 00m 04.031s,    000h 33m 12.509s
478,    4105,    1996614,    000h 00m 04.105s,    000h 33m 16.614s
479,    4638,    2001252,    000h 00m 04.638s,    000h 33m 21.252s
480,    3601,    2004853,    000h 00m 03.601s,    000h 33m 24.853s
481,    4045,    2008898,    000h 00m 04.045s,    000h 33m 28.898s
482,    4738,    2013636,    000h 00m 04.738s,    000h 33m 33.636s
483,    3995,    2017631,    000h 00m 03.995s,    000h 33m 37.631s
484,    4091,    2021722,    000h 00m 04.091s,    000h 33m 41.722s
485,    4470,    2026192,    000h 00m 04.470s,    000h 33m 46.192s
486,    3806,    2029998,    000h 00m 03.806s,    000h 33m 49.998s
487,    4275,    2034273,    000h 00m 04.275s,    000h 33m 54.273s
488,    4164,    2038437,    000h 00m 04.164s,    000h 33m 58.437s
489,    4672,    2043109,    000h 00m 04.672s,    000h 34m 03.109s
490,    4231,    2047340,    000h 00m 04.231s,    000h 34m 07.340s
491,    4394,    2051734,    000h 00m 04.394s,    000h 34m 11.734s
492,    4163,    2055897,    000h 00m 04.163s,    000h 34m 15.897s
493,    4297,    2060194,    000h 00m 04.297s,    000h 34m 20.194s
494,    3372,    2063566,    000h 00m 03.372s,    000h 34m 23.566s
495,    4509,    2068075,    000h 00m 04.509s,    000h 34m 28.075s
496,    4418,    2072493,    000h 00m 04.418s,    000h 34m 32.493s
497,    3892,    2076385,    000h 00m 03.892s,    000h 34m 36.385s
498,    3964,    2080349,    000h 00m 03.964s,    000h 34m 40.349s
499,    4516,    2084865,    000h 00m 04.516s,    000h 34m 44.865s
500,    4318,    2089183,    000h 00m 04.318s,    000h 34m 49.183s
501,    4478,    2093661,    000h 00m 04.478s,    000h 34m 53.661s
502,    4534,    2098195,    000h 00m 04.534s,    000h 34m 58.195s
503,    4290,    2102485,    000h 00m 04.290s,    000h 35m 02.485s
504,    4402,    2106887,    000h 00m 04.402s,    000h 35m 06.887s
505,    4440,    2111327,    000h 00m 04.440s,    000h 35m 11.327s
506,    4395,    2115722,    000h 00m 04.395s,    000h 35m 15.722s
507,    4538,    2120260,    000h 00m 04.538s,    000h 35m 20.260s
508,    4678,    2124938,    000h 00m 04.678s,    000h 35m 24.938s
509,    4206,    2129144,    000h 00m 04.206s,    000h 35m 29.144s
510,    4141,    2133285,    000h 00m 04.141s,    000h 35m 33.285s
511,    4326,    2137611,    000h 00m 04.326s,    000h 35m 37.611s
512,    4313,    2141924,    000h 00m 04.313s,    000h 35m 41.924s
513,    3913,    2145837,    000h 00m 03.913s,    000h 35m 45.837s
514,    4498,    2150335,    000h 00m 04.498s,    000h 35m 50.335s
515,    3990,    2154325,    000h 00m 03.990s,    000h 35m 54.325s
516,    4135,    2158460,    000h 00m 04.135s,    000h 35m 58.460s
517,    4138,    2162598,    000h 00m 04.138s,    000h 36m 02.598s
518,    4214,    2166812,    000h 00m 04.214s,    000h 36m 06.812s
519,    4547,    2171359,    000h 00m 04.547s,    000h 36m 11.359s
520,    3915,    2175274,    000h 00m 03.915s,    000h 36m 15.274s
521,    4249,    2179523,    000h 00m 04.249s,    000h 36m 19.523s
522,    3923,    2183446,    000h 00m 03.923s,    000h 36m 23.446s
523,    4243,    2187689,    000h 00m 04.243s,    000h 36m 27.689s
524,    4147,    2191836,    000h 00m 04.147s,    000h 36m 31.836s
525,    4124,    2195960,    000h 00m 04.124s,    000h 36m 35.960s
526,    4609,    2200569,    000h 00m 04.609s,    000h 36m 40.569s
527,    4024,    2204593,    000h 00m 04.024s,    000h 36m 44.593s
528,    3791,    2208384,    000h 00m 03.791s,    000h 36m 48.384s
529,    4489,    2212873,    000h 00m 04.489s,    000h 36m 52.873s
530,    4220,    2217093,    000h 00m 04.220s,    000h 36m 57.093s
531,    4228,    2221321,    000h 00m 04.228s,    000h 37m 01.321s
532,    4528,    2225849,    000h 00m 04.528s,    000h 37m 05.849s
533,    3926,    2229775,    000h 00m 03.926s,    000h 37m 09.775s
534,    3646,    2233421,    000h 00m 03.646s,    000h 37m 13.421s
535,    4084,    2237505,    000h 00m 04.084s,    000h 37m 17.505s
536,    4623,    2242128,    000h 00m 04.623s,    000h 37m 22.128s
537,    4340,    2246468,    000h 00m 04.340s,    000h 37m 26.468s
538,    4328,    2250796,    000h 00m 04.328s,    000h 37m 30.796s
539,    3873,    2254669,    000h 00m 03.873s,    000h 37m 34.669s
540,    3688,    2258357,    000h 00m 03.688s,    000h 37m 38.357s
541,    4193,    2262550,    000h 00m 04.193s,    000h 37m 42.550s
542,    3828,    2266378,    000h 00m 03.828s,    000h 37m 46.378s
543,    4634,    2271012,    000h 00m 04.634s,    000h 37m 51.012s
544,    3840,    2274852,    000h 00m 03.840s,    000h 37m 54.852s
545,    4235,    2279087,    000h 00m 04.235s,    000h 37m 59.087s
546,    3717,    2282804,    000h 00m 03.717s,    000h 38m 02.804s
547,    4428,    2287232,    000h 00m 04.428s,    000h 38m 07.232s
548,    4104,    2291336,    000h 00m 04.104s,    000h 38m 11.336s
549,    4465,    2295801,    000h 00m 04.465s,    000h 38m 15.801s
550,    4454,    2300255,    000h 00m 04.454s,    000h 38m 20.255s
551,    3794,    2304049,    000h 00m 03.794s,    000h 38m 24.049s
552,    4684,    2308733,    000h 00m 04.684s,    000h 38m 28.733s
553,    3738,    2312471,    000h 00m 03.738s,    000h 38m 32.471s
554,    4414,    2316885,    000h 00m 04.414s,    000h 38m 36.885s
555,    3975,    2320860,    000h 00m 03.975s,    000h 38m 40.860s
556,    4039,    2324899,    000h 00m 04.039s,    000h 38m 44.899s
557,    4605,    2329504,    000h 00m 04.605s,    000h 38m 49.504s
558,    4278,    2333782,    000h 00m 04.278s,    000h 38m 53.782s
559,    3870,    2337652,    000h 00m 03.870s,    000h 38m 57.652s
560,    3937,    2341589,    000h 00m 03.937s,    000h 39m 01.589s
561,    4523,    2346112,    000h 00m 04.523s,    000h 39m 06.112s
562,    3956,    2350068,    000h 00m 03.956s,    000h 39m 10.068s
563,    4500,    2354568,    000h 00m 04.500s,    000h 39m 14.568s
564,    4184,    2358752,    000h 00m 04.184s,    000h 39m 18.752s
565,    4213,    2362965,    000h 00m 04.213s,    000h 39m 22.965s
566,    4212,    2367177,    000h 00m 04.212s,    000h 39m 27.177s
567,    4078,    2371255,    000h 00m 04.078s,    000h 39m 31.255s
568,    4450,    2375705,    000h 00m 04.450s,    000h 39m 35.705s
569,    4733,    2380438,    000h 00m 04.733s,    000h 39m 40.438s
570,    4379,    2384817,    000h 00m 04.379s,    000h 39m 44.817s
571,    3804,    2388621,    000h 00m 03.804s,    000h 39m 48.621s
572,    4699,    2393320,    000h 00m 04.699s,    000h 39m 53.320s
573,    3790,    2397110,    000h 00m 03.790s,    000h 39m 57.110s
574,    4412,    2401522,    000h 00m 04.412s,    000h 40m 01.522s
575,    4303,    2405825,    000h 00m 04.303s,    000h 40m 05.825s
576,    4661,    2410486,    000h 00m 04.661s,    000h 40m 10.486s
577,    3918,    2414404,    000h 00m 03.918s,    000h 40m 14.404s
578,    4529,    2418933,    000h 00m 04.529s,    000h 40m 18.933s
579,    4528,    2423461,    000h 00m 04.528s,    000h 40m 23.461s
580,    4323,    2427784,    000h 00m 04.323s,    000h 40m 27.784s
581,    4046,    2431830,    000h 00m 04.046s,    000h 40m 31.830s
582,    4090,    2435920,    000h 00m 04.090s,    000h 40m 35.920s
583,    4517,    2440437,    000h 00m 04.517s,    000h 40m 40.437s
584,    3814,    2444251,    000h 00m 03.814s,    000h 40m 44.251s
585,    3961,    2448212,    000h 00m 03.961s,    000h 40m 48.212s
586,    3891,    2452103,    000h 00m 03.891s,    000h 40m 52.103s
587,    3784,    2455887,    000h 00m 03.784s,    000h 40m 55.887s
588,    4074,    2459961,    000h 00m 04.074s,    000h 40m 59.961s
589,    4282,    2464243,    000h 00m 04.282s,    000h 41m 04.243s
590,    3782,    2468025,    000h 00m 03.782s,    000h 41m 08.025s
591,    3843,    2471868,    000h 00m 03.843s,    000h 41m 11.868s
592,    4512,    2476380,    000h 00m 04.512s,    000h 41m 16.380s
593,    4513,    2480893,    000h 00m 04.513s,    000h 41m 20.893s
594,    3731,    2484624,    000h 00m 03.731s,    000h 41m 24.624s
595,    4756,    2489380,    000h 00m 04.756s,    000h 41m 29.380s
596,    4466,    2493846,    000h 00m 04.466s,    000h 41m 33.846s
597,    4242,    2498088,    000h 00m 04.242s,    000h 41m 38.088s
598,    4075,    2502163,    000h 00m 04.075s,    000h 41m 42.163s
599,    4627,    2506790,    000h 00m 04.627s,    000h 41m 46.790s
600,    4301,    2511091,    000h 00m 04.301s,    000h 41m 51.091s
601,    4072,    2515163,    000h 00m 04.072s,    000h 41m 55.163s
602,    4401,    2519564,    000h 00m 04.401s,    000h 41m 59.564s
603,    4456,    2524020,    000h 00m 04.456s,    000h 42m 04.020s
604,    4093,    2528113,    000h 00m 04.093s,    000h 42m 08.113s
605,    3893,    2532006,    000h 00m 03.893s,    000h 42m 12.006s
606,    3996,    2536002,    000h 00m 03.996s,    000h 42m 16.002s
607,    4569,    2540571,    000h 00m 04.569s,    000h 42m 20.571s
608,    4063,    2544634,    000h 00m 04.063s,    000h 42m 24.634s
609,    4229,    2548863,    000h 00m 04.229s,    000h 42m 28.863s
610,    4681,    2553544,    000h 00m 04.681s,    000h 42m 33.544s
611,    4208,    2557752,    000h 00m 04.208s,    000h 42m 37.752s
612,    3795,    2561547,    000h 00m 03.795s,    000h 42m 41.547s
613,    4098,    2565645,    000h 00m 04.098s,    000h 42m 45.645s
614,    4685,    2570330,    000h 00m 04.685s,    000h 42m 50.330s
615,    4084,    2574414,    000h 00m 04.084s,    000h 42m 54.414s
616,    3851,    2578265,    000h 00m 03.851s,    000h 42m 58.265s
617,    4484,    2582749,    000h 00m 04.484s,    000h 43m 02.749s
618,    4616,    2587365,    000h 00m 04.616s,    000h 43m 07.365s
619,    4325,    2591690,    000h 00m 04.325s,    000h 43m 11.690s
620,    4227,    2595917,    000h 00m 04.227s,    000h 43m 15.917s
621,    3984,    2599901,    000h 00m 03.984s,    000h 43m 19.901s
622,    4188,    2604089,    000h 00m 04.188s,    000h 43m 24.089s
623,    4376,    2608465,    000h 00m 04.376s,    000h 43m 28.465s
624,    3969,    2612434,    000h 00m 03.969s,    000h 43m 32.434s
625,    3890,    2616324,    000h 00m 03.890s,    000h 43m 36.324s
626,    4344,    2620668,    000h 00m 04.344s,    000h 43m 40.668s
627,    3942,    2624610,    000h 00m 03.942s,    000h 43m 44.610s
628,    3700,    2628310,    000h 00m 03.700s,    000h 43m 48.310s
629,    4354,    2632664,    000h 00m 04.354s,    000h 43m 52.664s
630,    3942,    2636606,    000h 00m 03.942s,    000h 43m 56.606s
631,    3667,    2640273,    000h 00m 03.667s,    000h 44m 00.273s
632,    3845,    2644118,    000h 00m 03.845s,    000h 44m 04.118s
633,    4227,    2648345,    000h 00m 04.227s,    000h 44m 08.345s
634,    4196,    2652541,    000h 00m 04.196s,    000h 44m 12.541s
635,    3994,    2656535,    000h 00m 03.994s,    000h 44m 16.535s
636,    3960,    2660495,    000h 00m 03.960s,    000h 44m 20.495s
637,    4060,    2664555,    000h 00m 04.060s,    000h 44m 24.555s
638,    3836,    2668391,    000h 00m 03.836s,    000h 44m 28.391s
639,    4119,    2672510,    000h 00m 04.119s,    000h 44m 32.510s
640,    4067,    2676577,    000h 00m 04.067s,    000h 44m 36.577s
641,    3699,    2680276,    000h 00m 03.699s,    000h 44m 40.276s
642,    3974,    2684250,    000h 00m 03.974s,    000h 44m 44.250s
643,    4550,    2688800,    000h 00m 04.550s,    000h 44m 48.800s
644,    3874,    2692674,    000h 00m 03.874s,    000h 44m 52.674s
645,    4085,    2696759,    000h 00m 04.085s,    000h 44m 56.759s
646,    4024,    2700783,    000h 00m 04.024s,    000h 45m 00.783s
647,    4130,    2704913,    000h 00m 04.130s,    000h 45m 04.913s
648,    4026,    2708939,    000h 00m 04.026s,    000h 45m 08.939s
649,    4211,    2713150,    000h 00m 04.211s,    000h 45m 13.150s
650,    3744,    2716894,    000h 00m 03.744s,    000h 45m 16.894s
651,    4063,    2720957,    000h 00m 04.063s,    000h 45m 20.957s
652,    4108,    2725065,    000h 00m 04.108s,    000h 45m 25.065s
653,    4012,    2729077,    000h 00m 04.012s,    000h 45m 29.077s
654,    3928,    2733005,    000h 00m 03.928s,    000h 45m 33.005s
655,    4230,    2737235,    000h 00m 04.230s,    000h 45m 37.235s
656,    4518,    2741753,    000h 00m 04.518s,    000h 45m 41.753s
657,    4364,    2746117,    000h 00m 04.364s,    000h 45m 46.117s
658,    4040,    2750157,    000h 00m 04.040s,    000h 45m 50.157s
659,    4034,    2754191,    000h 00m 04.034s,    000h 45m 54.191s
660,    4510,    2758701,    000h 00m 04.510s,    000h 45m 58.701s
661,    4412,    2763113,    000h 00m 04.412s,    000h 46m 03.113s
662,    3656,    2766769,    000h 00m 03.656s,    000h 46m 06.769s
663,    4225,    2770994,    000h 00m 04.225s,    000h 46m 10.994s
664,    4158,    2775152,    000h 00m 04.158s,    000h 46m 15.152s
665,    3918,    2779070,    000h 00m 03.918s,    000h 46m 19.070s
666,    4184,    2783254,    000h 00m 04.184s,    000h 46m 23.254s
667,    3903,    2787157,    000h 00m 03.903s,    000h 46m 27.157s
668,    3774,    2790931,    000h 00m 03.774s,    000h 46m 30.931s
669,    4642,    2795573,    000h 00m 04.642s,    000h 46m 35.573s
670,    3916,    2799489,    000h 00m 03.916s,    000h 46m 39.489s
671,    4469,    2803958,    000h 00m 04.469s,    000h 46m 43.958s
672,    4099,    2808057,    000h 00m 04.099s,    000h 46m 48.057s
673,    4560,    2812617,    000h 00m 04.560s,    000h 46m 52.617s
674,    4255,    2816872,    000h 00m 04.255s,    000h 46m 56.872s
675,    3899,    2820771,    000h 00m 03.899s,    000h 47m 00.771s
676,    3761,    2824532,    000h 00m 03.761s,    000h 47m 04.532s
677,    3900,    2828432,    000h 00m 03.900s,    000h 47m 08.432s
678,    3932,    2832364,    000h 00m 03.932s,    000h 47m 12.364s
679,    4358,    2836722,    000h 00m 04.358s,    000h 47m 16.722s
680,    4241,    2840963,    000h 00m 04.241s,    000h 47m 20.963s
681,    4125,    2845088,    000h 00m 04.125s,    000h 47m 25.088s
682,    4187,    2849275,    000h 00m 04.187s,    000h 47m 29.275s
683,    4314,    2853589,    000h 00m 04.314s,    000h 47m 33.589s
684,    3948,    2857537,    000h 00m 03.948s,    000h 47m 37.537s
685,    4098,    2861635,    000h 00m 04.098s,    000h 47m 41.635s
686,    4271,    2865906,    000h 00m 04.271s,    000h 47m 45.906s
687,    4593,    2870499,    000h 00m 04.593s,    000h 47m 50.499s
688,    4592,    2875091,    000h 00m 04.592s,    000h 47m 55.091s
689,    3821,    2878912,    000h 00m 03.821s,    000h 47m 58.912s
690,    4608,    2883520,    000h 00m 04.608s,    000h 48m 03.520s
691,    4622,    2888142,    000h 00m 04.622s,    000h 48m 08.142s
692,    3890,    2892032,    000h 00m 03.890s,    000h 48m 12.032s
693,    4001,    2896033,    000h 00m 04.001s,    000h 48m 16.033s
694,    3884,    2899917,    000h 00m 03.884s,    000h 48m 19.917s
695,    4051,    2903968,    000h 00m 04.051s,    000h 48m 23.968s
696,    3754,    2907722,    000h 00m 03.754s,    000h 48m 27.722s
697,    4174,    2911896,    000h 00m 04.174s,    000h 48m 31.896s
698,    4185,    2916081,    000h 00m 04.185s,    000h 48m 36.081s
699,    4325,    2920406,    000h 00m 04.325s,    000h 48m 40.406s
700,    4635,    2925041,    000h 00m 04.635s,    000h 48m 45.041s
701,    4302,    2929343,    000h 00m 04.302s,    000h 48m 49.343s
702,    4258,    2933601,    000h 00m 04.258s,    000h 48m 53.601s
703,    3933,    2937534,    000h 00m 03.933s,    000h 48m 57.534s
704,    3894,    2941428,    000h 00m 03.894s,    000h 49m 01.428s
705,    3975,    2945403,    000h 00m 03.975s,    000h 49m 05.403s
706,    4106,    2949509,    000h 00m 04.106s,    000h 49m 09.509s
707,    4058,    2953567,    000h 00m 04.058s,    000h 49m 13.567s
708,    4347,    2957914,    000h 00m 04.347s,    000h 49m 17.914s
709,    4294,    2962208,    000h 00m 04.294s,    000h 49m 22.208s
710,    4473,    2966681,    000h 00m 04.473s,    000h 49m 26.681s
711,    4047,    2970728,    000h 00m 04.047s,    000h 49m 30.728s
712,    3812,    2974540,    000h 00m 03.812s,    000h 49m 34.540s
713,    3948,    2978488,    000h 00m 03.948s,    000h 49m 38.488s
714,    4380,    2982868,    000h 00m 04.380s,    000h 49m 42.868s
715,    3941,    2986809,    000h 00m 03.941s,    000h 49m 46.809s
716,    4387,    2991196,    000h 00m 04.387s,    000h 49m 51.196s
717,    4084,    2995280,    000h 00m 04.084s,    000h 49m 55.280s
718,    4441,    2999721,    000h 00m 04.441s,    000h 49m 59.721s
719,    4288,    3004009,    000h 00m 04.288s,    000h 50m 04.009s
720,    4194,    3008203,    000h 00m 04.194s,    000h 50m 08.203s
721,    3869,    3012072,    000h 00m 03.869s,    000h 50m 12.072s
722,    4389,    3016461,    000h 00m 04.389s,    000h 50m 16.461s
723,    4434,    3020895,    000h 00m 04.434s,    000h 50m 20.895s
724,    4042,    3024937,    000h 00m 04.042s,    000h 50m 24.937s
725,    4097,    3029034,    000h 00m 04.097s,    000h 50m 29.034s
726,    4011,    3033045,    000h 00m 04.011s,    000h 50m 33.045s
727,    4461,    3037506,    000h 00m 04.461s,    000h 50m 37.506s
728,    4490,    3041996,    000h 00m 04.490s,    000h 50m 41.996s
729,    4308,    3046304,    000h 00m 04.308s,    000h 50m 46.304s
730,    3812,    3050116,    000h 00m 03.812s,    000h 50m 50.116s
731,    3760,    3053876,    000h 00m 03.760s,    000h 50m 53.876s
732,    3661,    3057537,    000h 00m 03.661s,    000h 50m 57.537s
733,    4496,    3062033,    000h 00m 04.496s,    000h 51m 02.033s
734,    4078,    3066111,    000h 00m 04.078s,    000h 51m 06.111s
735,    4455,    3070566,    000h 00m 04.455s,    000h 51m 10.566s
736,    4299,    3074865,    000h 00m 04.299s,    000h 51m 14.865s
737,    3877,    3078742,    000h 00m 03.877s,    000h 51m 18.742s
738,    4091,    3082833,    000h 00m 04.091s,    000h 51m 22.833s
739,    4190,    3087023,    000h 00m 04.190s,    000h 51m 27.023s
740,    4314,    3091337,    000h 00m 04.314s,    000h 51m 31.337s
741,    4609,    3095946,    000h 00m 04.609s,    000h 51m 35.946s
742,    4419,    3100365,    000h 00m 04.419s,    000h 51m 40.365s
743,    4311,    3104676,    000h 00m 04.311s,    000h 51m 44.676s
744,    4749,    3109425,    000h 00m 04.749s,    000h 51m 49.425s
745,    3746,    3113171,    000h 00m 03.746s,    000h 51m 53.171s
746,    3637,    3116808,    000h 00m 03.637s,    000h 51m 56.808s
747,    3617,    3120425,    000h 00m 03.617s,    000h 52m 00.425s
748,    4409,    3124834,    000h 00m 04.409s,    000h 52m 04.834s
749,    4035,    3128869,    000h 00m 04.035s,    000h 52m 08.869s
750,    3827,    3132696,    000h 00m 03.827s,    000h 52m 12.696s
751,    4647,    3137343,    000h 00m 04.647s,    000h 52m 17.343s
752,    3920,    3141263,    000h 00m 03.920s,    000h 52m 21.263s
753,    4289,    3145552,    000h 00m 04.289s,    000h 52m 25.552s
754,    4565,    3150117,    000h 00m 04.565s,    000h 52m 30.117s
755,    4177,    3154294,    000h 00m 04.177s,    000h 52m 34.294s
756,    4064,    3158358,    000h 00m 04.064s,    000h 52m 38.358s
757,    4324,    3162682,    000h 00m 04.324s,    000h 52m 42.682s
758,    4324,    3167006,    000h 00m 04.324s,    000h 52m 47.006s
759,    3834,    3170840,    000h 00m 03.834s,    000h 52m 50.840s
760,    4585,    3175425,    000h 00m 04.585s,    000h 52m 55.425s
761,    4392,    3179817,    000h 00m 04.392s,    000h 52m 59.817s
762,    4541,    3184358,    000h 00m 04.541s,    000h 53m 04.358s
763,    4518,    3188876,    000h 00m 04.518s,    000h 53m 08.876s
764,    3639,    3192515,    000h 00m 03.639s,    000h 53m 12.515s
765,    4617,    3197132,    000h 00m 04.617s,    000h 53m 17.132s
766,    3925,    3201057,    000h 00m 03.925s,    000h 53m 21.057s
767,    4043,    3205100,    000h 00m 04.043s,    000h 53m 25.100s
768,    4382,    3209482,    000h 00m 04.382s,    000h 53m 29.482s
769,    4741,    3214223,    000h 00m 04.741s,    000h 53m 34.223s
770,    4271,    3218494,    000h 00m 04.271s,    000h 53m 38.494s
771,    4372,    3222866,    000h 00m 04.372s,    000h 53m 42.866s
772,    3671,    3226537,    000h 00m 03.671s,    000h 53m 46.537s
773,    4110,    3230647,    000h 00m 04.110s,    000h 53m 50.647s
774,    3807,    3234454,    000h 00m 03.807s,    000h 53m 54.454s
775,    4109,    3238563,    000h 00m 04.109s,    000h 53m 58.563s
776,    4610,    3243173,    000h 00m 04.610s,    000h 54m 03.173s
777,    4469,    3247642,    000h 00m 04.469s,    000h 54m 07.642s
778,    4048,    3251690,    000h 00m 04.048s,    000h 54m 11.690s
779,    3836,    3255526,    000h 00m 03.836s,    000h 54m 15.526s
780,    4222,    3259748,    000h 00m 04.222s,    000h 54m 19.748s
781,    4143,    3263891,    000h 00m 04.143s,    000h 54m 23.891s
782,    4088,    3267979,    000h 00m 04.088s,    000h 54m 27.979s
783,    3899,    3271878,    000h 00m 03.899s,    000h 54m 31.878s
784,    3973,    3275851,    000h 00m 03.973s,    000h 54m 35.851s
785,    4299,    3280150,    000h 00m 04.299s,    000h 54m 40.150s
786,    4450,    3284600,    000h 00m 04.450s,    000h 54m 44.600s
787,    4354,    3288954,    000h 00m 04.354s,    000h 54m 48.954s
788,    4401,    3293355,    000h 00m 04.401s,    000h 54m 53.355s
789,    4505,    3297860,    000h 00m 04.505s,    000h 54m 57.860s
790,    4078,    3301938,    000h 00m 04.078s,    000h 55m 01.938s
791,    4521,    3306459,    000h 00m 04.521s,    000h 55m 06.459s
792,    4091,    3310550,    000h 00m 04.091s,    000h 55m 10.550s
793,    4150,    3314700,    000h 00m 04.150s,    000h 55m 14.700s
794,    3773,    3318473,    000h 00m 03.773s,    000h 55m 18.473s
795,    4485,    3322958,    000h 00m 04.485s,    000h 55m 22.958s
796,    3852,    3326810,    000h 00m 03.852s,    000h 55m 26.810s
797,    4604,    3331414,    000h 00m 04.604s,    000h 55m 31.414s
798,    4427,    3335841,    000h 00m 04.427s,    000h 55m 35.841s
799,    3713,    3339554,    000h 00m 03.713s,    000h 55m 39.554s
800,    3857,    3343411,    000h 00m 03.857s,    000h 55m 43.411s
801,    4364,    3347775,    000h 00m 04.364s,    000h 55m 47.775s
802,    3792,    3351567,    000h 00m 03.792s,    000h 55m 51.567s
803,    4072,    3355639,    000h 00m 04.072s,    000h 55m 55.639s
804,    4511,    3360150,    000h 00m 04.511s,    000h 56m 00.150s
805,    3816,    3363966,    000h 00m 03.816s,    000h 56m 03.966s
806,    4366,    3368332,    000h 00m 04.366s,    000h 56m 08.332s
807,    4294,    3372626,    000h 00m 04.294s,    000h 56m 12.626s
808,    4653,    3377279,    000h 00m 04.653s,    000h 56m 17.279s
809,    4183,    3381462,    000h 00m 04.183s,    000h 56m 21.462s
810,    4534,    3385996,    000h 00m 04.534s,    000h 56m 25.996s
811,    4388,    3390384,    000h 00m 04.388s,    000h 56m 30.384s
812,    4146,    3394530,    000h 00m 04.146s,    000h 56m 34.530s
813,    3603,    3398133,    000h 00m 03.603s,    000h 56m 38.133s
814,    3640,    3401773,    000h 00m 03.640s,    000h 56m 41.773s
815,    4185,    3405958,    000h 00m 04.185s,    000h 56m 45.958s
816,    3801,    3409759,    000h 00m 03.801s,    000h 56m 49.759s
817,    4769,    3414528,    000h 00m 04.769s,    000h 56m 54.528s
818,    3626,    3418154,    000h 00m 03.626s,    000h 56m 58.154s
819,    4162,    3422316,    000h 00m 04.162s,    000h 57m 02.316s
820,    3898,    3426214,    000h 00m 03.898s,    000h 57m 06.214s
821,    3893,    3430107,    000h 00m 03.893s,    000h 57m 10.107s
822,    4482,    3434589,    000h 00m 04.482s,    000h 57m 14.589s
823,    4437,    3439026,    000h 00m 04.437s,    000h 57m 19.026s
824,    4196,    3443222,    000h 00m 04.196s,    000h 57m 23.222s
825,    4531,    3447753,    000h 00m 04.531s,    000h 57m 27.753s
826,    4117,    3451870,    000h 00m 04.117s,    000h 57m 31.870s
827,    3954,    3455824,    000h 00m 03.954s,    000h 57m 35.824s
828,    3660,    3459484,    000h 00m 03.660s,    000h 57m 39.484s
829,    4264,    3463748,    000h 00m 04.264s,    000h 57m 43.748s
830,    4204,    3467952,    000h 00m 04.204s,    000h 57m 47.952s
831,    4228,    3472180,    000h 00m 04.228s,    000h 57m 52.180s
832,    4287,    3476467,    000h 00m 04.287s,    000h 57m 56.467s
833,    4731,    3481198,    000h 00m 04.731s,    000h 58m 01.198s
834,    3696,    3484894,    000h 00m 03.696s,    000h 58m 04.894s
835,    3867,    3488761,    000h 00m 03.867s,    000h 58m 08.761s
836,    4127,    3492888,    000h 00m 04.127s,    000h 58m 12.888s
837,    4526,    3497414,    000h 00m 04.526s,    000h 58m 17.414s
838,    4266,    3501680,    000h 00m 04.266s,    000h 58m 21.680s
839,    3892,    3505572,    000h 00m 03.892s,    000h 58m 25.572s
840,    3963,    3509535,    000h 00m 03.963s,    000h 58m 29.535s
841,    4335,    3513870,    000h 00m 04.335s,    000h 58m 33.870s
842,    4485,    3518355,    000h 00m 04.485s,    000h 58m 38.355s
843,    4289,    3522644,    000h 00m 04.289s,    000h 58m 42.644s
844,    4476,    3527120,    000h 00m 04.476s,    000h 58m 47.120s
845,    4582,    3531702,    000h 00m 04.582s,    000h 58m 51.702s
846,    4230,    3535932,    000h 00m 04.230s,    000h 58m 55.932s
847,    3850,    3539782,    000h 00m 03.850s,    000h 58m 59.782s
848,    3928,    3543710,    000h 00m 03.928s,    000h 59m 03.710s
849,    4080,    3547790,    000h 00m 04.080s,    000h 59m 07.790s
850,    3644,    3551434,    000h 00m 03.644s,    000h 59m 11.434s
851,    3954,    3555388,    000h 00m 03.954s,    000h 59m 15.388s
852,    4207,    3559595,    000h 00m 04.207s,    000h 59m 19.595s
853,    4224,    3563819,    000h 00m 04.224s,    000h 59m 23.819s
854,    4453,    3568272,    000h 00m 04.453s,    000h 59m 28.272s
855,    3687,    3571959,    000h 00m 03.687s,    000h 59m 31.959s
856,    4060,    3576019,    000h 00m 04.060s,    000h 59m 36.019s
857,    4111,    3580130,    000h 00m 04.111s,    000h 59m 40.130s
858,    4033,    3584163,    000h 00m 04.033s,    000h 59m 44.163s
859,    3833,    3587996,    000h 00m 03.833s,    000h 59m 47.996s
860,    4545,    3592541,    000h 00m 04.545s,    000h 59m 52.541s
861,    4496,    3597037,    000h 00m 04.496s,    000h 59m 57.037s
862,    4362,    3601399,    000h 00m 04.362s,    001h 00m 01.399s
863,    4466,    3605865,    000h 00m 04.466s,    001h 00m 05.865s
864,    4086,    3609951,    000h 00m 04.086s,    001h 00m 09.951s
865,    4422,    3614373,    000h 00m 04.422s,    001h 00m 14.373s
866,    4270,    3618643,    000h 00m 04.270s,    001h 00m 18.643s
867,    4186,    3622829,    000h 00m 04.186s,    001h 00m 22.829s
868,    3862,    3626691,    000h 00m 03.862s,    001h 00m 26.691s
869,    4115,    3630806,    000h 00m 04.115s,    001h 00m 30.806s
870,    4226,    3635032,    000h 00m 04.226s,    001h 00m 35.032s
871,    3845,    3638877,    000h 00m 03.845s,    001h 00m 38.877s
872,    4194,    3643071,    000h 00m 04.194s,    001h 00m 43.071s
873,    4238,    3647309,    000h 00m 04.238s,    001h 00m 47.309s
874,    3730,    3651039,    000h 00m 03.730s,    001h 00m 51.039s
875,    4279,    3655318,    000h 00m 04.279s,    001h 00m 55.318s
876,    4302,    3659620,    000h 00m 04.302s,    001h 00m 59.620s
877,    3967,    3663587,    000h 00m 03.967s,    001h 01m 03.587s
878,    4307,    3667894,    000h 00m 04.307s,    001h 01m 07.894s
879,    4315,    3672209,    000h 00m 04.315s,    001h 01m 12.209s
880,    4403,    3676612,    000h 00m 04.403s,    001h 01m 16.612s
881,    4475,    3681087,    000h 00m 04.475s,    001h 01m 21.087s
882,    3863,    3684950,    000h 00m 03.863s,    001h 01m 24.950s
883,    4076,    3689026,    000h 00m 04.076s,    001h 01m 29.026s
884,    3740,    3692766,    000h 00m 03.740s,    001h 01m 32.766s
885,    3859,    3696625,    000h 00m 03.859s,    001h 01m 36.625s
886,    4125,    3700750,    000h 00m 04.125s,    001h 01m 40.750s
887,    4456,    3705206,    000h 00m 04.456s,    001h 01m 45.206s
888,    4329,    3709535,    000h 00m 04.329s,    001h 01m 49.535s
889,    3937,    3713472,    000h 00m 03.937s,    001h 01m 53.472s
890,    3811,    3717283,    000h 00m 03.811s,    001h 01m 57.283s
891,    4464,    3721747,    000h 00m 04.464s,    001h 02m 01.747s
892,    3918,    3725665,    000h 00m 03.918s,    001h 02m 05.665s
893,    4083,    3729748,    000h 00m 04.083s,    001h 02m 09.748s
894,    4339,    3734087,    000h 00m 04.339s,    001h 02m 14.087s
895,    4417,    3738504,    000h 00m 04.417s,    001h 02m 18.504s
896,    4601,    3743105,    000h 00m 04.601s,    001h 02m 23.105s
897,    4440,    3747545,    000h 00m 04.440s,    001h 02m 27.545s
898,    3997,    3751542,    000h 00m 03.997s,    001h 02m 31.542s
899,    3951,    3755493,    000h 00m 03.951s,    001h 02m 35.493s
900,    4300,    3759793,    000h 00m 04.300s,    001h 02m 39.793s
901,    3982,    3763775,    000h 00m 03.982s,    001h 02m 43.775s
902,    3949,    3767724,    000h 00m 03.949s,    001h 02m 47.724s
903,    4350,    3772074,    000h 00m 04.350s,    001h 02m 52.074s
904,    4433,    3776507,    000h 00m 04.433s,    001h 02m 56.507s
905,    3919,    3780426,    000h 00m 03.919s,    001h 03m 00.426s
906,    3795,    3784221,    000h 00m 03.795s,    001h 03m 04.221s
907,    3826,    3788047,    000h 00m 03.826s,    001h 03m 08.047s
908,    4480,    3792527,    000h 00m 04.480s,    001h 03m 12.527s
909,    4299,    3796826,    000h 00m 04.299s,    001h 03m 16.826s
910,    4477,    3801303,    000h 00m 04.477s,    001h 03m 21.303s
911,    4122,    3805425,    000h 00m 04.122s,    001h 03m 25.425s
912,    4400,    3809825,    000h 00m 04.400s,    001h 03m 29.825s
913,    4569,    3814394,    000h 00m 04.569s,    001h 03m 34.394s
914,    4407,    3818801,    000h 00m 04.407s,    001h 03m 38.801s
915,    4435,    3823236,    000h 00m 04.435s,    001h 03m 43.236s
916,    3770,    3827006,    000h 00m 03.770s,    001h 03m 47.006s
917,    3866,    3830872,    000h 00m 03.866s,    001h 03m 50.872s
918,    4159,    3835031,    000h 00m 04.159s,    001h 03m 55.031s
919,    4005,    3839036,    000h 00m 04.005s,    001h 03m 59.036s
920,    4779,    3843815,    000h 00m 04.779s,    001h 04m 03.815s
921,    4565,    3848380,    000h 00m 04.565s,    001h 04m 08.380s
922,    4039,    3852419,    000h 00m 04.039s,    001h 04m 12.419s
923,    3899,    3856318,    000h 00m 03.899s,    001h 04m 16.318s
924,    4362,    3860680,    000h 00m 04.362s,    001h 04m 20.680s
925,    3943,    3864623,    000h 00m 03.943s,    001h 04m 24.623s
926,    4338,    3868961,    000h 00m 04.338s,    001h 04m 28.961s
927,    4326,    3873287,    000h 00m 04.326s,    001h 04m 33.287s
928,    4590,    3877877,    000h 00m 04.590s,    001h 04m 37.877s
929,    3956,    3881833,    000h 00m 03.956s,    001h 04m 41.833s
930,    4151,    3885984,    000h 00m 04.151s,    001h 04m 45.984s
931,    4235,    3890219,    000h 00m 04.235s,    001h 04m 50.219s
932,    3833,    3894052,    000h 00m 03.833s,    001h 04m 54.052s
933,    4439,    3898491,    000h 00m 04.439s,    001h 04m 58.491s
934,    4364,    3902855,    000h 00m 04.364s,    001h 05m 02.855s
935,    3800,    3906655,    000h 00m 03.800s,    001h 05m 06.655s
936,    4523,    3911178,    000h 00m 04.523s,    001h 05m 11.178s
937,    4232,    3915410,    000h 00m 04.232s,    001h 05m 15.410s
938,    4579,    3919989,    000h 00m 04.579s,    001h 05m 19.989s
939,    4605,    3924594,    000h 00m 04.605s,    001h 05m 24.594s
940,    4295,    3928889,    000h 00m 04.295s,    001h 05m 28.889s
941,    4422,    3933311,    000h 00m 04.422s,    001h 05m 33.311s
942,    4430,    3937741,    000h 00m 04.430s,    001h 05m 37.741s
943,    4417,    3942158,    000h 00m 04.417s,    001h 05m 42.158s
944,    3959,    3946117,    000h 00m 03.959s,    001h 05m 46.117s
945,    4541,    3950658,    000h 00m 04.541s,    001h 05m 50.658s
946,    4671,    3955329,    000h 00m 04.671s,    001h 05m 55.329s
947,    3965,    3959294,    000h 00m 03.965s,    001h 05m 59.294s
948,    4197,    3963491,    000h 00m 04.197s,    001h 06m 03.491s
949,    3732,    3967223,    000h 00m 03.732s,    001h 06m 07.223s
950,    4399,    3971622,    000h 00m 04.399s,    001h 06m 11.622s
951,    4287,    3975909,    000h 00m 04.287s,    001h 06m 15.909s
952,    4171,    3980080,    000h 00m 04.171s,    001h 06m 20.080s
953,    3996,    3984076,    000h 00m 03.996s,    001h 06m 24.076s
954,    4304,    3988380,    000h 00m 04.304s,    001h 06m 28.380s
955,    4531,    3992911,    000h 00m 04.531s,    001h 06m 32.911s
956,    4195,    3997106,    000h 00m 04.195s,    001h 06m 37.106s
957,    4282,    4001388,    000h 00m 04.282s,    001h 06m 41.388s
958,    4280,    4005668,    000h 00m 04.280s,    001h 06m 45.668s
959,    4591,    4010259,    000h 00m 04.591s,    001h 06m 50.259s
960,    4356,    4014615,    000h 00m 04.356s,    001h 06m 54.615s
961,    3686,    4018301,    000h 00m 03.686s,    001h 06m 58.301s
962,    3747,    4022048,    000h 00m 03.747s,    001h 07m 02.048s
963,    4287,    4026335,    000h 00m 04.287s,    001h 07m 06.335s
964,    4401,    4030736,    000h 00m 04.401s,    001h 07m 10.736s
965,    3992,    4034728,    000h 00m 03.992s,    001h 07m 14.728s
966,    4574,    4039302,    000h 00m 04.574s,    001h 07m 19.302s
967,    4130,    4043432,    000h 00m 04.130s,    001h 07m 23.432s
968,    4592,    4048024,    000h 00m 04.592s,    001h 07m 28.024s
969,    4319,    4052343,    000h 00m 04.319s,    001h 07m 32.343s
970,    4011,    4056354,    000h 00m 04.011s,    001h 07m 36.354s
971,    3750,    4060104,    000h 00m 03.750s,    001h 07m 40.104s
972,    4741,    4064845,    000h 00m 04.741s,    001h 07m 44.845s
973,    4012,    4068857,    000h 00m 04.012s,    001h 07m 48.857s
974,    4236,    4073093,    000h 00m 04.236s,    001h 07m 53.093s
975,    4418,    4077511,    000h 00m 04.418s,    001h 07m 57.511s
976,    4342,    4081853,    000h 00m 04.342s,    001h 08m 01.853s
977,    4228,    4086081,    000h 00m 04.228s,    001h 08m 06.081s
978,    4557,    4090638,    000h 00m 04.557s,    001h 08m 10.638s
979,    3869,    4094507,    000h 00m 03.869s,    001h 08m 14.507s
980,    4115,    4098622,    000h 00m 04.115s,    001h 08m 18.622s
981,    4495,    4103117,    000h 00m 04.495s,    001h 08m 23.117s
982,    4347,    4107464,    000h 00m 04.347s,    001h 08m 27.464s
983,    4155,    4111619,    000h 00m 04.155s,    001h 08m 31.619s
984,    3795,    4115414,    000h 00m 03.795s,    001h 08m 35.414s
985,    4469,    4119883,    000h 00m 04.469s,    001h 08m 39.883s
986,    3814,    4123697,    000h 00m 03.814s,    001h 08m 43.697s
987,    3788,    4127485,    000h 00m 03.788s,    001h 08m 47.485s
988,    4079,    4131564,    000h 00m 04.079s,    001h 08m 51.564s
989,    4318,    4135882,    000h 00m 04.318s,    001h 08m 55.882s
990,    4309,    4140191,    000h 00m 04.309s,    001h 09m 00.191s
991,    4034,    4144225,    000h 00m 04.034s,    001h 09m 04.225s
992,    4002,    4148227,    000h 00m 04.002s,    001h 09m 08.227s
993,    4323,    4152550,    000h 00m 04.323s,    001h 09m 12.550s
994,    4361,    4156911,    000h 00m 04.361s,    001h 09m 16.911s
995,    4388,    4161299,    000h 00m 04.388s,    001h 09m 21.299s
996,    4320,    4165619,    000h 00m 04.320s,    001h 09m 25.619s
997,    4022,    4169641,    000h 00m 04.022s,    001h 09m 29.641s
998,    4343,    4173984,    000h 00m 04.343s,    001h 09m 33.984s
999,    3790,    4177774,    000h 00m 03.790s,    001h 09m 37.774s
1000,    3914,    4181688,    000h 00m 03.914s,    001h 09m 41.688s
1001,    4138,    4185826,    000h 00m 04.138s,    001h 09m 45.826s
1002,    4566,    4190392,    000h 00m 04.566s,    001h 09m 50.392s
1003,    4122,    4194514,    000h 00m 04.122s,    001h 09m 54.514s
1004,    4209,    4198723,    000h 00m 04.209s,    001h 09m 58.723s
1005,    4150,    4202873,    000h 00m 04.150s,    001h 10m 02.873s
1006,    4381,    4207254,    000h 00m 04.381s,    001h 10m 07.254s
1007,    3578,    4210832,    000h 00m 03.578s,    001h 10m 10.832s
1008,    2736,    4213568,    000h 00m 02.736s,    001h 10m 13.568s
1009,    1936,    4215504,    000h 00m 01.936s,    001h 10m 15.504s
1010,    2278,    4217782,    000h 00m 02.278s,    001h 10m 17.782s
1011,    2191,    4219973,    000h 00m 02.191s,    001h 10m 19.973s
1012,    2192,    4222165,    000h 00m 02.192s,    001h 10m 22.165s
1013,    2010,    4224175,    000h 00m 02.010s,    001h 10m 24.175s
1014,    2088,    4226263,    000h 00m 02.088s,    001h 10m 26.263s
1015,    2218,    4228481,    000h 00m 02.218s,    001h 10m 28.481s
1016,    1977,    4230458,    000h 00m 01.977s,    001h 10m 30.458s
1017,    2218,    4232676,    000h 00m 02.218s,    001h 10m 32.676s
1018,    2280,    4234956,    000h 00m 02.280s,    001h 10m 34.956s
1019,    1999,    4236955,    000h 00m 01.999s,    001h 10m 36.955s
1020,    2063,    4239018,    000h 00m 02.063s,    001h 10m 39.018s
1021,    2196,    4241214,    000h 00m 02.196s,    001h 10m 41.214s
1022,    2048,    4243262,    000h 00m 02.048s,    001h 10m 43.262s
1023,    2096,    4245358,    000h 00m 02.096s,    001h 10m 45.358s
1024,    1989,    4247347,    000h 00m 01.989s,    001h 10m 47.347s
1025,    2061,    4249408,    000h 00m 02.061s,    001h 10m 49.408s
