pass,    time (ms),    total time (ms),    time,     total_time
1,    1694,    1694,    000h 00m 01.694s,    000h 00m 01.694s
2,    1520,    3214,    000h 00m 01.520s,    000h 00m 03.214s
3,    1473,    4687,    000h 00m 01.473s,    000h 00m 04.687s
4,    1523,    6210,    000h 00m 01.523s,    000h 00m 06.210s
5,    1487,    7697,    000h 00m 01.487s,    000h 00m 07.697s
6,    1653,    9350,    000h 00m 01.653s,    000h 00m 09.350s
7,    1615,    10965,    000h 00m 01.615s,    000h 00m 10.965s
8,    1447,    12412,    000h 00m 01.447s,    000h 00m 12.412s
9,    1609,    14021,    000h 00m 01.609s,    000h 00m 14.021s
10,    1460,    15481,    000h 00m 01.460s,    000h 00m 15.481s
11,    1726,    17207,    000h 00m 01.726s,    000h 00m 17.207s
12,    1550,    18757,    000h 00m 01.550s,    000h 00m 18.757s
13,    1612,    20369,    000h 00m 01.612s,    000h 00m 20.369s
14,    1658,    22027,    000h 00m 01.658s,    000h 00m 22.027s
15,    1555,    23582,    000h 00m 01.555s,    000h 00m 23.582s
16,    1604,    25186,    000h 00m 01.604s,    000h 00m 25.186s
17,    1644,    26830,    000h 00m 01.644s,    000h 00m 26.830s
18,    1700,    28530,    000h 00m 01.700s,    000h 00m 28.530s
19,    1720,    30250,    000h 00m 01.720s,    000h 00m 30.250s
20,    1397,    31647,    000h 00m 01.397s,    000h 00m 31.647s
21,    1462,    33109,    000h 00m 01.462s,    000h 00m 33.109s
22,    1615,    34724,    000h 00m 01.615s,    000h 00m 34.724s
23,    1518,    36242,    000h 00m 01.518s,    000h 00m 36.242s
24,    1465,    37707,    000h 00m 01.465s,    000h 00m 37.707s
25,    1575,    39282,    000h 00m 01.575s,    000h 00m 39.282s
26,    1704,    40986,    000h 00m 01.704s,    000h 00m 40.986s
27,    1506,    42492,    000h 00m 01.506s,    000h 00m 42.492s
28,    1469,    43961,    000h 00m 01.469s,    000h 00m 43.961s
29,    1640,    45601,    000h 00m 01.640s,    000h 00m 45.601s
30,    1583,    47184,    000h 00m 01.583s,    000h 00m 47.184s
31,    1497,    48681,    000h 00m 01.497s,    000h 00m 48.681s
32,    1609,    50290,    000h 00m 01.609s,    000h 00m 50.290s
33,    1431,    51721,    000h 00m 01.431s,    000h 00m 51.721s
34,    1661,    53382,    000h 00m 01.661s,    000h 00m 53.382s
35,    1547,    54929,    000h 00m 01.547s,    000h 00m 54.929s
36,    1694,    56623,    000h 00m 01.694s,    000h 00m 56.623s
37,    1690,    58313,    000h 00m 01.690s,    000h 00m 58.313s
38,    1601,    59914,    000h 00m 01.601s,    000h 00m 59.914s
39,    1746,    61660,    000h 00m 01.746s,    000h 01m 01.660s
40,    1599,    63259,    000h 00m 01.599s,    000h 01m 03.259s
41,    1717,    64976,    000h 00m 01.717s,    000h 01m 04.976s
42,    1451,    66427,    000h 00m 01.451s,    000h 01m 06.427s
43,    1471,    67898,    000h 00m 01.471s,    000h 01m 07.898s
44,    1603,    69501,    000h 00m 01.603s,    000h 01m 09.501s
45,    1601,    71102,    000h 00m 01.601s,    000h 01m 11.102s
46,    1501,    72603,    000h 00m 01.501s,    000h 01m 12.603s
47,    1518,    74121,    000h 00m 01.518s,    000h 01m 14.121s
48,    1652,    75773,    000h 00m 01.652s,    000h 01m 15.773s
49,    1621,    77394,    000h 00m 01.621s,    000h 01m 17.394s
50,    1532,    78926,    000h 00m 01.532s,    000h 01m 18.926s
51,    1395,    80321,    000h 00m 01.395s,    000h 01m 20.321s
52,    1487,    81808,    000h 00m 01.487s,    000h 01m 21.808s
53,    1543,    83351,    000h 00m 01.543s,    000h 01m 23.351s
54,    1636,    84987,    000h 00m 01.636s,    000h 01m 24.987s
55,    1562,    86549,    000h 00m 01.562s,    000h 01m 26.549s
56,    1605,    88154,    000h 00m 01.605s,    000h 01m 28.154s
57,    1578,    89732,    000h 00m 01.578s,    000h 01m 29.732s
58,    1482,    91214,    000h 00m 01.482s,    000h 01m 31.214s
59,    1530,    92744,    000h 00m 01.530s,    000h 01m 32.744s
60,    1464,    94208,    000h 00m 01.464s,    000h 01m 34.208s
61,    1515,    95723,    000h 00m 01.515s,    000h 01m 35.723s
62,    1471,    97194,    000h 00m 01.471s,    000h 01m 37.194s
63,    1383,    98577,    000h 00m 01.383s,    000h 01m 38.577s
64,    1475,    100052,    000h 00m 01.475s,    000h 01m 40.052s
65,    1441,    101493,    000h 00m 01.441s,    000h 01m 41.493s
66,    1719,    103212,    000h 00m 01.719s,    000h 01m 43.212s
67,    1575,    104787,    000h 00m 01.575s,    000h 01m 44.787s
68,    1706,    106493,    000h 00m 01.706s,    000h 01m 46.493s
69,    1592,    108085,    000h 00m 01.592s,    000h 01m 48.085s
70,    1590,    109675,    000h 00m 01.590s,    000h 01m 49.675s
71,    1478,    111153,    000h 00m 01.478s,    000h 01m 51.153s
72,    1515,    112668,    000h 00m 01.515s,    000h 01m 52.668s
73,    1677,    114345,    000h 00m 01.677s,    000h 01m 54.345s
74,    1495,    115840,    000h 00m 01.495s,    000h 01m 55.840s
75,    1645,    117485,    000h 00m 01.645s,    000h 01m 57.485s
76,    1413,    118898,    000h 00m 01.413s,    000h 01m 58.898s
77,    1648,    120546,    000h 00m 01.648s,    000h 02m 00.546s
78,    1546,    122092,    000h 00m 01.546s,    000h 02m 02.092s
79,    1438,    123530,    000h 00m 01.438s,    000h 02m 03.530s
80,    1535,    125065,    000h 00m 01.535s,    000h 02m 05.065s
81,    1545,    126610,    000h 00m 01.545s,    000h 02m 06.610s
82,    1459,    128069,    000h 00m 01.459s,    000h 02m 08.069s
83,    1576,    129645,    000h 00m 01.576s,    000h 02m 09.645s
84,    1467,    131112,    000h 00m 01.467s,    000h 02m 11.112s
85,    1467,    132579,    000h 00m 01.467s,    000h 02m 12.579s
86,    1468,    134047,    000h 00m 01.468s,    000h 02m 14.047s
87,    1597,    135644,    000h 00m 01.597s,    000h 02m 15.644s
88,    1527,    137171,    000h 00m 01.527s,    000h 02m 17.171s
89,    1418,    138589,    000h 00m 01.418s,    000h 02m 18.589s
90,    1600,    140189,    000h 00m 01.600s,    000h 02m 20.189s
91,    1764,    141953,    000h 00m 01.764s,    000h 02m 21.953s
92,    1469,    143422,    000h 00m 01.469s,    000h 02m 23.422s
93,    1419,    144841,    000h 00m 01.419s,    000h 02m 24.841s
94,    1504,    146345,    000h 00m 01.504s,    000h 02m 26.345s
95,    1456,    147801,    000h 00m 01.456s,    000h 02m 27.801s
96,    1649,    149450,    000h 00m 01.649s,    000h 02m 29.450s
97,    1516,    150966,    000h 00m 01.516s,    000h 02m 30.966s
98,    1557,    152523,    000h 00m 01.557s,    000h 02m 32.523s
99,    1442,    153965,    000h 00m 01.442s,    000h 02m 33.965s
100,    1568,    155533,    000h 00m 01.568s,    000h 02m 35.533s
101,    1436,    156969,    000h 00m 01.436s,    000h 02m 36.969s
102,    1435,    158404,    000h 00m 01.435s,    000h 02m 38.404s
103,    1694,    160098,    000h 00m 01.694s,    000h 02m 40.098s
104,    1691,    161789,    000h 00m 01.691s,    000h 02m 41.789s
105,    1614,    163403,    000h 00m 01.614s,    000h 02m 43.403s
106,    1486,    164889,    000h 00m 01.486s,    000h 02m 44.889s
107,    1579,    166468,    000h 00m 01.579s,    000h 02m 46.468s
108,    1613,    168081,    000h 00m 01.613s,    000h 02m 48.081s
109,    1597,    169678,    000h 00m 01.597s,    000h 02m 49.678s
110,    1602,    171280,    000h 00m 01.602s,    000h 02m 51.280s
111,    1628,    172908,    000h 00m 01.628s,    000h 02m 52.908s
112,    1418,    174326,    000h 00m 01.418s,    000h 02m 54.326s
113,    1645,    175971,    000h 00m 01.645s,    000h 02m 55.971s
114,    1482,    177453,    000h 00m 01.482s,    000h 02m 57.453s
115,    1498,    178951,    000h 00m 01.498s,    000h 02m 58.951s
116,    1688,    180639,    000h 00m 01.688s,    000h 03m 00.639s
117,    1578,    182217,    000h 00m 01.578s,    000h 03m 02.217s
118,    1668,    183885,    000h 00m 01.668s,    000h 03m 03.885s
119,    1688,    185573,    000h 00m 01.688s,    000h 03m 05.573s
120,    1535,    187108,    000h 00m 01.535s,    000h 03m 07.108s
121,    1733,    188841,    000h 00m 01.733s,    000h 03m 08.841s
122,    1461,    190302,    000h 00m 01.461s,    000h 03m 10.302s
123,    1404,    191706,    000h 00m 01.404s,    000h 03m 11.706s
124,    1595,    193301,    000h 00m 01.595s,    000h 03m 13.301s
125,    1440,    194741,    000h 00m 01.440s,    000h 03m 14.741s
126,    1609,    196350,    000h 00m 01.609s,    000h 03m 16.350s
127,    1697,    198047,    000h 00m 01.697s,    000h 03m 18.047s
128,    1447,    199494,    000h 00m 01.447s,    000h 03m 19.494s
129,    1469,    200963,    000h 00m 01.469s,    000h 03m 20.963s
130,    1618,    202581,    000h 00m 01.618s,    000h 03m 22.581s
131,    1523,    204104,    000h 00m 01.523s,    000h 03m 24.104s
132,    1437,    205541,    000h 00m 01.437s,    000h 03m 25.541s
133,    1710,    207251,    000h 00m 01.710s,    000h 03m 27.251s
134,    1549,    208800,    000h 00m 01.549s,    000h 03m 28.800s
135,    1591,    210391,    000h 00m 01.591s,    000h 03m 30.391s
136,    1701,    212092,    000h 00m 01.701s,    000h 03m 32.092s
137,    1667,    213759,    000h 00m 01.667s,    000h 03m 33.759s
138,    1568,    215327,    000h 00m 01.568s,    000h 03m 35.327s
139,    1575,    216902,    000h 00m 01.575s,    000h 03m 36.902s
140,    1713,    218615,    000h 00m 01.713s,    000h 03m 38.615s
141,    1656,    220271,    000h 00m 01.656s,    000h 03m 40.271s
142,    1722,    221993,    000h 00m 01.722s,    000h 03m 41.993s
143,    1584,    223577,    000h 00m 01.584s,    000h 03m 43.577s
144,    1566,    225143,    000h 00m 01.566s,    000h 03m 45.143s
145,    1633,    226776,    000h 00m 01.633s,    000h 03m 46.776s
146,    1529,    228305,    000h 00m 01.529s,    000h 03m 48.305s
147,    1545,    229850,    000h 00m 01.545s,    000h 03m 49.850s
148,    1546,    231396,    000h 00m 01.546s,    000h 03m 51.396s
149,    1649,    233045,    000h 00m 01.649s,    000h 03m 53.045s
150,    1684,    234729,    000h 00m 01.684s,    000h 03m 54.729s
151,    1448,    236177,    000h 00m 01.448s,    000h 03m 56.177s
152,    1473,    237650,    000h 00m 01.473s,    000h 03m 57.650s
153,    1436,    239086,    000h 00m 01.436s,    000h 03m 59.086s
154,    1589,    240675,    000h 00m 01.589s,    000h 04m 00.675s
155,    1674,    242349,    000h 00m 01.674s,    000h 04m 02.349s
156,    1552,    243901,    000h 00m 01.552s,    000h 04m 03.901s
157,    1581,    245482,    000h 00m 01.581s,    000h 04m 05.482s
158,    1670,    247152,    000h 00m 01.670s,    000h 04m 07.152s
159,    1648,    248800,    000h 00m 01.648s,    000h 04m 08.800s
160,    1533,    250333,    000h 00m 01.533s,    000h 04m 10.333s
161,    1534,    251867,    000h 00m 01.534s,    000h 04m 11.867s
162,    1446,    253313,    000h 00m 01.446s,    000h 04m 13.313s
163,    1696,    255009,    000h 00m 01.696s,    000h 04m 15.009s
164,    1423,    256432,    000h 00m 01.423s,    000h 04m 16.432s
165,    1450,    257882,    000h 00m 01.450s,    000h 04m 17.882s
166,    1733,    259615,    000h 00m 01.733s,    000h 04m 19.615s
167,    1479,    261094,    000h 00m 01.479s,    000h 04m 21.094s
168,    1666,    262760,    000h 00m 01.666s,    000h 04m 22.760s
169,    1635,    264395,    000h 00m 01.635s,    000h 04m 24.395s
170,    1578,    265973,    000h 00m 01.578s,    000h 04m 25.973s
171,    1613,    267586,    000h 00m 01.613s,    000h 04m 27.586s
172,    1545,    269131,    000h 00m 01.545s,    000h 04m 29.131s
173,    1474,    270605,    000h 00m 01.474s,    000h 04m 30.605s
174,    1439,    272044,    000h 00m 01.439s,    000h 04m 32.044s
175,    1539,    273583,    000h 00m 01.539s,    000h 04m 33.583s
176,    1602,    275185,    000h 00m 01.602s,    000h 04m 35.185s
177,    1491,    276676,    000h 00m 01.491s,    000h 04m 36.676s
178,    1572,    278248,    000h 00m 01.572s,    000h 04m 38.248s
179,    1625,    279873,    000h 00m 01.625s,    000h 04m 39.873s
180,    1436,    281309,    000h 00m 01.436s,    000h 04m 41.309s
181,    1500,    282809,    000h 00m 01.500s,    000h 04m 42.809s
182,    1454,    284263,    000h 00m 01.454s,    000h 04m 44.263s
183,    1505,    285768,    000h 00m 01.505s,    000h 04m 45.768s
184,    1708,    287476,    000h 00m 01.708s,    000h 04m 47.476s
185,    1666,    289142,    000h 00m 01.666s,    000h 04m 49.142s
186,    1496,    290638,    000h 00m 01.496s,    000h 04m 50.638s
187,    1454,    292092,    000h 00m 01.454s,    000h 04m 52.092s
188,    1446,    293538,    000h 00m 01.446s,    000h 04m 53.538s
189,    1571,    295109,    000h 00m 01.571s,    000h 04m 55.109s
190,    1573,    296682,    000h 00m 01.573s,    000h 04m 56.682s
191,    1539,    298221,    000h 00m 01.539s,    000h 04m 58.221s
192,    1552,    299773,    000h 00m 01.552s,    000h 04m 59.773s
193,    1656,    301429,    000h 00m 01.656s,    000h 05m 01.429s
194,    1595,    303024,    000h 00m 01.595s,    000h 05m 03.024s
195,    1518,    304542,    000h 00m 01.518s,    000h 05m 04.542s
196,    1425,    305967,    000h 00m 01.425s,    000h 05m 05.967s
197,    1699,    307666,    000h 00m 01.699s,    000h 05m 07.666s
198,    1686,    309352,    000h 00m 01.686s,    000h 05m 09.352s
199,    1575,    310927,    000h 00m 01.575s,    000h 05m 10.927s
200,    1639,    312566,    000h 00m 01.639s,    000h 05m 12.566s
201,    1428,    313994,    000h 00m 01.428s,    000h 05m 13.994s
202,    1715,    315709,    000h 00m 01.715s,    000h 05m 15.709s
203,    1511,    317220,    000h 00m 01.511s,    000h 05m 17.220s
204,    1461,    318681,    000h 00m 01.461s,    000h 05m 18.681s
205,    1473,    320154,    000h 00m 01.473s,    000h 05m 20.154s
206,    1739,    321893,    000h 00m 01.739s,    000h 05m 21.893s
207,    1441,    323334,    000h 00m 01.441s,    000h 05m 23.334s
208,    1580,    324914,    000h 00m 01.580s,    000h 05m 24.914s
209,    1676,    326590,    000h 00m 01.676s,    000h 05m 26.590s
210,    1474,    328064,    000h 00m 01.474s,    000h 05m 28.064s
211,    1559,    329623,    000h 00m 01.559s,    000h 05m 29.623s
212,    1433,    331056,    000h 00m 01.433s,    000h 05m 31.056s
213,    1604,    332660,    000h 00m 01.604s,    000h 05m 32.660s
214,    1469,    334129,    000h 00m 01.469s,    000h 05m 34.129s
215,    1660,    335789,    000h 00m 01.660s,    000h 05m 35.789s
216,    1717,    337506,    000h 00m 01.717s,    000h 05m 37.506s
217,    1581,    339087,    000h 00m 01.581s,    000h 05m 39.087s
218,    1606,    340693,    000h 00m 01.606s,    000h 05m 40.693s
219,    1544,    342237,    000h 00m 01.544s,    000h 05m 42.237s
220,    1556,    343793,    000h 00m 01.556s,    000h 05m 43.793s
221,    1420,    345213,    000h 00m 01.420s,    000h 05m 45.213s
222,    1706,    346919,    000h 00m 01.706s,    000h 05m 46.919s
223,    1578,    348497,    000h 00m 01.578s,    000h 05m 48.497s
224,    1495,    349992,    000h 00m 01.495s,    000h 05m 49.992s
225,    1682,    351674,    000h 00m 01.682s,    000h 05m 51.674s
226,    1480,    353154,    000h 00m 01.480s,    000h 05m 53.154s
227,    1441,    354595,    000h 00m 01.441s,    000h 05m 54.595s
228,    1667,    356262,    000h 00m 01.667s,    000h 05m 56.262s
229,    1560,    357822,    000h 00m 01.560s,    000h 05m 57.822s
230,    1436,    359258,    000h 00m 01.436s,    000h 05m 59.258s
231,    1595,    360853,    000h 00m 01.595s,    000h 06m 00.853s
232,    1717,    362570,    000h 00m 01.717s,    000h 06m 02.570s
233,    1472,    364042,    000h 00m 01.472s,    000h 06m 04.042s
234,    1672,    365714,    000h 00m 01.672s,    000h 06m 05.714s
235,    1473,    367187,    000h 00m 01.473s,    000h 06m 07.187s
236,    1495,    368682,    000h 00m 01.495s,    000h 06m 08.682s
237,    1606,    370288,    000h 00m 01.606s,    000h 06m 10.288s
238,    1729,    372017,    000h 00m 01.729s,    000h 06m 12.017s
239,    1636,    373653,    000h 00m 01.636s,    000h 06m 13.653s
240,    1538,    375191,    000h 00m 01.538s,    000h 06m 15.191s
241,    1696,    376887,    000h 00m 01.696s,    000h 06m 16.887s
242,    1375,    378262,    000h 00m 01.375s,    000h 06m 18.262s
243,    1658,    379920,    000h 00m 01.658s,    000h 06m 19.920s
244,    1445,    381365,    000h 00m 01.445s,    000h 06m 21.365s
245,    1665,    383030,    000h 00m 01.665s,    000h 06m 23.030s
246,    1630,    384660,    000h 00m 01.630s,    000h 06m 24.660s
247,    1473,    386133,    000h 00m 01.473s,    000h 06m 26.133s
248,    1605,    387738,    000h 00m 01.605s,    000h 06m 27.738s
249,    1553,    389291,    000h 00m 01.553s,    000h 06m 29.291s
250,    1414,    390705,    000h 00m 01.414s,    000h 06m 30.705s
251,    1636,    392341,    000h 00m 01.636s,    000h 06m 32.341s
252,    1519,    393860,    000h 00m 01.519s,    000h 06m 33.860s
253,    1583,    395443,    000h 00m 01.583s,    000h 06m 35.443s
254,    1477,    396920,    000h 00m 01.477s,    000h 06m 36.920s
255,    1635,    398555,    000h 00m 01.635s,    000h 06m 38.555s
256,    1505,    400060,    000h 00m 01.505s,    000h 06m 40.060s
257,    1598,    401658,    000h 00m 01.598s,    000h 06m 41.658s
258,    1790,    403448,    000h 00m 01.790s,    000h 06m 43.448s
259,    1794,    405242,    000h 00m 01.794s,    000h 06m 45.242s
260,    1730,    406972,    000h 00m 01.730s,    000h 06m 46.972s
261,    1595,    408567,    000h 00m 01.595s,    000h 06m 48.567s
262,    1682,    410249,    000h 00m 01.682s,    000h 06m 50.249s
263,    1551,    411800,    000h 00m 01.551s,    000h 06m 51.800s
264,    1590,    413390,    000h 00m 01.590s,    000h 06m 53.390s
265,    1452,    414842,    000h 00m 01.452s,    000h 06m 54.842s
266,    1537,    416379,    000h 00m 01.537s,    000h 06m 56.379s
267,    1552,    417931,    000h 00m 01.552s,    000h 06m 57.931s
268,    1452,    419383,    000h 00m 01.452s,    000h 06m 59.383s
269,    1686,    421069,    000h 00m 01.686s,    000h 07m 01.069s
270,    1456,    422525,    000h 00m 01.456s,    000h 07m 02.525s
271,    1619,    424144,    000h 00m 01.619s,    000h 07m 04.144s
272,    1390,    425534,    000h 00m 01.390s,    000h 07m 05.534s
273,    1556,    427090,    000h 00m 01.556s,    000h 07m 07.090s
274,    1568,    428658,    000h 00m 01.568s,    000h 07m 08.658s
275,    1568,    430226,    000h 00m 01.568s,    000h 07m 10.226s
276,    1563,    431789,    000h 00m 01.563s,    000h 07m 11.789s
277,    1482,    433271,    000h 00m 01.482s,    000h 07m 13.271s
278,    1456,    434727,    000h 00m 01.456s,    000h 07m 14.727s
279,    1669,    436396,    000h 00m 01.669s,    000h 07m 16.396s
280,    1477,    437873,    000h 00m 01.477s,    000h 07m 17.873s
281,    1575,    439448,    000h 00m 01.575s,    000h 07m 19.448s
282,    1736,    441184,    000h 00m 01.736s,    000h 07m 21.184s
283,    1750,    442934,    000h 00m 01.750s,    000h 07m 22.934s
284,    1689,    444623,    000h 00m 01.689s,    000h 07m 24.623s
285,    1436,    446059,    000h 00m 01.436s,    000h 07m 26.059s
286,    1506,    447565,    000h 00m 01.506s,    000h 07m 27.565s
287,    1606,    449171,    000h 00m 01.606s,    000h 07m 29.171s
288,    1565,    450736,    000h 00m 01.565s,    000h 07m 30.736s
289,    1419,    452155,    000h 00m 01.419s,    000h 07m 32.155s
290,    1657,    453812,    000h 00m 01.657s,    000h 07m 33.812s
291,    1713,    455525,    000h 00m 01.713s,    000h 07m 35.525s
292,    1523,    457048,    000h 00m 01.523s,    000h 07m 37.048s
293,    1509,    458557,    000h 00m 01.509s,    000h 07m 38.557s
294,    1497,    460054,    000h 00m 01.497s,    000h 07m 40.054s
295,    1498,    461552,    000h 00m 01.498s,    000h 07m 41.552s
296,    1515,    463067,    000h 00m 01.515s,    000h 07m 43.067s
297,    1437,    464504,    000h 00m 01.437s,    000h 07m 44.504s
298,    1630,    466134,    000h 00m 01.630s,    000h 07m 46.134s
299,    1731,    467865,    000h 00m 01.731s,    000h 07m 47.865s
300,    1620,    469485,    000h 00m 01.620s,    000h 07m 49.485s
301,    1736,    471221,    000h 00m 01.736s,    000h 07m 51.221s
302,    1421,    472642,    000h 00m 01.421s,    000h 07m 52.642s
303,    1487,    474129,    000h 00m 01.487s,    000h 07m 54.129s
304,    1602,    475731,    000h 00m 01.602s,    000h 07m 55.731s
305,    1704,    477435,    000h 00m 01.704s,    000h 07m 57.435s
306,    1492,    478927,    000h 00m 01.492s,    000h 07m 58.927s
307,    1623,    480550,    000h 00m 01.623s,    000h 08m 00.550s
308,    1632,    482182,    000h 00m 01.632s,    000h 08m 02.182s
309,    1544,    483726,    000h 00m 01.544s,    000h 08m 03.726s
310,    1407,    485133,    000h 00m 01.407s,    000h 08m 05.133s
311,    1733,    486866,    000h 00m 01.733s,    000h 08m 06.866s
312,    1415,    488281,    000h 00m 01.415s,    000h 08m 08.281s
313,    1456,    489737,    000h 00m 01.456s,    000h 08m 09.737s
314,    1490,    491227,    000h 00m 01.490s,    000h 08m 11.227s
315,    1593,    492820,    000h 00m 01.593s,    000h 08m 12.820s
316,    1587,    494407,    000h 00m 01.587s,    000h 08m 14.407s
317,    1600,    496007,    000h 00m 01.600s,    000h 08m 16.007s
318,    1593,    497600,    000h 00m 01.593s,    000h 08m 17.600s
319,    1518,    499118,    000h 00m 01.518s,    000h 08m 19.118s
320,    1598,    500716,    000h 00m 01.598s,    000h 08m 20.716s
321,    1671,    502387,    000h 00m 01.671s,    000h 08m 22.387s
322,    1632,    504019,    000h 00m 01.632s,    000h 08m 24.019s
323,    1723,    505742,    000h 00m 01.723s,    000h 08m 25.742s
324,    1726,    507468,    000h 00m 01.726s,    000h 08m 27.468s
325,    1451,    508919,    000h 00m 01.451s,    000h 08m 28.919s
326,    1700,    510619,    000h 00m 01.700s,    000h 08m 30.619s
327,    1647,    512266,    000h 00m 01.647s,    000h 08m 32.266s
328,    1602,    513868,    000h 00m 01.602s,    000h 08m 33.868s
329,    1527,    515395,    000h 00m 01.527s,    000h 08m 35.395s
330,    1685,    517080,    000h 00m 01.685s,    000h 08m 37.080s
331,    1570,    518650,    000h 00m 01.570s,    000h 08m 38.650s
332,    1546,    520196,    000h 00m 01.546s,    000h 08m 40.196s
333,    1483,    521679,    000h 00m 01.483s,    000h 08m 41.679s
334,    1531,    523210,    000h 00m 01.531s,    000h 08m 43.210s
335,    1426,    524636,    000h 00m 01.426s,    000h 08m 44.636s
336,    1457,    526093,    000h 00m 01.457s,    000h 08m 46.093s
337,    1601,    527694,    000h 00m 01.601s,    000h 08m 47.694s
338,    1408,    529102,    000h 00m 01.408s,    000h 08m 49.102s
339,    1442,    530544,    000h 00m 01.442s,    000h 08m 50.544s
340,    1608,    532152,    000h 00m 01.608s,    000h 08m 52.152s
341,    1445,    533597,    000h 00m 01.445s,    000h 08m 53.597s
342,    1554,    535151,    000h 00m 01.554s,    000h 08m 55.151s
343,    1478,    536629,    000h 00m 01.478s,    000h 08m 56.629s
344,    1653,    538282,    000h 00m 01.653s,    000h 08m 58.282s
345,    1615,    539897,    000h 00m 01.615s,    000h 08m 59.897s
346,    1677,    541574,    000h 00m 01.677s,    000h 09m 01.574s
347,    1705,    543279,    000h 00m 01.705s,    000h 09m 03.279s
348,    1497,    544776,    000h 00m 01.497s,    000h 09m 04.776s
349,    1656,    546432,    000h 00m 01.656s,    000h 09m 06.432s
350,    1561,    547993,    000h 00m 01.561s,    000h 09m 07.993s
351,    1483,    549476,    000h 00m 01.483s,    000h 09m 09.476s
352,    1499,    550975,    000h 00m 01.499s,    000h 09m 10.975s
353,    1662,    552637,    000h 00m 01.662s,    000h 09m 12.637s
354,    1458,    554095,    000h 00m 01.458s,    000h 09m 14.095s
355,    1529,    555624,    000h 00m 01.529s,    000h 09m 15.624s
356,    1507,    557131,    000h 00m 01.507s,    000h 09m 17.131s
357,    1494,    558625,    000h 00m 01.494s,    000h 09m 18.625s
358,    1508,    560133,    000h 00m 01.508s,    000h 09m 20.133s
359,    1695,    561828,    000h 00m 01.695s,    000h 09m 21.828s
360,    1489,    563317,    000h 00m 01.489s,    000h 09m 23.317s
361,    1427,    564744,    000h 00m 01.427s,    000h 09m 24.744s
362,    1619,    566363,    000h 00m 01.619s,    000h 09m 26.363s
363,    1586,    567949,    000h 00m 01.586s,    000h 09m 27.949s
364,    1683,    569632,    000h 00m 01.683s,    000h 09m 29.632s
365,    1707,    571339,    000h 00m 01.707s,    000h 09m 31.339s
366,    1487,    572826,    000h 00m 01.487s,    000h 09m 32.826s
367,    1602,    574428,    000h 00m 01.602s,    000h 09m 34.428s
368,    1649,    576077,    000h 00m 01.649s,    000h 09m 36.077s
369,    1578,    577655,    000h 00m 01.578s,    000h 09m 37.655s
370,    1546,    579201,    000h 00m 01.546s,    000h 09m 39.201s
371,    1693,    580894,    000h 00m 01.693s,    000h 09m 40.894s
372,    1485,    582379,    000h 00m 01.485s,    000h 09m 42.379s
373,    1438,    583817,    000h 00m 01.438s,    000h 09m 43.817s
374,    1720,    585537,    000h 00m 01.720s,    000h 09m 45.537s
375,    1440,    586977,    000h 00m 01.440s,    000h 09m 46.977s
376,    1466,    588443,    000h 00m 01.466s,    000h 09m 48.443s
377,    1665,    590108,    000h 00m 01.665s,    000h 09m 50.108s
378,    1462,    591570,    000h 00m 01.462s,    000h 09m 51.570s
379,    1625,    593195,    000h 00m 01.625s,    000h 09m 53.195s
380,    1580,    594775,    000h 00m 01.580s,    000h 09m 54.775s
381,    1388,    596163,    000h 00m 01.388s,    000h 09m 56.163s
382,    1747,    597910,    000h 00m 01.747s,    000h 09m 57.910s
383,    1719,    599629,    000h 00m 01.719s,    000h 09m 59.629s
384,    1417,    601046,    000h 00m 01.417s,    000h 10m 01.046s
385,    1435,    602481,    000h 00m 01.435s,    000h 10m 02.481s
386,    1599,    604080,    000h 00m 01.599s,    000h 10m 04.080s
387,    1707,    605787,    000h 00m 01.707s,    000h 10m 05.787s
388,    1655,    607442,    000h 00m 01.655s,    000h 10m 07.442s
389,    1619,    609061,    000h 00m 01.619s,    000h 10m 09.061s
390,    1482,    610543,    000h 00m 01.482s,    000h 10m 10.543s
391,    1743,    612286,    000h 00m 01.743s,    000h 10m 12.286s
392,    1406,    613692,    000h 00m 01.406s,    000h 10m 13.692s
393,    1452,    615144,    000h 00m 01.452s,    000h 10m 15.144s
394,    1666,    616810,    000h 00m 01.666s,    000h 10m 16.810s
395,    1426,    618236,    000h 00m 01.426s,    000h 10m 18.236s
396,    1560,    619796,    000h 00m 01.560s,    000h 10m 19.796s
397,    1480,    621276,    000h 00m 01.480s,    000h 10m 21.276s
398,    1525,    622801,    000h 00m 01.525s,    000h 10m 22.801s
399,    1430,    624231,    000h 00m 01.430s,    000h 10m 24.231s
400,    1483,    625714,    000h 00m 01.483s,    000h 10m 25.714s
401,    1461,    627175,    000h 00m 01.461s,    000h 10m 27.175s
402,    1480,    628655,    000h 00m 01.480s,    000h 10m 28.655s
403,    1556,    630211,    000h 00m 01.556s,    000h 10m 30.211s
404,    1722,    631933,    000h 00m 01.722s,    000h 10m 31.933s
405,    1455,    633388,    000h 00m 01.455s,    000h 10m 33.388s
406,    1674,    635062,    000h 00m 01.674s,    000h 10m 35.062s
407,    1672,    636734,    000h 00m 01.672s,    000h 10m 36.734s
408,    1589,    638323,    000h 00m 01.589s,    000h 10m 38.323s
409,    1753,    640076,    000h 00m 01.753s,    000h 10m 40.076s
410,    1591,    641667,    000h 00m 01.591s,    000h 10m 41.667s
411,    1707,    643374,    000h 00m 01.707s,    000h 10m 43.374s
412,    1583,    644957,    000h 00m 01.583s,    000h 10m 44.957s
413,    1663,    646620,    000h 00m 01.663s,    000h 10m 46.620s
414,    1699,    648319,    000h 00m 01.699s,    000h 10m 48.319s
415,    1577,    649896,    000h 00m 01.577s,    000h 10m 49.896s
416,    1427,    651323,    000h 00m 01.427s,    000h 10m 51.323s
417,    1701,    653024,    000h 00m 01.701s,    000h 10m 53.024s
418,    1643,    654667,    000h 00m 01.643s,    000h 10m 54.667s
419,    1449,    656116,    000h 00m 01.449s,    000h 10m 56.116s
420,    1497,    657613,    000h 00m 01.497s,    000h 10m 57.613s
421,    1534,    659147,    000h 00m 01.534s,    000h 10m 59.147s
422,    1736,    660883,    000h 00m 01.736s,    000h 11m 00.883s
423,    1531,    662414,    000h 00m 01.531s,    000h 11m 02.414s
424,    1555,    663969,    000h 00m 01.555s,    000h 11m 03.969s
425,    1425,    665394,    000h 00m 01.425s,    000h 11m 05.394s
426,    1681,    667075,    000h 00m 01.681s,    000h 11m 07.075s
427,    1578,    668653,    000h 00m 01.578s,    000h 11m 08.653s
428,    1516,    670169,    000h 00m 01.516s,    000h 11m 10.169s
429,    1664,    671833,    000h 00m 01.664s,    000h 11m 11.833s
430,    1608,    673441,    000h 00m 01.608s,    000h 11m 13.441s
431,    1665,    675106,    000h 00m 01.665s,    000h 11m 15.106s
432,    1575,    676681,    000h 00m 01.575s,    000h 11m 16.681s
433,    1621,    678302,    000h 00m 01.621s,    000h 11m 18.302s
434,    1533,    679835,    000h 00m 01.533s,    000h 11m 19.835s
435,    1513,    681348,    000h 00m 01.513s,    000h 11m 21.348s
436,    1541,    682889,    000h 00m 01.541s,    000h 11m 22.889s
437,    1422,    684311,    000h 00m 01.422s,    000h 11m 24.311s
438,    1550,    685861,    000h 00m 01.550s,    000h 11m 25.861s
439,    1706,    687567,    000h 00m 01.706s,    000h 11m 27.567s
440,    1605,    689172,    000h 00m 01.605s,    000h 11m 29.172s
441,    1724,    690896,    000h 00m 01.724s,    000h 11m 30.896s
442,    1466,    692362,    000h 00m 01.466s,    000h 11m 32.362s
443,    1464,    693826,    000h 00m 01.464s,    000h 11m 33.826s
444,    1433,    695259,    000h 00m 01.433s,    000h 11m 35.259s
445,    1485,    696744,    000h 00m 01.485s,    000h 11m 36.744s
446,    1555,    698299,    000h 00m 01.555s,    000h 11m 38.299s
447,    1630,    699929,    000h 00m 01.630s,    000h 11m 39.929s
448,    1455,    701384,    000h 00m 01.455s,    000h 11m 41.384s
449,    1601,    702985,    000h 00m 01.601s,    000h 11m 42.985s
450,    1459,    704444,    000h 00m 01.459s,    000h 11m 44.444s
451,    1476,    705920,    000h 00m 01.476s,    000h 11m 45.920s
452,    1480,    707400,    000h 00m 01.480s,    000h 11m 47.400s
453,    1717,    709117,    000h 00m 01.717s,    000h 11m 49.117s
454,    1699,    710816,    000h 00m 01.699s,    000h 11m 50.816s
455,    1691,    712507,    000h 00m 01.691s,    000h 11m 52.507s
456,    1652,    714159,    000h 00m 01.652s,    000h 11m 54.159s
457,    1616,    715775,    000h 00m 01.616s,    000h 11m 55.775s
458,    1530,    717305,    000h 00m 01.530s,    000h 11m 57.305s
459,    1528,    718833,    000h 00m 01.528s,    000h 11m 58.833s
460,    1561,    720394,    000h 00m 01.561s,    000h 12m 00.394s
461,    1492,    721886,    000h 00m 01.492s,    000h 12m 01.886s
462,    1522,    723408,    000h 00m 01.522s,    000h 12m 03.408s
463,    1451,    724859,    000h 00m 01.451s,    000h 12m 04.859s
464,    1585,    726444,    000h 00m 01.585s,    000h 12m 06.444s
465,    1524,    727968,    000h 00m 01.524s,    000h 12m 07.968s
466,    1693,    729661,    000h 00m 01.693s,    000h 12m 09.661s
467,    1530,    731191,    000h 00m 01.530s,    000h 12m 11.191s
468,    1562,    732753,    000h 00m 01.562s,    000h 12m 12.753s
469,    1610,    734363,    000h 00m 01.610s,    000h 12m 14.363s
470,    1409,    735772,    000h 00m 01.409s,    000h 12m 15.772s
471,    1646,    737418,    000h 00m 01.646s,    000h 12m 17.418s
472,    1696,    739114,    000h 00m 01.696s,    000h 12m 19.114s
473,    1585,    740699,    000h 00m 01.585s,    000h 12m 20.699s
474,    1683,    742382,    000h 00m 01.683s,    000h 12m 22.382s
475,    1491,    743873,    000h 00m 01.491s,    000h 12m 23.873s
476,    1650,    745523,    000h 00m 01.650s,    000h 12m 25.523s
477,    1671,    747194,    000h 00m 01.671s,    000h 12m 27.194s
478,    1565,    748759,    000h 00m 01.565s,    000h 12m 28.759s
479,    1565,    750324,    000h 00m 01.565s,    000h 12m 30.324s
480,    1671,    751995,    000h 00m 01.671s,    000h 12m 31.995s
481,    1466,    753461,    000h 00m 01.466s,    000h 12m 33.461s
482,    1551,    755012,    000h 00m 01.551s,    000h 12m 35.012s
483,    1687,    756699,    000h 00m 01.687s,    000h 12m 36.699s
484,    1685,    758384,    000h 00m 01.685s,    000h 12m 38.384s
485,    1580,    759964,    000h 00m 01.580s,    000h 12m 39.964s
486,    1537,    761501,    000h 00m 01.537s,    000h 12m 41.501s
487,    1536,    763037,    000h 00m 01.536s,    000h 12m 43.037s
488,    1577,    764614,    000h 00m 01.577s,    000h 12m 44.614s
489,    1583,    766197,    000h 00m 01.583s,    000h 12m 46.197s
490,    1540,    767737,    000h 00m 01.540s,    000h 12m 47.737s
491,    1480,    769217,    000h 00m 01.480s,    000h 12m 49.217s
492,    1547,    770764,    000h 00m 01.547s,    000h 12m 50.764s
493,    1487,    772251,    000h 00m 01.487s,    000h 12m 52.251s
494,    1438,    773689,    000h 00m 01.438s,    000h 12m 53.689s
495,    1538,    775227,    000h 00m 01.538s,    000h 12m 55.227s
496,    1609,    776836,    000h 00m 01.609s,    000h 12m 56.836s
497,    1652,    778488,    000h 00m 01.652s,    000h 12m 58.488s
498,    1592,    780080,    000h 00m 01.592s,    000h 13m 00.080s
499,    1619,    781699,    000h 00m 01.619s,    000h 13m 01.699s
500,    1597,    783296,    000h 00m 01.597s,    000h 13m 03.296s
501,    1497,    784793,    000h 00m 01.497s,    000h 13m 04.793s
502,    1684,    786477,    000h 00m 01.684s,    000h 13m 06.477s
503,    1432,    787909,    000h 00m 01.432s,    000h 13m 07.909s
504,    1630,    789539,    000h 00m 01.630s,    000h 13m 09.539s
505,    1726,    791265,    000h 00m 01.726s,    000h 13m 11.265s
506,    1445,    792710,    000h 00m 01.445s,    000h 13m 12.710s
507,    1587,    794297,    000h 00m 01.587s,    000h 13m 14.297s
508,    1663,    795960,    000h 00m 01.663s,    000h 13m 15.960s
509,    1531,    797491,    000h 00m 01.531s,    000h 13m 17.491s
510,    1680,    799171,    000h 00m 01.680s,    000h 13m 19.171s
511,    1597,    800768,    000h 00m 01.597s,    000h 13m 20.768s
512,    1491,    802259,    000h 00m 01.491s,    000h 13m 22.259s
513,    1721,    803980,    000h 00m 01.721s,    000h 13m 23.980s
514,    1670,    805650,    000h 00m 01.670s,    000h 13m 25.650s
515,    1736,    807386,    000h 00m 01.736s,    000h 13m 27.386s
516,    1706,    809092,    000h 00m 01.706s,    000h 13m 29.092s
517,    1493,    810585,    000h 00m 01.493s,    000h 13m 30.585s
518,    1485,    812070,    000h 00m 01.485s,    000h 13m 32.070s
519,    1699,    813769,    000h 00m 01.699s,    000h 13m 33.769s
520,    1496,    815265,    000h 00m 01.496s,    000h 13m 35.265s
521,    1621,    816886,    000h 00m 01.621s,    000h 13m 36.886s
522,    1582,    818468,    000h 00m 01.582s,    000h 13m 38.468s
523,    1707,    820175,    000h 00m 01.707s,    000h 13m 40.175s
524,    1443,    821618,    000h 00m 01.443s,    000h 13m 41.618s
525,    1504,    823122,    000h 00m 01.504s,    000h 13m 43.122s
526,    1752,    824874,    000h 00m 01.752s,    000h 13m 44.874s
527,    1676,    826550,    000h 00m 01.676s,    000h 13m 46.550s
528,    1667,    828217,    000h 00m 01.667s,    000h 13m 48.217s
529,    1653,    829870,    000h 00m 01.653s,    000h 13m 49.870s
530,    1721,    831591,    000h 00m 01.721s,    000h 13m 51.591s
531,    1509,    833100,    000h 00m 01.509s,    000h 13m 53.100s
532,    1411,    834511,    000h 00m 01.411s,    000h 13m 54.511s
533,    1706,    836217,    000h 00m 01.706s,    000h 13m 56.217s
534,    1540,    837757,    000h 00m 01.540s,    000h 13m 57.757s
535,    1644,    839401,    000h 00m 01.644s,    000h 13m 59.401s
536,    1434,    840835,    000h 00m 01.434s,    000h 14m 00.835s
537,    1654,    842489,    000h 00m 01.654s,    000h 14m 02.489s
538,    1701,    844190,    000h 00m 01.701s,    000h 14m 04.190s
539,    1546,    845736,    000h 00m 01.546s,    000h 14m 05.736s
540,    1567,    847303,    000h 00m 01.567s,    000h 14m 07.303s
541,    1681,    848984,    000h 00m 01.681s,    000h 14m 08.984s
542,    1663,    850647,    000h 00m 01.663s,    000h 14m 10.647s
543,    1501,    852148,    000h 00m 01.501s,    000h 14m 12.148s
544,    1453,    853601,    000h 00m 01.453s,    000h 14m 13.601s
545,    1621,    855222,    000h 00m 01.621s,    000h 14m 15.222s
546,    1437,    856659,    000h 00m 01.437s,    000h 14m 16.659s
547,    1427,    858086,    000h 00m 01.427s,    000h 14m 18.086s
548,    1510,    859596,    000h 00m 01.510s,    000h 14m 19.596s
549,    1710,    861306,    000h 00m 01.710s,    000h 14m 21.306s
550,    1564,    862870,    000h 00m 01.564s,    000h 14m 22.870s
551,    1573,    864443,    000h 00m 01.573s,    000h 14m 24.443s
552,    1643,    866086,    000h 00m 01.643s,    000h 14m 26.086s
553,    1630,    867716,    000h 00m 01.630s,    000h 14m 27.716s
554,    1524,    869240,    000h 00m 01.524s,    000h 14m 29.240s
555,    1540,    870780,    000h 00m 01.540s,    000h 14m 30.780s
556,    1507,    872287,    000h 00m 01.507s,    000h 14m 32.287s
557,    1554,    873841,    000h 00m 01.554s,    000h 14m 33.841s
558,    1467,    875308,    000h 00m 01.467s,    000h 14m 35.308s
559,    1446,    876754,    000h 00m 01.446s,    000h 14m 36.754s
560,    1661,    878415,    000h 00m 01.661s,    000h 14m 38.415s
561,    1570,    879985,    000h 00m 01.570s,    000h 14m 39.985s
562,    1535,    881520,    000h 00m 01.535s,    000h 14m 41.520s
563,    1740,    883260,    000h 00m 01.740s,    000h 14m 43.260s
564,    1629,    884889,    000h 00m 01.629s,    000h 14m 44.889s
565,    1451,    886340,    000h 00m 01.451s,    000h 14m 46.340s
566,    1538,    887878,    000h 00m 01.538s,    000h 14m 47.878s
567,    1454,    889332,    000h 00m 01.454s,    000h 14m 49.332s
568,    1498,    890830,    000h 00m 01.498s,    000h 14m 50.830s
569,    1499,    892329,    000h 00m 01.499s,    000h 14m 52.329s
570,    1479,    893808,    000h 00m 01.479s,    000h 14m 53.808s
571,    1642,    895450,    000h 00m 01.642s,    000h 14m 55.450s
572,    1412,    896862,    000h 00m 01.412s,    000h 14m 56.862s
573,    1407,    898269,    000h 00m 01.407s,    000h 14m 58.269s
574,    1712,    899981,    000h 00m 01.712s,    000h 14m 59.981s
575,    1572,    901553,    000h 00m 01.572s,    000h 15m 01.553s
576,    1588,    903141,    000h 00m 01.588s,    000h 15m 03.141s
577,    1594,    904735,    000h 00m 01.594s,    000h 15m 04.735s
578,    1516,    906251,    000h 00m 01.516s,    000h 15m 06.251s
579,    1715,    907966,    000h 00m 01.715s,    000h 15m 07.966s
580,    1712,    909678,    000h 00m 01.712s,    000h 15m 09.678s
581,    1604,    911282,    000h 00m 01.604s,    000h 15m 11.282s
582,    1677,    912959,    000h 00m 01.677s,    000h 15m 12.959s
583,    1631,    914590,    000h 00m 01.631s,    000h 15m 14.590s
584,    1628,    916218,    000h 00m 01.628s,    000h 15m 16.218s
585,    1605,    917823,    000h 00m 01.605s,    000h 15m 17.823s
586,    1509,    919332,    000h 00m 01.509s,    000h 15m 19.332s
587,    1459,    920791,    000h 00m 01.459s,    000h 15m 20.791s
588,    1677,    922468,    000h 00m 01.677s,    000h 15m 22.468s
589,    1633,    924101,    000h 00m 01.633s,    000h 15m 24.101s
590,    1582,    925683,    000h 00m 01.582s,    000h 15m 25.683s
591,    1647,    927330,    000h 00m 01.647s,    000h 15m 27.330s
592,    1609,    928939,    000h 00m 01.609s,    000h 15m 28.939s
593,    1672,    930611,    000h 00m 01.672s,    000h 15m 30.611s
594,    1721,    932332,    000h 00m 01.721s,    000h 15m 32.332s
595,    1659,    933991,    000h 00m 01.659s,    000h 15m 33.991s
596,    1691,    935682,    000h 00m 01.691s,    000h 15m 35.682s
597,    1698,    937380,    000h 00m 01.698s,    000h 15m 37.380s
598,    1630,    939010,    000h 00m 01.630s,    000h 15m 39.010s
599,    1537,    940547,    000h 00m 01.537s,    000h 15m 40.547s
600,    1544,    942091,    000h 00m 01.544s,    000h 15m 42.091s
601,    1677,    943768,    000h 00m 01.677s,    000h 15m 43.768s
602,    1447,    945215,    000h 00m 01.447s,    000h 15m 45.215s
603,    1529,    946744,    000h 00m 01.529s,    000h 15m 46.744s
604,    1575,    948319,    000h 00m 01.575s,    000h 15m 48.319s
605,    1684,    950003,    000h 00m 01.684s,    000h 15m 50.003s
606,    1495,    951498,    000h 00m 01.495s,    000h 15m 51.498s
607,    1662,    953160,    000h 00m 01.662s,    000h 15m 53.160s
608,    1724,    954884,    000h 00m 01.724s,    000h 15m 54.884s
609,    1546,    956430,    000h 00m 01.546s,    000h 15m 56.430s
610,    1637,    958067,    000h 00m 01.637s,    000h 15m 58.067s
611,    1597,    959664,    000h 00m 01.597s,    000h 15m 59.664s
612,    1674,    961338,    000h 00m 01.674s,    000h 16m 01.338s
613,    1562,    962900,    000h 00m 01.562s,    000h 16m 02.900s
614,    1677,    964577,    000h 00m 01.677s,    000h 16m 04.577s
615,    1739,    966316,    000h 00m 01.739s,    000h 16m 06.316s
616,    1462,    967778,    000h 00m 01.462s,    000h 16m 07.778s
617,    1588,    969366,    000h 00m 01.588s,    000h 16m 09.366s
618,    1624,    970990,    000h 00m 01.624s,    000h 16m 10.990s
619,    1453,    972443,    000h 00m 01.453s,    000h 16m 12.443s
620,    1645,    974088,    000h 00m 01.645s,    000h 16m 14.088s
621,    1667,    975755,    000h 00m 01.667s,    000h 16m 15.755s
622,    1511,    977266,    000h 00m 01.511s,    000h 16m 17.266s
623,    1670,    978936,    000h 00m 01.670s,    000h 16m 18.936s
624,    1490,    980426,    000h 00m 01.490s,    000h 16m 20.426s
625,    1533,    981959,    000h 00m 01.533s,    000h 16m 21.959s
626,    1610,    983569,    000h 00m 01.610s,    000h 16m 23.569s
627,    1755,    985324,    000h 00m 01.755s,    000h 16m 25.324s
628,    1578,    986902,    000h 00m 01.578s,    000h 16m 26.902s
629,    1501,    988403,    000h 00m 01.501s,    000h 16m 28.403s
630,    1622,    990025,    000h 00m 01.622s,    000h 16m 30.025s
631,    1539,    991564,    000h 00m 01.539s,    000h 16m 31.564s
632,    1569,    993133,    000h 00m 01.569s,    000h 16m 33.133s
633,    1436,    994569,    000h 00m 01.436s,    000h 16m 34.569s
634,    1645,    996214,    000h 00m 01.645s,    000h 16m 36.214s
635,    1511,    997725,    000h 00m 01.511s,    000h 16m 37.725s
636,    1441,    999166,    000h 00m 01.441s,    000h 16m 39.166s
637,    1501,    1000667,    000h 00m 01.501s,    000h 16m 40.667s
638,    1428,    1002095,    000h 00m 01.428s,    000h 16m 42.095s
639,    1569,    1003664,    000h 00m 01.569s,    000h 16m 43.664s
640,    1624,    1005288,    000h 00m 01.624s,    000h 16m 45.288s
641,    1405,    1006693,    000h 00m 01.405s,    000h 16m 46.693s
642,    1631,    1008324,    000h 00m 01.631s,    000h 16m 48.324s
643,    1703,    1010027,    000h 00m 01.703s,    000h 16m 50.027s
644,    1671,    1011698,    000h 00m 01.671s,    000h 16m 51.698s
645,    1634,    1013332,    000h 00m 01.634s,    000h 16m 53.332s
646,    1682,    1015014,    000h 00m 01.682s,    000h 16m 55.014s
647,    1584,    1016598,    000h 00m 01.584s,    000h 16m 56.598s
648,    1506,    1018104,    000h 00m 01.506s,    000h 16m 58.104s
649,    1599,    1019703,    000h 00m 01.599s,    000h 16m 59.703s
650,    1730,    1021433,    000h 00m 01.730s,    000h 17m 01.433s
651,    1635,    1023068,    000h 00m 01.635s,    000h 17m 03.068s
652,    1617,    1024685,    000h 00m 01.617s,    000h 17m 04.685s
653,    1683,    1026368,    000h 00m 01.683s,    000h 17m 06.368s
654,    1742,    1028110,    000h 00m 01.742s,    000h 17m 08.110s
655,    1678,    1029788,    000h 00m 01.678s,    000h 17m 09.788s
656,    1597,    1031385,    000h 00m 01.597s,    000h 17m 11.385s
657,    1652,    1033037,    000h 00m 01.652s,    000h 17m 13.037s
658,    1403,    1034440,    000h 00m 01.403s,    000h 17m 14.440s
659,    1606,    1036046,    000h 00m 01.606s,    000h 17m 16.046s
660,    1536,    1037582,    000h 00m 01.536s,    000h 17m 17.582s
661,    1557,    1039139,    000h 00m 01.557s,    000h 17m 19.139s
662,    1616,    1040755,    000h 00m 01.616s,    000h 17m 20.755s
663,    1694,    1042449,    000h 00m 01.694s,    000h 17m 22.449s
664,    1566,    1044015,    000h 00m 01.566s,    000h 17m 24.015s
665,    1475,    1045490,    000h 00m 01.475s,    000h 17m 25.490s
666,    1646,    1047136,    000h 00m 01.646s,    000h 17m 27.136s
667,    1463,    1048599,    000h 00m 01.463s,    000h 17m 28.599s
668,    1715,    1050314,    000h 00m 01.715s,    000h 17m 30.314s
669,    1641,    1051955,    000h 00m 01.641s,    000h 17m 31.955s
670,    1613,    1053568,    000h 00m 01.613s,    000h 17m 33.568s
671,    1446,    1055014,    000h 00m 01.446s,    000h 17m 35.014s
672,    1448,    1056462,    000h 00m 01.448s,    000h 17m 36.462s
673,    1708,    1058170,    000h 00m 01.708s,    000h 17m 38.170s
674,    1623,    1059793,    000h 00m 01.623s,    000h 17m 39.793s
675,    1504,    1061297,    000h 00m 01.504s,    000h 17m 41.297s
676,    1389,    1062686,    000h 00m 01.389s,    000h 17m 42.686s
677,    1699,    1064385,    000h 00m 01.699s,    000h 17m 44.385s
678,    1472,    1065857,    000h 00m 01.472s,    000h 17m 45.857s
679,    1464,    1067321,    000h 00m 01.464s,    000h 17m 47.321s
680,    1607,    1068928,    000h 00m 01.607s,    000h 17m 48.928s
681,    1457,    1070385,    000h 00m 01.457s,    000h 17m 50.385s
682,    1621,    1072006,    000h 00m 01.621s,    000h 17m 52.006s
683,    1410,    1073416,    000h 00m 01.410s,    000h 17m 53.416s
684,    1547,    1074963,    000h 00m 01.547s,    000h 17m 54.963s
685,    1677,    1076640,    000h 00m 01.677s,    000h 17m 56.640s
686,    1692,    1078332,    000h 00m 01.692s,    000h 17m 58.332s
687,    1667,    1079999,    000h 00m 01.667s,    000h 17m 59.999s
688,    1744,    1081743,    000h 00m 01.744s,    000h 18m 01.743s
689,    1621,    1083364,    000h 00m 01.621s,    000h 18m 03.364s
690,    1484,    1084848,    000h 00m 01.484s,    000h 18m 04.848s
691,    1705,    1086553,    000h 00m 01.705s,    000h 18m 06.553s
692,    1672,    1088225,    000h 00m 01.672s,    000h 18m 08.225s
693,    1740,    1089965,    000h 00m 01.740s,    000h 18m 09.965s
694,    1689,    1091654,    000h 00m 01.689s,    000h 18m 11.654s
695,    1617,    1093271,    000h 00m 01.617s,    000h 18m 13.271s
696,    1445,    1094716,    000h 00m 01.445s,    000h 18m 14.716s
697,    1624,    1096340,    000h 00m 01.624s,    000h 18m 16.340s
698,    1570,    1097910,    000h 00m 01.570s,    000h 18m 17.910s
699,    1739,    1099649,    000h 00m 01.739s,    000h 18m 19.649s
700,    1671,    1101320,    000h 00m 01.671s,    000h 18m 21.320s
701,    1649,    1102969,    000h 00m 01.649s,    000h 18m 22.969s
702,    1719,    1104688,    000h 00m 01.719s,    000h 18m 24.688s
703,    1567,    1106255,    000h 00m 01.567s,    000h 18m 26.255s
704,    1545,    1107800,    000h 00m 01.545s,    000h 18m 27.800s
705,    1648,    1109448,    000h 00m 01.648s,    000h 18m 29.448s
706,    1726,    1111174,    000h 00m 01.726s,    000h 18m 31.174s
707,    1532,    1112706,    000h 00m 01.532s,    000h 18m 32.706s
708,    1554,    1114260,    000h 00m 01.554s,    000h 18m 34.260s
709,    1508,    1115768,    000h 00m 01.508s,    000h 18m 35.768s
710,    1502,    1117270,    000h 00m 01.502s,    000h 18m 37.270s
711,    1458,    1118728,    000h 00m 01.458s,    000h 18m 38.728s
712,    1575,    1120303,    000h 00m 01.575s,    000h 18m 40.303s
713,    1486,    1121789,    000h 00m 01.486s,    000h 18m 41.789s
714,    1748,    1123537,    000h 00m 01.748s,    000h 18m 43.537s
715,    1693,    1125230,    000h 00m 01.693s,    000h 18m 45.230s
716,    1460,    1126690,    000h 00m 01.460s,    000h 18m 46.690s
717,    1463,    1128153,    000h 00m 01.463s,    000h 18m 48.153s
718,    1537,    1129690,    000h 00m 01.537s,    000h 18m 49.690s
719,    1404,    1131094,    000h 00m 01.404s,    000h 18m 51.094s
720,    1594,    1132688,    000h 00m 01.594s,    000h 18m 52.688s
721,    1457,    1134145,    000h 00m 01.457s,    000h 18m 54.145s
722,    1610,    1135755,    000h 00m 01.610s,    000h 18m 55.755s
723,    1622,    1137377,    000h 00m 01.622s,    000h 18m 57.377s
724,    1540,    1138917,    000h 00m 01.540s,    000h 18m 58.917s
725,    1682,    1140599,    000h 00m 01.682s,    000h 19m 00.599s
726,    1484,    1142083,    000h 00m 01.484s,    000h 19m 02.083s
727,    1502,    1143585,    000h 00m 01.502s,    000h 19m 03.585s
728,    1473,    1145058,    000h 00m 01.473s,    000h 19m 05.058s
729,    1616,    1146674,    000h 00m 01.616s,    000h 19m 06.674s
730,    1618,    1148292,    000h 00m 01.618s,    000h 19m 08.292s
731,    1532,    1149824,    000h 00m 01.532s,    000h 19m 09.824s
732,    1533,    1151357,    000h 00m 01.533s,    000h 19m 11.357s
733,    1525,    1152882,    000h 00m 01.525s,    000h 19m 12.882s
734,    1614,    1154496,    000h 00m 01.614s,    000h 19m 14.496s
735,    1587,    1156083,    000h 00m 01.587s,    000h 19m 16.083s
736,    1425,    1157508,    000h 00m 01.425s,    000h 19m 17.508s
737,    1665,    1159173,    000h 00m 01.665s,    000h 19m 19.173s
738,    1660,    1160833,    000h 00m 01.660s,    000h 19m 20.833s
739,    1585,    1162418,    000h 00m 01.585s,    000h 19m 22.418s
740,    1509,    1163927,    000h 00m 01.509s,    000h 19m 23.927s
741,    1452,    1165379,    000h 00m 01.452s,    000h 19m 25.379s
742,    1529,    1166908,    000h 00m 01.529s,    000h 19m 26.908s
743,    1635,    1168543,    000h 00m 01.635s,    000h 19m 28.543s
744,    1606,    1170149,    000h 00m 01.606s,    000h 19m 30.149s
745,    1545,    1171694,    000h 00m 01.545s,    000h 19m 31.694s
746,    1480,    1173174,    000h 00m 01.480s,    000h 19m 33.174s
747,    1565,    1174739,    000h 00m 01.565s,    000h 19m 34.739s
748,    1681,    1176420,    000h 00m 01.681s,    000h 19m 36.420s
749,    1684,    1178104,    000h 00m 01.684s,    000h 19m 38.104s
750,    1692,    1179796,    000h 00m 01.692s,    000h 19m 39.796s
751,    1443,    1181239,    000h 00m 01.443s,    000h 19m 41.239s
752,    1453,    1182692,    000h 00m 01.453s,    000h 19m 42.692s
753,    1619,    1184311,    000h 00m 01.619s,    000h 19m 44.311s
754,    1543,    1185854,    000h 00m 01.543s,    000h 19m 45.854s
755,    1738,    1187592,    000h 00m 01.738s,    000h 19m 47.592s
756,    1428,    1189020,    000h 00m 01.428s,    000h 19m 49.020s
757,    1511,    1190531,    000h 00m 01.511s,    000h 19m 50.531s
758,    1682,    1192213,    000h 00m 01.682s,    000h 19m 52.213s
759,    1472,    1193685,    000h 00m 01.472s,    000h 19m 53.685s
760,    1600,    1195285,    000h 00m 01.600s,    000h 19m 55.285s
761,    1558,    1196843,    000h 00m 01.558s,    000h 19m 56.843s
762,    1606,    1198449,    000h 00m 01.606s,    000h 19m 58.449s
763,    1662,    1200111,    000h 00m 01.662s,    000h 20m 00.111s
764,    1492,    1201603,    000h 00m 01.492s,    000h 20m 01.603s
765,    1430,    1203033,    000h 00m 01.430s,    000h 20m 03.033s
766,    1702,    1204735,    000h 00m 01.702s,    000h 20m 04.735s
767,    1671,    1206406,    000h 00m 01.671s,    000h 20m 06.406s
768,    1505,    1207911,    000h 00m 01.505s,    000h 20m 07.911s
769,    1506,    1209417,    000h 00m 01.506s,    000h 20m 09.417s
770,    1698,    1211115,    000h 00m 01.698s,    000h 20m 11.115s
771,    1551,    1212666,    000h 00m 01.551s,    000h 20m 12.666s
772,    1653,    1214319,    000h 00m 01.653s,    000h 20m 14.319s
773,    1661,    1215980,    000h 00m 01.661s,    000h 20m 15.980s
774,    1520,    1217500,    000h 00m 01.520s,    000h 20m 17.500s
775,    1627,    1219127,    000h 00m 01.627s,    000h 20m 19.127s
776,    1690,    1220817,    000h 00m 01.690s,    000h 20m 20.817s
777,    1524,    1222341,    000h 00m 01.524s,    000h 20m 22.341s
778,    1476,    1223817,    000h 00m 01.476s,    000h 20m 23.817s
779,    1646,    1225463,    000h 00m 01.646s,    000h 20m 25.463s
780,    1514,    1226977,    000h 00m 01.514s,    000h 20m 26.977s
781,    1737,    1228714,    000h 00m 01.737s,    000h 20m 28.714s
782,    1642,    1230356,    000h 00m 01.642s,    000h 20m 30.356s
783,    1594,    1231950,    000h 00m 01.594s,    000h 20m 31.950s
784,    1554,    1233504,    000h 00m 01.554s,    000h 20m 33.504s
785,    1497,    1235001,    000h 00m 01.497s,    000h 20m 35.001s
786,    1544,    1236545,    000h 00m 01.544s,    000h 20m 36.545s
787,    1680,    1238225,    000h 00m 01.680s,    000h 20m 38.225s
788,    1669,    1239894,    000h 00m 01.669s,    000h 20m 39.894s
789,    1446,    1241340,    000h 00m 01.446s,    000h 20m 41.340s
790,    1717,    1243057,    000h 00m 01.717s,    000h 20m 43.057s
791,    1407,    1244464,    000h 00m 01.407s,    000h 20m 44.464s
792,    1575,    1246039,    000h 00m 01.575s,    000h 20m 46.039s
793,    1489,    1247528,    000h 00m 01.489s,    000h 20m 47.528s
794,    1533,    1249061,    000h 00m 01.533s,    000h 20m 49.061s
795,    1623,    1250684,    000h 00m 01.623s,    000h 20m 50.684s
796,    1741,    1252425,    000h 00m 01.741s,    000h 20m 52.425s
797,    1723,    1254148,    000h 00m 01.723s,    000h 20m 54.148s
798,    1499,    1255647,    000h 00m 01.499s,    000h 20m 55.647s
799,    1611,    1257258,    000h 00m 01.611s,    000h 20m 57.258s
800,    1706,    1258964,    000h 00m 01.706s,    000h 20m 58.964s
801,    1567,    1260531,    000h 00m 01.567s,    000h 21m 00.531s
802,    1505,    1262036,    000h 00m 01.505s,    000h 21m 02.036s
803,    1685,    1263721,    000h 00m 01.685s,    000h 21m 03.721s
804,    1637,    1265358,    000h 00m 01.637s,    000h 21m 05.358s
805,    1523,    1266881,    000h 00m 01.523s,    000h 21m 06.881s
806,    1561,    1268442,    000h 00m 01.561s,    000h 21m 08.442s
807,    1660,    1270102,    000h 00m 01.660s,    000h 21m 10.102s
808,    1667,    1271769,    000h 00m 01.667s,    000h 21m 11.769s
809,    1393,    1273162,    000h 00m 01.393s,    000h 21m 13.162s
810,    1524,    1274686,    000h 00m 01.524s,    000h 21m 14.686s
811,    1553,    1276239,    000h 00m 01.553s,    000h 21m 16.239s
812,    1530,    1277769,    000h 00m 01.530s,    000h 21m 17.769s
813,    1512,    1279281,    000h 00m 01.512s,    000h 21m 19.281s
814,    1513,    1280794,    000h 00m 01.513s,    000h 21m 20.794s
815,    1477,    1282271,    000h 00m 01.477s,    000h 21m 22.271s
816,    1695,    1283966,    000h 00m 01.695s,    000h 21m 23.966s
817,    1695,    1285661,    000h 00m 01.695s,    000h 21m 25.661s
818,    1668,    1287329,    000h 00m 01.668s,    000h 21m 27.329s
819,    1576,    1288905,    000h 00m 01.576s,    000h 21m 28.905s
820,    1686,    1290591,    000h 00m 01.686s,    000h 21m 30.591s
821,    1756,    1292347,    000h 00m 01.756s,    000h 21m 32.347s
822,    1717,    1294064,    000h 00m 01.717s,    000h 21m 34.064s
823,    1508,    1295572,    000h 00m 01.508s,    000h 21m 35.572s
824,    1439,    1297011,    000h 00m 01.439s,    000h 21m 37.011s
825,    1517,    1298528,    000h 00m 01.517s,    000h 21m 38.528s
826,    1738,    1300266,    000h 00m 01.738s,    000h 21m 40.266s
827,    1640,    1301906,    000h 00m 01.640s,    000h 21m 41.906s
828,    1592,    1303498,    000h 00m 01.592s,    000h 21m 43.498s
829,    1704,    1305202,    000h 00m 01.704s,    000h 21m 45.202s
830,    1649,    1306851,    000h 00m 01.649s,    000h 21m 46.851s
831,    1612,    1308463,    000h 00m 01.612s,    000h 21m 48.463s
832,    1648,    1310111,    000h 00m 01.648s,    000h 21m 50.111s
833,    1687,    1311798,    000h 00m 01.687s,    000h 21m 51.798s
834,    1758,    1313556,    000h 00m 01.758s,    000h 21m 53.556s
835,    1447,    1315003,    000h 00m 01.447s,    000h 21m 55.003s
836,    1585,    1316588,    000h 00m 01.585s,    000h 21m 56.588s
837,    1537,    1318125,    000h 00m 01.537s,    000h 21m 58.125s
838,    1486,    1319611,    000h 00m 01.486s,    000h 21m 59.611s
839,    1427,    1321038,    000h 00m 01.427s,    000h 22m 01.038s
840,    1597,    1322635,    000h 00m 01.597s,    000h 22m 02.635s
841,    1482,    1324117,    000h 00m 01.482s,    000h 22m 04.117s
842,    1645,    1325762,    000h 00m 01.645s,    000h 22m 05.762s
843,    1472,    1327234,    000h 00m 01.472s,    000h 22m 07.234s
844,    1592,    1328826,    000h 00m 01.592s,    000h 22m 08.826s
845,    1759,    1330585,    000h 00m 01.759s,    000h 22m 10.585s
846,    1518,    1332103,    000h 00m 01.518s,    000h 22m 12.103s
847,    1645,    1333748,    000h 00m 01.645s,    000h 22m 13.748s
848,    1495,    1335243,    000h 00m 01.495s,    000h 22m 15.243s
849,    1498,    1336741,    000h 00m 01.498s,    000h 22m 16.741s
850,    1415,    1338156,    000h 00m 01.415s,    000h 22m 18.156s
851,    1449,    1339605,    000h 00m 01.449s,    000h 22m 19.605s
852,    1746,    1341351,    000h 00m 01.746s,    000h 22m 21.351s
853,    1558,    1342909,    000h 00m 01.558s,    000h 22m 22.909s
854,    1539,    1344448,    000h 00m 01.539s,    000h 22m 24.448s
855,    1695,    1346143,    000h 00m 01.695s,    000h 22m 26.143s
856,    1731,    1347874,    000h 00m 01.731s,    000h 22m 27.874s
857,    1430,    1349304,    000h 00m 01.430s,    000h 22m 29.304s
858,    1449,    1350753,    000h 00m 01.449s,    000h 22m 30.753s
859,    1526,    1352279,    000h 00m 01.526s,    000h 22m 32.279s
860,    1434,    1353713,    000h 00m 01.434s,    000h 22m 33.713s
861,    1621,    1355334,    000h 00m 01.621s,    000h 22m 35.334s
862,    1712,    1357046,    000h 00m 01.712s,    000h 22m 37.046s
863,    1641,    1358687,    000h 00m 01.641s,    000h 22m 38.687s
864,    1518,    1360205,    000h 00m 01.518s,    000h 22m 40.205s
865,    1466,    1361671,    000h 00m 01.466s,    000h 22m 41.671s
866,    1649,    1363320,    000h 00m 01.649s,    000h 22m 43.320s
867,    1566,    1364886,    000h 00m 01.566s,    000h 22m 44.886s
868,    1559,    1366445,    000h 00m 01.559s,    000h 22m 46.445s
869,    1449,    1367894,    000h 00m 01.449s,    000h 22m 47.894s
870,    1577,    1369471,    000h 00m 01.577s,    000h 22m 49.471s
871,    1543,    1371014,    000h 00m 01.543s,    000h 22m 51.014s
872,    1598,    1372612,    000h 00m 01.598s,    000h 22m 52.612s
873,    1624,    1374236,    000h 00m 01.624s,    000h 22m 54.236s
874,    1484,    1375720,    000h 00m 01.484s,    000h 22m 55.720s
875,    1708,    1377428,    000h 00m 01.708s,    000h 22m 57.428s
876,    1502,    1378930,    000h 00m 01.502s,    000h 22m 58.930s
877,    1541,    1380471,    000h 00m 01.541s,    000h 23m 00.471s
878,    1409,    1381880,    000h 00m 01.409s,    000h 23m 01.880s
879,    1680,    1383560,    000h 00m 01.680s,    000h 23m 03.560s
880,    1573,    1385133,    000h 00m 01.573s,    000h 23m 05.133s
881,    1561,    1386694,    000h 00m 01.561s,    000h 23m 06.694s
882,    1605,    1388299,    000h 00m 01.605s,    000h 23m 08.299s
883,    1656,    1389955,    000h 00m 01.656s,    000h 23m 09.955s
884,    1743,    1391698,    000h 00m 01.743s,    000h 23m 11.698s
885,    1490,    1393188,    000h 00m 01.490s,    000h 23m 13.188s
886,    1440,    1394628,    000h 00m 01.440s,    000h 23m 14.628s
887,    1522,    1396150,    000h 00m 01.522s,    000h 23m 16.150s
888,    1428,    1397578,    000h 00m 01.428s,    000h 23m 17.578s
889,    1624,    1399202,    000h 00m 01.624s,    000h 23m 19.202s
890,    1625,    1400827,    000h 00m 01.625s,    000h 23m 20.827s
891,    1700,    1402527,    000h 00m 01.700s,    000h 23m 22.527s
892,    1494,    1404021,    000h 00m 01.494s,    000h 23m 24.021s
893,    1603,    1405624,    000h 00m 01.603s,    000h 23m 25.624s
894,    1618,    1407242,    000h 00m 01.618s,    000h 23m 27.242s
895,    1594,    1408836,    000h 00m 01.594s,    000h 23m 28.836s
896,    1519,    1410355,    000h 00m 01.519s,    000h 23m 30.355s
897,    1442,    1411797,    000h 00m 01.442s,    000h 23m 31.797s
898,    1672,    1413469,    000h 00m 01.672s,    000h 23m 33.469s
899,    1746,    1415215,    000h 00m 01.746s,    000h 23m 35.215s
900,    1456,    1416671,    000h 00m 01.456s,    000h 23m 36.671s
901,    1587,    1418258,    000h 00m 01.587s,    000h 23m 38.258s
902,    1671,    1419929,    000h 00m 01.671s,    000h 23m 39.929s
903,    1569,    1421498,    000h 00m 01.569s,    000h 23m 41.498s
904,    1661,    1423159,    000h 00m 01.661s,    000h 23m 43.159s
905,    1452,    1424611,    000h 00m 01.452s,    000h 23m 44.611s
906,    1444,    1426055,    000h 00m 01.444s,    000h 23m 46.055s
907,    1430,    1427485,    000h 00m 01.430s,    000h 23m 47.485s
908,    1696,    1429181,    000h 00m 01.696s,    000h 23m 49.181s
909,    1556,    1430737,    000h 00m 01.556s,    000h 23m 50.737s
910,    1688,    1432425,    000h 00m 01.688s,    000h 23m 52.425s
911,    1533,    1433958,    000h 00m 01.533s,    000h 23m 53.958s
912,    1477,    1435435,    000h 00m 01.477s,    000h 23m 55.435s
913,    1574,    1437009,    000h 00m 01.574s,    000h 23m 57.009s
914,    1452,    1438461,    000h 00m 01.452s,    000h 23m 58.461s
915,    1607,    1440068,    000h 00m 01.607s,    000h 24m 00.068s
916,    1472,    1441540,    000h 00m 01.472s,    000h 24m 01.540s
917,    1461,    1443001,    000h 00m 01.461s,    000h 24m 03.001s
918,    1591,    1444592,    000h 00m 01.591s,    000h 24m 04.592s
919,    1714,    1446306,    000h 00m 01.714s,    000h 24m 06.306s
920,    1587,    1447893,    000h 00m 01.587s,    000h 24m 07.893s
921,    1485,    1449378,    000h 00m 01.485s,    000h 24m 09.378s
922,    1643,    1451021,    000h 00m 01.643s,    000h 24m 11.021s
923,    1518,    1452539,    000h 00m 01.518s,    000h 24m 12.539s
924,    1713,    1454252,    000h 00m 01.713s,    000h 24m 14.252s
925,    1492,    1455744,    000h 00m 01.492s,    000h 24m 15.744s
926,    1451,    1457195,    000h 00m 01.451s,    000h 24m 17.195s
927,    1660,    1458855,    000h 00m 01.660s,    000h 24m 18.855s
928,    1509,    1460364,    000h 00m 01.509s,    000h 24m 20.364s
929,    1577,    1461941,    000h 00m 01.577s,    000h 24m 21.941s
930,    1696,    1463637,    000h 00m 01.696s,    000h 24m 23.637s
931,    1408,    1465045,    000h 00m 01.408s,    000h 24m 25.045s
932,    1589,    1466634,    000h 00m 01.589s,    000h 24m 26.634s
933,    1746,    1468380,    000h 00m 01.746s,    000h 24m 28.380s
934,    1654,    1470034,    000h 00m 01.654s,    000h 24m 30.034s
935,    1401,    1471435,    000h 00m 01.401s,    000h 24m 31.435s
936,    1600,    1473035,    000h 00m 01.600s,    000h 24m 33.035s
937,    1492,    1474527,    000h 00m 01.492s,    000h 24m 34.527s
938,    1458,    1475985,    000h 00m 01.458s,    000h 24m 35.985s
939,    1674,    1477659,    000h 00m 01.674s,    000h 24m 37.659s
940,    1723,    1479382,    000h 00m 01.723s,    000h 24m 39.382s
941,    1544,    1480926,    000h 00m 01.544s,    000h 24m 40.926s
942,    1450,    1482376,    000h 00m 01.450s,    000h 24m 42.376s
943,    1648,    1484024,    000h 00m 01.648s,    000h 24m 44.024s
944,    1540,    1485564,    000h 00m 01.540s,    000h 24m 45.564s
945,    1595,    1487159,    000h 00m 01.595s,    000h 24m 47.159s
946,    1517,    1488676,    000h 00m 01.517s,    000h 24m 48.676s
947,    1413,    1490089,    000h 00m 01.413s,    000h 24m 50.089s
948,    1490,    1491579,    000h 00m 01.490s,    000h 24m 51.579s
949,    1526,    1493105,    000h 00m 01.526s,    000h 24m 53.105s
950,    1526,    1494631,    000h 00m 01.526s,    000h 24m 54.631s
951,    1437,    1496068,    000h 00m 01.437s,    000h 24m 56.068s
952,    1384,    1497452,    000h 00m 01.384s,    000h 24m 57.452s
953,    1613,    1499065,    000h 00m 01.613s,    000h 24m 59.065s
954,    1478,    1500543,    000h 00m 01.478s,    000h 25m 00.543s
955,    1571,    1502114,    000h 00m 01.571s,    000h 25m 02.114s
956,    1404,    1503518,    000h 00m 01.404s,    000h 25m 03.518s
957,    1620,    1505138,    000h 00m 01.620s,    000h 25m 05.138s
958,    1435,    1506573,    000h 00m 01.435s,    000h 25m 06.573s
959,    1461,    1508034,    000h 00m 01.461s,    000h 25m 08.034s
960,    1484,    1509518,    000h 00m 01.484s,    000h 25m 09.518s
961,    1490,    1511008,    000h 00m 01.490s,    000h 25m 11.008s
962,    1549,    1512557,    000h 00m 01.549s,    000h 25m 12.557s
963,    1504,    1514061,    000h 00m 01.504s,    000h 25m 14.061s
964,    1473,    1515534,    000h 00m 01.473s,    000h 25m 15.534s
965,    1497,    1517031,    000h 00m 01.497s,    000h 25m 17.031s
966,    1697,    1518728,    000h 00m 01.697s,    000h 25m 18.728s
967,    1717,    1520445,    000h 00m 01.717s,    000h 25m 20.445s
968,    1658,    1522103,    000h 00m 01.658s,    000h 25m 22.103s
969,    1693,    1523796,    000h 00m 01.693s,    000h 25m 23.796s
970,    1630,    1525426,    000h 00m 01.630s,    000h 25m 25.426s
971,    1475,    1526901,    000h 00m 01.475s,    000h 25m 26.901s
972,    1675,    1528576,    000h 00m 01.675s,    000h 25m 28.576s
973,    1430,    1530006,    000h 00m 01.430s,    000h 25m 30.006s
974,    1543,    1531549,    000h 00m 01.543s,    000h 25m 31.549s
975,    1565,    1533114,    000h 00m 01.565s,    000h 25m 33.114s
976,    1719,    1534833,    000h 00m 01.719s,    000h 25m 34.833s
977,    1609,    1536442,    000h 00m 01.609s,    000h 25m 36.442s
978,    1457,    1537899,    000h 00m 01.457s,    000h 25m 37.899s
979,    1441,    1539340,    000h 00m 01.441s,    000h 25m 39.340s
980,    1507,    1540847,    000h 00m 01.507s,    000h 25m 40.847s
981,    1660,    1542507,    000h 00m 01.660s,    000h 25m 42.507s
982,    1493,    1544000,    000h 00m 01.493s,    000h 25m 44.000s
983,    1695,    1545695,    000h 00m 01.695s,    000h 25m 45.695s
984,    1633,    1547328,    000h 00m 01.633s,    000h 25m 47.328s
985,    1685,    1549013,    000h 00m 01.685s,    000h 25m 49.013s
986,    1589,    1550602,    000h 00m 01.589s,    000h 25m 50.602s
987,    1429,    1552031,    000h 00m 01.429s,    000h 25m 52.031s
988,    1406,    1553437,    000h 00m 01.406s,    000h 25m 53.437s
989,    1385,    1554822,    000h 00m 01.385s,    000h 25m 54.822s
990,    1670,    1556492,    000h 00m 01.670s,    000h 25m 56.492s
991,    1455,    1557947,    000h 00m 01.455s,    000h 25m 57.947s
992,    1640,    1559587,    000h 00m 01.640s,    000h 25m 59.587s
993,    1565,    1561152,    000h 00m 01.565s,    000h 26m 01.152s
994,    1535,    1562687,    000h 00m 01.535s,    000h 26m 02.687s
995,    1459,    1564146,    000h 00m 01.459s,    000h 26m 04.146s
996,    1584,    1565730,    000h 00m 01.584s,    000h 26m 05.730s
997,    1618,    1567348,    000h 00m 01.618s,    000h 26m 07.348s
998,    1733,    1569081,    000h 00m 01.733s,    000h 26m 09.081s
999,    1651,    1570732,    000h 00m 01.651s,    000h 26m 10.732s
1000,    1755,    1572487,    000h 00m 01.755s,    000h 26m 12.487s
1001,    1596,    1574083,    000h 00m 01.596s,    000h 26m 14.083s
1002,    1451,    1575534,    000h 00m 01.451s,    000h 26m 15.534s
1003,    1586,    1577120,    000h 00m 01.586s,    000h 26m 17.120s
1004,    1677,    1578797,    000h 00m 01.677s,    000h 26m 18.797s
1005,    1620,    1580417,    000h 00m 01.620s,    000h 26m 20.417s
1006,    1485,    1581902,    000h 00m 01.485s,    000h 26m 21.902s
1007,    1519,    1583421,    000h 00m 01.519s,    000h 26m 23.421s
1008,    1721,    1585142,    000h 00m 01.721s,    000h 26m 25.142s
1009,    1682,    1586824,    000h 00m 01.682s,    000h 26m 26.824s
1010,    1699,    1588523,    000h 00m 01.699s,    000h 26m 28.523s
1011,    1718,    1590241,    000h 00m 01.718s,    000h 26m 30.241s
1012,    1647,    1591888,    000h 00m 01.647s,    000h 26m 31.888s
1013,    1698,    1593586,    000h 00m 01.698s,    000h 26m 33.586s
1014,    1633,    1595219,    000h 00m 01.633s,    000h 26m 35.219s
1015,    1482,    1596701,    000h 00m 01.482s,    000h 26m 36.701s
1016,    1599,    1598300,    000h 00m 01.599s,    000h 26m 38.300s
1017,    1576,    1599876,    000h 00m 01.576s,    000h 26m 39.876s
1018,    1518,    1601394,    000h 00m 01.518s,    000h 26m 41.394s
1019,    1507,    1602901,    000h 00m 01.507s,    000h 26m 42.901s
1020,    1673,    1604574,    000h 00m 01.673s,    000h 26m 44.574s
1021,    1476,    1606050,    000h 00m 01.476s,    000h 26m 46.050s
1022,    1674,    1607724,    000h 00m 01.674s,    000h 26m 47.724s
1023,    1493,    1609217,    000h 00m 01.493s,    000h 26m 49.217s
1024,    1710,    1610927,    000h 00m 01.710s,    000h 26m 50.927s
1025,    1449,    1612376,    000h 00m 01.449s,    000h 26m 52.376s
