pass,    time (ms),    total time (ms),    time,     total_time
1,    4119,    4119,    000h 00m 04.119s,    000h 00m 04.119s
2,    4148,    8267,    000h 00m 04.148s,    000h 00m 08.267s
3,    4291,    12558,    000h 00m 04.291s,    000h 00m 12.558s
4,    4161,    16719,    000h 00m 04.161s,    000h 00m 16.719s
5,    4150,    20869,    000h 00m 04.150s,    000h 00m 20.869s
6,    4184,    25053,    000h 00m 04.184s,    000h 00m 25.053s
7,    4102,    29155,    000h 00m 04.102s,    000h 00m 29.155s
8,    4102,    33257,    000h 00m 04.102s,    000h 00m 33.257s
9,    4080,    37337,    000h 00m 04.080s,    000h 00m 37.337s
10,    4165,    41502,    000h 00m 04.165s,    000h 00m 41.502s
11,    4159,    45661,    000h 00m 04.159s,    000h 00m 45.661s
12,    4110,    49771,    000h 00m 04.110s,    000h 00m 49.771s
13,    4203,    53974,    000h 00m 04.203s,    000h 00m 53.974s
14,    4192,    58166,    000h 00m 04.192s,    000h 00m 58.166s
15,    4133,    62299,    000h 00m 04.133s,    000h 01m 02.299s
16,    4165,    66464,    000h 00m 04.165s,    000h 01m 06.464s
17,    4202,    70666,    000h 00m 04.202s,    000h 01m 10.666s
18,    4134,    74800,    000h 00m 04.134s,    000h 01m 14.800s
19,    13622,    88422,    000h 00m 13.622s,    000h 01m 28.422s
20,    4153,    92575,    000h 00m 04.153s,    000h 01m 32.575s
21,    4141,    96716,    000h 00m 04.141s,    000h 01m 36.716s
22,    4056,    100772,    000h 00m 04.056s,    000h 01m 40.772s
23,    4284,    105056,    000h 00m 04.284s,    000h 01m 45.056s
24,    4118,    109174,    000h 00m 04.118s,    000h 01m 49.174s
25,    4142,    113316,    000h 00m 04.142s,    000h 01m 53.316s
26,    4163,    117479,    000h 00m 04.163s,    000h 01m 57.479s
27,    4154,    121633,    000h 00m 04.154s,    000h 02m 01.633s
28,    4106,    125739,    000h 00m 04.106s,    000h 02m 05.739s
29,    4094,    129833,    000h 00m 04.094s,    000h 02m 09.833s
30,    4107,    133940,    000h 00m 04.107s,    000h 02m 13.940s
31,    4103,    138043,    000h 00m 04.103s,    000h 02m 18.043s
32,    4109,    142152,    000h 00m 04.109s,    000h 02m 22.152s
33,    4223,    146375,    000h 00m 04.223s,    000h 02m 26.375s
34,    4106,    150481,    000h 00m 04.106s,    000h 02m 30.481s
35,    4096,    154577,    000h 00m 04.096s,    000h 02m 34.577s
36,    4116,    158693,    000h 00m 04.116s,    000h 02m 38.693s
37,    4223,    162916,    000h 00m 04.223s,    000h 02m 42.916s
38,    4073,    166989,    000h 00m 04.073s,    000h 02m 46.989s
39,    4106,    171095,    000h 00m 04.106s,    000h 02m 51.095s
40,    4041,    175136,    000h 00m 04.041s,    000h 02m 55.136s
41,    4050,    179186,    000h 00m 04.050s,    000h 02m 59.186s
42,    4082,    183268,    000h 00m 04.082s,    000h 03m 03.268s
43,    4089,    187357,    000h 00m 04.089s,    000h 03m 07.357s
44,    4130,    191487,    000h 00m 04.130s,    000h 03m 11.487s
45,    4176,    195663,    000h 00m 04.176s,    000h 03m 15.663s
46,    14669,    210332,    000h 00m 14.669s,    000h 03m 30.332s
47,    4213,    214545,    000h 00m 04.213s,    000h 03m 34.545s
48,    4077,    218622,    000h 00m 04.077s,    000h 03m 38.622s
49,    4107,    222729,    000h 00m 04.107s,    000h 03m 42.729s
50,    4113,    226842,    000h 00m 04.113s,    000h 03m 46.842s
51,    4121,    230963,    000h 00m 04.121s,    000h 03m 50.963s
52,    4097,    235060,    000h 00m 04.097s,    000h 03m 55.060s
53,    4260,    239320,    000h 00m 04.260s,    000h 03m 59.320s
54,    4134,    243454,    000h 00m 04.134s,    000h 04m 03.454s
55,    4102,    247556,    000h 00m 04.102s,    000h 04m 07.556s
56,    4160,    251716,    000h 00m 04.160s,    000h 04m 11.716s
57,    4220,    255936,    000h 00m 04.220s,    000h 04m 15.936s
58,    28879,    284815,    000h 00m 28.879s,    000h 04m 44.815s
59,    26425,    311240,    000h 00m 26.425s,    000h 05m 11.240s
60,    4038,    315278,    000h 00m 04.038s,    000h 05m 15.278s
61,    4041,    319319,    000h 00m 04.041s,    000h 05m 19.319s
62,    4047,    323366,    000h 00m 04.047s,    000h 05m 23.366s
63,    4035,    327401,    000h 00m 04.035s,    000h 05m 27.401s
64,    4411,    331812,    000h 00m 04.411s,    000h 05m 31.812s
65,    4312,    336124,    000h 00m 04.312s,    000h 05m 36.124s
66,    4108,    340232,    000h 00m 04.108s,    000h 05m 40.232s
67,    4113,    344345,    000h 00m 04.113s,    000h 05m 44.345s
68,    4065,    348410,    000h 00m 04.065s,    000h 05m 48.410s
69,    4066,    352476,    000h 00m 04.066s,    000h 05m 52.476s
70,    4045,    356521,    000h 00m 04.045s,    000h 05m 56.521s
71,    4062,    360583,    000h 00m 04.062s,    000h 06m 00.583s
72,    4390,    364973,    000h 00m 04.390s,    000h 06m 04.973s
73,    4288,    369261,    000h 00m 04.288s,    000h 06m 09.261s
74,    4126,    373387,    000h 00m 04.126s,    000h 06m 13.387s
75,    4074,    377461,    000h 00m 04.074s,    000h 06m 17.461s
76,    4053,    381514,    000h 00m 04.053s,    000h 06m 21.514s
77,    4110,    385624,    000h 00m 04.110s,    000h 06m 25.624s
78,    4181,    389805,    000h 00m 04.181s,    000h 06m 29.805s
79,    4110,    393915,    000h 00m 04.110s,    000h 06m 33.915s
80,    4054,    397969,    000h 00m 04.054s,    000h 06m 37.969s
81,    4063,    402032,    000h 00m 04.063s,    000h 06m 42.032s
82,    4104,    406136,    000h 00m 04.104s,    000h 06m 46.136s
83,    4120,    410256,    000h 00m 04.120s,    000h 06m 50.256s
84,    4037,    414293,    000h 00m 04.037s,    000h 06m 54.293s
85,    4043,    418336,    000h 00m 04.043s,    000h 06m 58.336s
86,    4064,    422400,    000h 00m 04.064s,    000h 07m 02.400s
87,    4625,    427025,    000h 00m 04.625s,    000h 07m 07.025s
88,    4134,    431159,    000h 00m 04.134s,    000h 07m 11.159s
89,    4162,    435321,    000h 00m 04.162s,    000h 07m 15.321s
90,    4277,    439598,    000h 00m 04.277s,    000h 07m 19.598s
91,    4083,    443681,    000h 00m 04.083s,    000h 07m 23.681s
92,    4068,    447749,    000h 00m 04.068s,    000h 07m 27.749s
93,    4044,    451793,    000h 00m 04.044s,    000h 07m 31.793s
94,    4094,    455887,    000h 00m 04.094s,    000h 07m 35.887s
95,    4143,    460030,    000h 00m 04.143s,    000h 07m 40.030s
96,    4031,    464061,    000h 00m 04.031s,    000h 07m 44.061s
97,    4037,    468098,    000h 00m 04.037s,    000h 07m 48.098s
98,    4043,    472141,    000h 00m 04.043s,    000h 07m 52.141s
99,    4044,    476185,    000h 00m 04.044s,    000h 07m 56.185s
100,    4041,    480226,    000h 00m 04.041s,    000h 08m 00.226s
101,    4036,    484262,    000h 00m 04.036s,    000h 08m 04.262s
102,    4044,    488306,    000h 00m 04.044s,    000h 08m 08.306s
103,    4034,    492340,    000h 00m 04.034s,    000h 08m 12.340s
104,    4077,    496417,    000h 00m 04.077s,    000h 08m 16.417s
105,    4041,    500458,    000h 00m 04.041s,    000h 08m 20.458s
106,    4051,    504509,    000h 00m 04.051s,    000h 08m 24.509s
107,    4033,    508542,    000h 00m 04.033s,    000h 08m 28.542s
108,    4051,    512593,    000h 00m 04.051s,    000h 08m 32.593s
109,    4036,    516629,    000h 00m 04.036s,    000h 08m 36.629s
110,    4035,    520664,    000h 00m 04.035s,    000h 08m 40.664s
111,    4043,    524707,    000h 00m 04.043s,    000h 08m 44.707s
112,    4034,    528741,    000h 00m 04.034s,    000h 08m 48.741s
113,    4040,    532781,    000h 00m 04.040s,    000h 08m 52.781s
114,    4037,    536818,    000h 00m 04.037s,    000h 08m 56.818s
115,    4053,    540871,    000h 00m 04.053s,    000h 09m 00.871s
116,    4033,    544904,    000h 00m 04.033s,    000h 09m 04.904s
117,    4046,    548950,    000h 00m 04.046s,    000h 09m 08.950s
118,    4034,    552984,    000h 00m 04.034s,    000h 09m 12.984s
119,    4042,    557026,    000h 00m 04.042s,    000h 09m 17.026s
120,    4051,    561077,    000h 00m 04.051s,    000h 09m 21.077s
121,    4039,    565116,    000h 00m 04.039s,    000h 09m 25.116s
122,    4024,    569140,    000h 00m 04.024s,    000h 09m 29.140s
123,    4033,    573173,    000h 00m 04.033s,    000h 09m 33.173s
124,    4037,    577210,    000h 00m 04.037s,    000h 09m 37.210s
125,    4035,    581245,    000h 00m 04.035s,    000h 09m 41.245s
126,    4037,    585282,    000h 00m 04.037s,    000h 09m 45.282s
127,    4039,    589321,    000h 00m 04.039s,    000h 09m 49.321s
128,    4039,    593360,    000h 00m 04.039s,    000h 09m 53.360s
129,    4054,    597414,    000h 00m 04.054s,    000h 09m 57.414s
130,    4050,    601464,    000h 00m 04.050s,    000h 10m 01.464s
131,    4037,    605501,    000h 00m 04.037s,    000h 10m 05.501s
132,    4065,    609566,    000h 00m 04.065s,    000h 10m 09.566s
133,    4031,    613597,    000h 00m 04.031s,    000h 10m 13.597s
134,    4046,    617643,    000h 00m 04.046s,    000h 10m 17.643s
135,    4042,    621685,    000h 00m 04.042s,    000h 10m 21.685s
136,    4042,    625727,    000h 00m 04.042s,    000h 10m 25.727s
137,    4043,    629770,    000h 00m 04.043s,    000h 10m 29.770s
138,    4043,    633813,    000h 00m 04.043s,    000h 10m 33.813s
139,    4047,    637860,    000h 00m 04.047s,    000h 10m 37.860s
140,    4130,    641990,    000h 00m 04.130s,    000h 10m 41.990s
141,    4043,    646033,    000h 00m 04.043s,    000h 10m 46.033s
142,    4040,    650073,    000h 00m 04.040s,    000h 10m 50.073s
143,    4042,    654115,    000h 00m 04.042s,    000h 10m 54.115s
144,    4034,    658149,    000h 00m 04.034s,    000h 10m 58.149s
145,    4052,    662201,    000h 00m 04.052s,    000h 11m 02.201s
146,    4046,    666247,    000h 00m 04.046s,    000h 11m 06.247s
147,    4039,    670286,    000h 00m 04.039s,    000h 11m 10.286s
148,    4041,    674327,    000h 00m 04.041s,    000h 11m 14.327s
149,    4039,    678366,    000h 00m 04.039s,    000h 11m 18.366s
150,    4049,    682415,    000h 00m 04.049s,    000h 11m 22.415s
151,    4037,    686452,    000h 00m 04.037s,    000h 11m 26.452s
152,    4043,    690495,    000h 00m 04.043s,    000h 11m 30.495s
153,    4037,    694532,    000h 00m 04.037s,    000h 11m 34.532s
154,    4031,    698563,    000h 00m 04.031s,    000h 11m 38.563s
155,    4034,    702597,    000h 00m 04.034s,    000h 11m 42.597s
156,    4040,    706637,    000h 00m 04.040s,    000h 11m 46.637s
157,    4041,    710678,    000h 00m 04.041s,    000h 11m 50.678s
158,    4040,    714718,    000h 00m 04.040s,    000h 11m 54.718s
159,    4058,    718776,    000h 00m 04.058s,    000h 11m 58.776s
160,    4051,    722827,    000h 00m 04.051s,    000h 12m 02.827s
161,    4044,    726871,    000h 00m 04.044s,    000h 12m 06.871s
162,    4039,    730910,    000h 00m 04.039s,    000h 12m 10.910s
163,    4037,    734947,    000h 00m 04.037s,    000h 12m 14.947s
164,    4045,    738992,    000h 00m 04.045s,    000h 12m 18.992s
165,    4035,    743027,    000h 00m 04.035s,    000h 12m 23.027s
166,    4034,    747061,    000h 00m 04.034s,    000h 12m 27.061s
167,    4037,    751098,    000h 00m 04.037s,    000h 12m 31.098s
168,    4056,    755154,    000h 00m 04.056s,    000h 12m 35.154s
169,    4045,    759199,    000h 00m 04.045s,    000h 12m 39.199s
170,    4042,    763241,    000h 00m 04.042s,    000h 12m 43.241s
171,    4045,    767286,    000h 00m 04.045s,    000h 12m 47.286s
172,    4034,    771320,    000h 00m 04.034s,    000h 12m 51.320s
173,    4035,    775355,    000h 00m 04.035s,    000h 12m 55.355s
174,    4034,    779389,    000h 00m 04.034s,    000h 12m 59.389s
175,    4053,    783442,    000h 00m 04.053s,    000h 13m 03.442s
176,    4026,    787468,    000h 00m 04.026s,    000h 13m 07.468s
177,    4040,    791508,    000h 00m 04.040s,    000h 13m 11.508s
178,    4030,    795538,    000h 00m 04.030s,    000h 13m 15.538s
179,    4046,    799584,    000h 00m 04.046s,    000h 13m 19.584s
180,    4046,    803630,    000h 00m 04.046s,    000h 13m 23.630s
181,    4046,    807676,    000h 00m 04.046s,    000h 13m 27.676s
182,    4036,    811712,    000h 00m 04.036s,    000h 13m 31.712s
183,    4026,    815738,    000h 00m 04.026s,    000h 13m 35.738s
184,    4041,    819779,    000h 00m 04.041s,    000h 13m 39.779s
185,    4038,    823817,    000h 00m 04.038s,    000h 13m 43.817s
186,    4045,    827862,    000h 00m 04.045s,    000h 13m 47.862s
187,    4040,    831902,    000h 00m 04.040s,    000h 13m 51.902s
188,    4034,    835936,    000h 00m 04.034s,    000h 13m 55.936s
189,    4025,    839961,    000h 00m 04.025s,    000h 13m 59.961s
190,    4052,    844013,    000h 00m 04.052s,    000h 14m 04.013s
191,    4057,    848070,    000h 00m 04.057s,    000h 14m 08.070s
192,    4045,    852115,    000h 00m 04.045s,    000h 14m 12.115s
193,    4039,    856154,    000h 00m 04.039s,    000h 14m 16.154s
194,    4026,    860180,    000h 00m 04.026s,    000h 14m 20.180s
195,    4035,    864215,    000h 00m 04.035s,    000h 14m 24.215s
196,    4040,    868255,    000h 00m 04.040s,    000h 14m 28.255s
197,    4038,    872293,    000h 00m 04.038s,    000h 14m 32.293s
198,    4036,    876329,    000h 00m 04.036s,    000h 14m 36.329s
199,    4023,    880352,    000h 00m 04.023s,    000h 14m 40.352s
200,    4035,    884387,    000h 00m 04.035s,    000h 14m 44.387s
201,    4045,    888432,    000h 00m 04.045s,    000h 14m 48.432s
202,    4046,    892478,    000h 00m 04.046s,    000h 14m 52.478s
203,    4032,    896510,    000h 00m 04.032s,    000h 14m 56.510s
204,    4045,    900555,    000h 00m 04.045s,    000h 15m 00.555s
205,    4039,    904594,    000h 00m 04.039s,    000h 15m 04.594s
206,    4040,    908634,    000h 00m 04.040s,    000h 15m 08.634s
207,    4035,    912669,    000h 00m 04.035s,    000h 15m 12.669s
208,    4036,    916705,    000h 00m 04.036s,    000h 15m 16.705s
209,    4062,    920767,    000h 00m 04.062s,    000h 15m 20.767s
210,    4049,    924816,    000h 00m 04.049s,    000h 15m 24.816s
211,    4047,    928863,    000h 00m 04.047s,    000h 15m 28.863s
212,    4037,    932900,    000h 00m 04.037s,    000h 15m 32.900s
213,    4028,    936928,    000h 00m 04.028s,    000h 15m 36.928s
214,    4039,    940967,    000h 00m 04.039s,    000h 15m 40.967s
215,    4036,    945003,    000h 00m 04.036s,    000h 15m 45.003s
216,    4027,    949030,    000h 00m 04.027s,    000h 15m 49.030s
217,    4032,    953062,    000h 00m 04.032s,    000h 15m 53.062s
218,    4035,    957097,    000h 00m 04.035s,    000h 15m 57.097s
219,    4043,    961140,    000h 00m 04.043s,    000h 16m 01.140s
220,    4028,    965168,    000h 00m 04.028s,    000h 16m 05.168s
221,    4026,    969194,    000h 00m 04.026s,    000h 16m 09.194s
222,    4044,    973238,    000h 00m 04.044s,    000h 16m 13.238s
223,    4042,    977280,    000h 00m 04.042s,    000h 16m 17.280s
224,    4042,    981322,    000h 00m 04.042s,    000h 16m 21.322s
225,    4027,    985349,    000h 00m 04.027s,    000h 16m 25.349s
226,    4034,    989383,    000h 00m 04.034s,    000h 16m 29.383s
227,    4038,    993421,    000h 00m 04.038s,    000h 16m 33.421s
228,    4033,    997454,    000h 00m 04.033s,    000h 16m 37.454s
229,    4035,    1001489,    000h 00m 04.035s,    000h 16m 41.489s
230,    4028,    1005517,    000h 00m 04.028s,    000h 16m 45.517s
231,    4037,    1009554,    000h 00m 04.037s,    000h 16m 49.554s
232,    4041,    1013595,    000h 00m 04.041s,    000h 16m 53.595s
233,    4062,    1017657,    000h 00m 04.062s,    000h 16m 57.657s
234,    4054,    1021711,    000h 00m 04.054s,    000h 17m 01.711s
235,    4031,    1025742,    000h 00m 04.031s,    000h 17m 05.742s
236,    4034,    1029776,    000h 00m 04.034s,    000h 17m 09.776s
237,    4043,    1033819,    000h 00m 04.043s,    000h 17m 13.819s
238,    4031,    1037850,    000h 00m 04.031s,    000h 17m 17.850s
239,    4038,    1041888,    000h 00m 04.038s,    000h 17m 21.888s
240,    4031,    1045919,    000h 00m 04.031s,    000h 17m 25.919s
241,    4035,    1049954,    000h 00m 04.035s,    000h 17m 29.954s
242,    4031,    1053985,    000h 00m 04.031s,    000h 17m 33.985s
243,    4033,    1058018,    000h 00m 04.033s,    000h 17m 38.018s
244,    4034,    1062052,    000h 00m 04.034s,    000h 17m 42.052s
245,    4051,    1066103,    000h 00m 04.051s,    000h 17m 46.103s
246,    4032,    1070135,    000h 00m 04.032s,    000h 17m 50.135s
247,    4040,    1074175,    000h 00m 04.040s,    000h 17m 54.175s
248,    4042,    1078217,    000h 00m 04.042s,    000h 17m 58.217s
249,    4055,    1082272,    000h 00m 04.055s,    000h 18m 02.272s
250,    4031,    1086303,    000h 00m 04.031s,    000h 18m 06.303s
251,    4037,    1090340,    000h 00m 04.037s,    000h 18m 10.340s
252,    4038,    1094378,    000h 00m 04.038s,    000h 18m 14.378s
253,    4036,    1098414,    000h 00m 04.036s,    000h 18m 18.414s
254,    4042,    1102456,    000h 00m 04.042s,    000h 18m 22.456s
255,    4030,    1106486,    000h 00m 04.030s,    000h 18m 26.486s
256,    4035,    1110521,    000h 00m 04.035s,    000h 18m 30.521s
257,    4043,    1114564,    000h 00m 04.043s,    000h 18m 34.564s
258,    4035,    1118599,    000h 00m 04.035s,    000h 18m 38.599s
259,    4045,    1122644,    000h 00m 04.045s,    000h 18m 42.644s
260,    4044,    1126688,    000h 00m 04.044s,    000h 18m 46.688s
261,    4033,    1130721,    000h 00m 04.033s,    000h 18m 50.721s
262,    4102,    1134823,    000h 00m 04.102s,    000h 18m 54.823s
263,    4093,    1138916,    000h 00m 04.093s,    000h 18m 58.916s
264,    4059,    1142975,    000h 00m 04.059s,    000h 19m 02.975s
265,    4027,    1147002,    000h 00m 04.027s,    000h 19m 07.002s
266,    4036,    1151038,    000h 00m 04.036s,    000h 19m 11.038s
267,    4041,    1155079,    000h 00m 04.041s,    000h 19m 15.079s
268,    4030,    1159109,    000h 00m 04.030s,    000h 19m 19.109s
269,    4036,    1163145,    000h 00m 04.036s,    000h 19m 23.145s
270,    4031,    1167176,    000h 00m 04.031s,    000h 19m 27.176s
271,    4061,    1171237,    000h 00m 04.061s,    000h 19m 31.237s
272,    4035,    1175272,    000h 00m 04.035s,    000h 19m 35.272s
273,    4043,    1179315,    000h 00m 04.043s,    000h 19m 39.315s
274,    4045,    1183360,    000h 00m 04.045s,    000h 19m 43.360s
275,    4029,    1187389,    000h 00m 04.029s,    000h 19m 47.389s
276,    4050,    1191439,    000h 00m 04.050s,    000h 19m 51.439s
277,    4029,    1195468,    000h 00m 04.029s,    000h 19m 55.468s
278,    4030,    1199498,    000h 00m 04.030s,    000h 19m 59.498s
279,    4049,    1203547,    000h 00m 04.049s,    000h 20m 03.547s
280,    4036,    1207583,    000h 00m 04.036s,    000h 20m 07.583s
281,    4040,    1211623,    000h 00m 04.040s,    000h 20m 11.623s
282,    4040,    1215663,    000h 00m 04.040s,    000h 20m 15.663s
283,    4030,    1219693,    000h 00m 04.030s,    000h 20m 19.693s
284,    4057,    1223750,    000h 00m 04.057s,    000h 20m 23.750s
285,    4045,    1227795,    000h 00m 04.045s,    000h 20m 27.795s
286,    4041,    1231836,    000h 00m 04.041s,    000h 20m 31.836s
287,    4044,    1235880,    000h 00m 04.044s,    000h 20m 35.880s
288,    4059,    1239939,    000h 00m 04.059s,    000h 20m 39.939s
289,    4046,    1243985,    000h 00m 04.046s,    000h 20m 43.985s
290,    4052,    1248037,    000h 00m 04.052s,    000h 20m 48.037s
291,    4036,    1252073,    000h 00m 04.036s,    000h 20m 52.073s
292,    4037,    1256110,    000h 00m 04.037s,    000h 20m 56.110s
293,    4056,    1260166,    000h 00m 04.056s,    000h 21m 00.166s
294,    4025,    1264191,    000h 00m 04.025s,    000h 21m 04.191s
295,    4040,    1268231,    000h 00m 04.040s,    000h 21m 08.231s
296,    4041,    1272272,    000h 00m 04.041s,    000h 21m 12.272s
297,    4041,    1276313,    000h 00m 04.041s,    000h 21m 16.313s
298,    4025,    1280338,    000h 00m 04.025s,    000h 21m 20.338s
299,    4022,    1284360,    000h 00m 04.022s,    000h 21m 24.360s
300,    4057,    1288417,    000h 00m 04.057s,    000h 21m 28.417s
301,    4043,    1292460,    000h 00m 04.043s,    000h 21m 32.460s
302,    4038,    1296498,    000h 00m 04.038s,    000h 21m 36.498s
303,    4043,    1300541,    000h 00m 04.043s,    000h 21m 40.541s
304,    4043,    1304584,    000h 00m 04.043s,    000h 21m 44.584s
305,    4035,    1308619,    000h 00m 04.035s,    000h 21m 48.619s
306,    4036,    1312655,    000h 00m 04.036s,    000h 21m 52.655s
307,    4030,    1316685,    000h 00m 04.030s,    000h 21m 56.685s
308,    4058,    1320743,    000h 00m 04.058s,    000h 22m 00.743s
309,    4043,    1324786,    000h 00m 04.043s,    000h 22m 04.786s
310,    4029,    1328815,    000h 00m 04.029s,    000h 22m 08.815s
311,    4025,    1332840,    000h 00m 04.025s,    000h 22m 12.840s
312,    4029,    1336869,    000h 00m 04.029s,    000h 22m 16.869s
313,    4033,    1340902,    000h 00m 04.033s,    000h 22m 20.902s
314,    4036,    1344938,    000h 00m 04.036s,    000h 22m 24.938s
315,    4049,    1348987,    000h 00m 04.049s,    000h 22m 28.987s
316,    4040,    1353027,    000h 00m 04.040s,    000h 22m 33.027s
317,    4033,    1357060,    000h 00m 04.033s,    000h 22m 37.060s
318,    4034,    1361094,    000h 00m 04.034s,    000h 22m 41.094s
319,    4042,    1365136,    000h 00m 04.042s,    000h 22m 45.136s
320,    4037,    1369173,    000h 00m 04.037s,    000h 22m 49.173s
321,    4043,    1373216,    000h 00m 04.043s,    000h 22m 53.216s
322,    4034,    1377250,    000h 00m 04.034s,    000h 22m 57.250s
323,    4053,    1381303,    000h 00m 04.053s,    000h 23m 01.303s
324,    4045,    1385348,    000h 00m 04.045s,    000h 23m 05.348s
325,    4032,    1389380,    000h 00m 04.032s,    000h 23m 09.380s
326,    4041,    1393421,    000h 00m 04.041s,    000h 23m 13.421s
327,    4028,    1397449,    000h 00m 04.028s,    000h 23m 17.449s
328,    4046,    1401495,    000h 00m 04.046s,    000h 23m 21.495s
329,    4036,    1405531,    000h 00m 04.036s,    000h 23m 25.531s
330,    4031,    1409562,    000h 00m 04.031s,    000h 23m 29.562s
331,    4035,    1413597,    000h 00m 04.035s,    000h 23m 33.597s
332,    4038,    1417635,    000h 00m 04.038s,    000h 23m 37.635s
333,    4025,    1421660,    000h 00m 04.025s,    000h 23m 41.660s
334,    4042,    1425702,    000h 00m 04.042s,    000h 23m 45.702s
335,    4039,    1429741,    000h 00m 04.039s,    000h 23m 49.741s
336,    4029,    1433770,    000h 00m 04.029s,    000h 23m 53.770s
337,    4040,    1437810,    000h 00m 04.040s,    000h 23m 57.810s
338,    4054,    1441864,    000h 00m 04.054s,    000h 24m 01.864s
339,    4028,    1445892,    000h 00m 04.028s,    000h 24m 05.892s
340,    4029,    1449921,    000h 00m 04.029s,    000h 24m 09.921s
341,    4042,    1453963,    000h 00m 04.042s,    000h 24m 13.963s
342,    4044,    1458007,    000h 00m 04.044s,    000h 24m 18.007s
343,    4048,    1462055,    000h 00m 04.048s,    000h 24m 22.055s
344,    4039,    1466094,    000h 00m 04.039s,    000h 24m 26.094s
345,    4026,    1470120,    000h 00m 04.026s,    000h 24m 30.120s
346,    4036,    1474156,    000h 00m 04.036s,    000h 24m 34.156s
347,    4041,    1478197,    000h 00m 04.041s,    000h 24m 38.197s
348,    4040,    1482237,    000h 00m 04.040s,    000h 24m 42.237s
349,    4039,    1486276,    000h 00m 04.039s,    000h 24m 46.276s
350,    4034,    1490310,    000h 00m 04.034s,    000h 24m 50.310s
351,    4029,    1494339,    000h 00m 04.029s,    000h 24m 54.339s
352,    4037,    1498376,    000h 00m 04.037s,    000h 24m 58.376s
353,    4050,    1502426,    000h 00m 04.050s,    000h 25m 02.426s
354,    4037,    1506463,    000h 00m 04.037s,    000h 25m 06.463s
355,    4036,    1510499,    000h 00m 04.036s,    000h 25m 10.499s
356,    4040,    1514539,    000h 00m 04.040s,    000h 25m 14.539s
357,    4043,    1518582,    000h 00m 04.043s,    000h 25m 18.582s
358,    4046,    1522628,    000h 00m 04.046s,    000h 25m 22.628s
359,    4036,    1526664,    000h 00m 04.036s,    000h 25m 26.664s
360,    4032,    1530696,    000h 00m 04.032s,    000h 25m 30.696s
361,    4033,    1534729,    000h 00m 04.033s,    000h 25m 34.729s
362,    4037,    1538766,    000h 00m 04.037s,    000h 25m 38.766s
363,    4038,    1542804,    000h 00m 04.038s,    000h 25m 42.804s
364,    4048,    1546852,    000h 00m 04.048s,    000h 25m 46.852s
365,    4052,    1550904,    000h 00m 04.052s,    000h 25m 50.904s
366,    4044,    1554948,    000h 00m 04.044s,    000h 25m 54.948s
367,    4048,    1558996,    000h 00m 04.048s,    000h 25m 58.996s
368,    4078,    1563074,    000h 00m 04.078s,    000h 26m 03.074s
369,    4040,    1567114,    000h 00m 04.040s,    000h 26m 07.114s
370,    4039,    1571153,    000h 00m 04.039s,    000h 26m 11.153s
371,    4034,    1575187,    000h 00m 04.034s,    000h 26m 15.187s
372,    4037,    1579224,    000h 00m 04.037s,    000h 26m 19.224s
373,    4043,    1583267,    000h 00m 04.043s,    000h 26m 23.267s
374,    4040,    1587307,    000h 00m 04.040s,    000h 26m 27.307s
375,    4030,    1591337,    000h 00m 04.030s,    000h 26m 31.337s
376,    4042,    1595379,    000h 00m 04.042s,    000h 26m 35.379s
377,    4032,    1599411,    000h 00m 04.032s,    000h 26m 39.411s
378,    4041,    1603452,    000h 00m 04.041s,    000h 26m 43.452s
379,    4033,    1607485,    000h 00m 04.033s,    000h 26m 47.485s
380,    4057,    1611542,    000h 00m 04.057s,    000h 26m 51.542s
381,    4044,    1615586,    000h 00m 04.044s,    000h 26m 55.586s
382,    4039,    1619625,    000h 00m 04.039s,    000h 26m 59.625s
383,    4052,    1623677,    000h 00m 04.052s,    000h 27m 03.677s
384,    4046,    1627723,    000h 00m 04.046s,    000h 27m 07.723s
385,    4036,    1631759,    000h 00m 04.036s,    000h 27m 11.759s
386,    4034,    1635793,    000h 00m 04.034s,    000h 27m 15.793s
387,    4041,    1639834,    000h 00m 04.041s,    000h 27m 19.834s
388,    4040,    1643874,    000h 00m 04.040s,    000h 27m 23.874s
389,    4052,    1647926,    000h 00m 04.052s,    000h 27m 27.926s
390,    4044,    1651970,    000h 00m 04.044s,    000h 27m 31.970s
391,    4040,    1656010,    000h 00m 04.040s,    000h 27m 36.010s
392,    4046,    1660056,    000h 00m 04.046s,    000h 27m 40.056s
393,    4039,    1664095,    000h 00m 04.039s,    000h 27m 44.095s
394,    4034,    1668129,    000h 00m 04.034s,    000h 27m 48.129s
395,    4056,    1672185,    000h 00m 04.056s,    000h 27m 52.185s
396,    4108,    1676293,    000h 00m 04.108s,    000h 27m 56.293s
397,    4042,    1680335,    000h 00m 04.042s,    000h 28m 00.335s
398,    4053,    1684388,    000h 00m 04.053s,    000h 28m 04.388s
399,    4048,    1688436,    000h 00m 04.048s,    000h 28m 08.436s
400,    4038,    1692474,    000h 00m 04.038s,    000h 28m 12.474s
401,    4044,    1696518,    000h 00m 04.044s,    000h 28m 16.518s
402,    4051,    1700569,    000h 00m 04.051s,    000h 28m 20.569s
403,    4035,    1704604,    000h 00m 04.035s,    000h 28m 24.604s
404,    4030,    1708634,    000h 00m 04.030s,    000h 28m 28.634s
405,    4035,    1712669,    000h 00m 04.035s,    000h 28m 32.669s
406,    4035,    1716704,    000h 00m 04.035s,    000h 28m 36.704s
407,    4046,    1720750,    000h 00m 04.046s,    000h 28m 40.750s
408,    4026,    1724776,    000h 00m 04.026s,    000h 28m 44.776s
409,    4043,    1728819,    000h 00m 04.043s,    000h 28m 48.819s
410,    4047,    1732866,    000h 00m 04.047s,    000h 28m 52.866s
411,    4037,    1736903,    000h 00m 04.037s,    000h 28m 56.903s
412,    4057,    1740960,    000h 00m 04.057s,    000h 29m 00.960s
413,    4040,    1745000,    000h 00m 04.040s,    000h 29m 05.000s
414,    4036,    1749036,    000h 00m 04.036s,    000h 29m 09.036s
415,    4053,    1753089,    000h 00m 04.053s,    000h 29m 13.089s
416,    4030,    1757119,    000h 00m 04.030s,    000h 29m 17.119s
417,    4038,    1761157,    000h 00m 04.038s,    000h 29m 21.157s
418,    4036,    1765193,    000h 00m 04.036s,    000h 29m 25.193s
419,    4040,    1769233,    000h 00m 04.040s,    000h 29m 29.233s
420,    4040,    1773273,    000h 00m 04.040s,    000h 29m 33.273s
421,    4034,    1777307,    000h 00m 04.034s,    000h 29m 37.307s
422,    4034,    1781341,    000h 00m 04.034s,    000h 29m 41.341s
423,    4029,    1785370,    000h 00m 04.029s,    000h 29m 45.370s
424,    4052,    1789422,    000h 00m 04.052s,    000h 29m 49.422s
425,    4041,    1793463,    000h 00m 04.041s,    000h 29m 53.463s
426,    4034,    1797497,    000h 00m 04.034s,    000h 29m 57.497s
427,    4052,    1801549,    000h 00m 04.052s,    000h 30m 01.549s
428,    4034,    1805583,    000h 00m 04.034s,    000h 30m 05.583s
429,    4044,    1809627,    000h 00m 04.044s,    000h 30m 09.627s
430,    4037,    1813664,    000h 00m 04.037s,    000h 30m 13.664s
431,    4029,    1817693,    000h 00m 04.029s,    000h 30m 17.693s
432,    4049,    1821742,    000h 00m 04.049s,    000h 30m 21.742s
433,    4036,    1825778,    000h 00m 04.036s,    000h 30m 25.778s
434,    4063,    1829841,    000h 00m 04.063s,    000h 30m 29.841s
435,    4057,    1833898,    000h 00m 04.057s,    000h 30m 33.898s
436,    4042,    1837940,    000h 00m 04.042s,    000h 30m 37.940s
437,    4039,    1841979,    000h 00m 04.039s,    000h 30m 41.979s
438,    4041,    1846020,    000h 00m 04.041s,    000h 30m 46.020s
439,    4033,    1850053,    000h 00m 04.033s,    000h 30m 50.053s
440,    4028,    1854081,    000h 00m 04.028s,    000h 30m 54.081s
441,    4034,    1858115,    000h 00m 04.034s,    000h 30m 58.115s
442,    4056,    1862171,    000h 00m 04.056s,    000h 31m 02.171s
443,    4026,    1866197,    000h 00m 04.026s,    000h 31m 06.197s
444,    4047,    1870244,    000h 00m 04.047s,    000h 31m 10.244s
445,    4023,    1874267,    000h 00m 04.023s,    000h 31m 14.267s
446,    4074,    1878341,    000h 00m 04.074s,    000h 31m 18.341s
447,    4042,    1882383,    000h 00m 04.042s,    000h 31m 22.383s
448,    4036,    1886419,    000h 00m 04.036s,    000h 31m 26.419s
449,    4031,    1890450,    000h 00m 04.031s,    000h 31m 30.450s
450,    4031,    1894481,    000h 00m 04.031s,    000h 31m 34.481s
451,    4034,    1898515,    000h 00m 04.034s,    000h 31m 38.515s
452,    4045,    1902560,    000h 00m 04.045s,    000h 31m 42.560s
453,    4051,    1906611,    000h 00m 04.051s,    000h 31m 46.611s
454,    4032,    1910643,    000h 00m 04.032s,    000h 31m 50.643s
455,    4031,    1914674,    000h 00m 04.031s,    000h 31m 54.674s
456,    4038,    1918712,    000h 00m 04.038s,    000h 31m 58.712s
457,    4043,    1922755,    000h 00m 04.043s,    000h 32m 02.755s
458,    4040,    1926795,    000h 00m 04.040s,    000h 32m 06.795s
459,    4041,    1930836,    000h 00m 04.041s,    000h 32m 10.836s
460,    4035,    1934871,    000h 00m 04.035s,    000h 32m 14.871s
461,    4031,    1938902,    000h 00m 04.031s,    000h 32m 18.902s
462,    4038,    1942940,    000h 00m 04.038s,    000h 32m 22.940s
463,    4045,    1946985,    000h 00m 04.045s,    000h 32m 26.985s
464,    4036,    1951021,    000h 00m 04.036s,    000h 32m 31.021s
465,    4037,    1955058,    000h 00m 04.037s,    000h 32m 35.058s
466,    4042,    1959100,    000h 00m 04.042s,    000h 32m 39.100s
467,    4038,    1963138,    000h 00m 04.038s,    000h 32m 43.138s
468,    4047,    1967185,    000h 00m 04.047s,    000h 32m 47.185s
469,    4045,    1971230,    000h 00m 04.045s,    000h 32m 51.230s
470,    4044,    1975274,    000h 00m 04.044s,    000h 32m 55.274s
471,    4043,    1979317,    000h 00m 04.043s,    000h 32m 59.317s
472,    4042,    1983359,    000h 00m 04.042s,    000h 33m 03.359s
473,    4034,    1987393,    000h 00m 04.034s,    000h 33m 07.393s
474,    4046,    1991439,    000h 00m 04.046s,    000h 33m 11.439s
475,    4042,    1995481,    000h 00m 04.042s,    000h 33m 15.481s
476,    4042,    1999523,    000h 00m 04.042s,    000h 33m 19.523s
477,    4032,    2003555,    000h 00m 04.032s,    000h 33m 23.555s
478,    4037,    2007592,    000h 00m 04.037s,    000h 33m 27.592s
479,    4054,    2011646,    000h 00m 04.054s,    000h 33m 31.646s
480,    4037,    2015683,    000h 00m 04.037s,    000h 33m 35.683s
481,    4026,    2019709,    000h 00m 04.026s,    000h 33m 39.709s
482,    4032,    2023741,    000h 00m 04.032s,    000h 33m 43.741s
483,    4080,    2027821,    000h 00m 04.080s,    000h 33m 47.821s
484,    4051,    2031872,    000h 00m 04.051s,    000h 33m 51.872s
485,    4036,    2035908,    000h 00m 04.036s,    000h 33m 55.908s
486,    4046,    2039954,    000h 00m 04.046s,    000h 33m 59.954s
487,    4050,    2044004,    000h 00m 04.050s,    000h 34m 04.004s
488,    4032,    2048036,    000h 00m 04.032s,    000h 34m 08.036s
489,    4036,    2052072,    000h 00m 04.036s,    000h 34m 12.072s
490,    4047,    2056119,    000h 00m 04.047s,    000h 34m 16.119s
491,    4036,    2060155,    000h 00m 04.036s,    000h 34m 20.155s
492,    4044,    2064199,    000h 00m 04.044s,    000h 34m 24.199s
493,    4033,    2068232,    000h 00m 04.033s,    000h 34m 28.232s
494,    4031,    2072263,    000h 00m 04.031s,    000h 34m 32.263s
495,    4036,    2076299,    000h 00m 04.036s,    000h 34m 36.299s
496,    4034,    2080333,    000h 00m 04.034s,    000h 34m 40.333s
497,    4031,    2084364,    000h 00m 04.031s,    000h 34m 44.364s
498,    4042,    2088406,    000h 00m 04.042s,    000h 34m 48.406s
499,    4049,    2092455,    000h 00m 04.049s,    000h 34m 52.455s
500,    4043,    2096498,    000h 00m 04.043s,    000h 34m 56.498s
501,    4037,    2100535,    000h 00m 04.037s,    000h 35m 00.535s
502,    4050,    2104585,    000h 00m 04.050s,    000h 35m 04.585s
503,    4028,    2108613,    000h 00m 04.028s,    000h 35m 08.613s
504,    4042,    2112655,    000h 00m 04.042s,    000h 35m 12.655s
505,    4042,    2116697,    000h 00m 04.042s,    000h 35m 16.697s
506,    4034,    2120731,    000h 00m 04.034s,    000h 35m 20.731s
507,    4032,    2124763,    000h 00m 04.032s,    000h 35m 24.763s
508,    4036,    2128799,    000h 00m 04.036s,    000h 35m 28.799s
509,    4043,    2132842,    000h 00m 04.043s,    000h 35m 32.842s
510,    4040,    2136882,    000h 00m 04.040s,    000h 35m 36.882s
511,    4028,    2140910,    000h 00m 04.028s,    000h 35m 40.910s
512,    4134,    2145044,    000h 00m 04.134s,    000h 35m 45.044s
513,    4105,    2149149,    000h 00m 04.105s,    000h 35m 49.149s
514,    4071,    2153220,    000h 00m 04.071s,    000h 35m 53.220s
515,    4108,    2157328,    000h 00m 04.108s,    000h 35m 57.328s
516,    4050,    2161378,    000h 00m 04.050s,    000h 36m 01.378s
517,    4030,    2165408,    000h 00m 04.030s,    000h 36m 05.408s
518,    4041,    2169449,    000h 00m 04.041s,    000h 36m 09.449s
519,    4091,    2173540,    000h 00m 04.091s,    000h 36m 13.540s
520,    24650,    2198190,    000h 00m 24.650s,    000h 36m 38.190s
521,    60628,    2258818,    000h 01m 00.628s,    000h 37m 38.818s
522,    60307,    2319125,    000h 01m 00.307s,    000h 38m 39.125s
523,    42961,    2362086,    000h 00m 42.961s,    000h 39m 22.086s
524,    60156,    2422242,    000h 01m 00.156s,    000h 40m 22.242s
525,    60390,    2482632,    000h 01m 00.390s,    000h 41m 22.632s
526,    60133,    2542765,    000h 01m 00.133s,    000h 42m 22.765s
527,    61692,    2604457,    000h 01m 01.692s,    000h 43m 24.457s
528,    60813,    2665270,    000h 01m 00.813s,    000h 44m 25.270s
529,    60379,    2725649,    000h 01m 00.379s,    000h 45m 25.649s
530,    26636,    2752285,    000h 00m 26.636s,    000h 45m 52.285s
531,    4049,    2756334,    000h 00m 04.049s,    000h 45m 56.334s
532,    4068,    2760402,    000h 00m 04.068s,    000h 46m 00.402s
533,    4048,    2764450,    000h 00m 04.048s,    000h 46m 04.450s
534,    4033,    2768483,    000h 00m 04.033s,    000h 46m 08.483s
535,    4050,    2772533,    000h 00m 04.050s,    000h 46m 12.533s
536,    4043,    2776576,    000h 00m 04.043s,    000h 46m 16.576s
537,    4171,    2780747,    000h 00m 04.171s,    000h 46m 20.747s
538,    4102,    2784849,    000h 00m 04.102s,    000h 46m 24.849s
539,    4040,    2788889,    000h 00m 04.040s,    000h 46m 28.889s
540,    4036,    2792925,    000h 00m 04.036s,    000h 46m 32.925s
541,    4039,    2796964,    000h 00m 04.039s,    000h 46m 36.964s
542,    4050,    2801014,    000h 00m 04.050s,    000h 46m 41.014s
543,    4029,    2805043,    000h 00m 04.029s,    000h 46m 45.043s
544,    4036,    2809079,    000h 00m 04.036s,    000h 46m 49.079s
545,    4052,    2813131,    000h 00m 04.052s,    000h 46m 53.131s
546,    4060,    2817191,    000h 00m 04.060s,    000h 46m 57.191s
547,    4033,    2821224,    000h 00m 04.033s,    000h 47m 01.224s
548,    4054,    2825278,    000h 00m 04.054s,    000h 47m 05.278s
549,    4038,    2829316,    000h 00m 04.038s,    000h 47m 09.316s
550,    4035,    2833351,    000h 00m 04.035s,    000h 47m 13.351s
551,    4045,    2837396,    000h 00m 04.045s,    000h 47m 17.396s
552,    4069,    2841465,    000h 00m 04.069s,    000h 47m 21.465s
553,    4027,    2845492,    000h 00m 04.027s,    000h 47m 25.492s
554,    4042,    2849534,    000h 00m 04.042s,    000h 47m 29.534s
555,    4033,    2853567,    000h 00m 04.033s,    000h 47m 33.567s
556,    4037,    2857604,    000h 00m 04.037s,    000h 47m 37.604s
557,    4039,    2861643,    000h 00m 04.039s,    000h 47m 41.643s
558,    4024,    2865667,    000h 00m 04.024s,    000h 47m 45.667s
559,    4040,    2869707,    000h 00m 04.040s,    000h 47m 49.707s
560,    4042,    2873749,    000h 00m 04.042s,    000h 47m 53.749s
561,    4037,    2877786,    000h 00m 04.037s,    000h 47m 57.786s
562,    4049,    2881835,    000h 00m 04.049s,    000h 48m 01.835s
563,    4032,    2885867,    000h 00m 04.032s,    000h 48m 05.867s
564,    4039,    2889906,    000h 00m 04.039s,    000h 48m 09.906s
565,    4047,    2893953,    000h 00m 04.047s,    000h 48m 13.953s
566,    4039,    2897992,    000h 00m 04.039s,    000h 48m 17.992s
567,    4046,    2902038,    000h 00m 04.046s,    000h 48m 22.038s
568,    4046,    2906084,    000h 00m 04.046s,    000h 48m 26.084s
569,    4035,    2910119,    000h 00m 04.035s,    000h 48m 30.119s
570,    4043,    2914162,    000h 00m 04.043s,    000h 48m 34.162s
571,    4045,    2918207,    000h 00m 04.045s,    000h 48m 38.207s
572,    4056,    2922263,    000h 00m 04.056s,    000h 48m 42.263s
573,    4044,    2926307,    000h 00m 04.044s,    000h 48m 46.307s
574,    4046,    2930353,    000h 00m 04.046s,    000h 48m 50.353s
575,    4027,    2934380,    000h 00m 04.027s,    000h 48m 54.380s
576,    4049,    2938429,    000h 00m 04.049s,    000h 48m 58.429s
577,    4081,    2942510,    000h 00m 04.081s,    000h 49m 02.510s
578,    4031,    2946541,    000h 00m 04.031s,    000h 49m 06.541s
579,    4043,    2950584,    000h 00m 04.043s,    000h 49m 10.584s
580,    4042,    2954626,    000h 00m 04.042s,    000h 49m 14.626s
581,    4045,    2958671,    000h 00m 04.045s,    000h 49m 18.671s
582,    4049,    2962720,    000h 00m 04.049s,    000h 49m 22.720s
583,    4042,    2966762,    000h 00m 04.042s,    000h 49m 26.762s
584,    4042,    2970804,    000h 00m 04.042s,    000h 49m 30.804s
585,    4026,    2974830,    000h 00m 04.026s,    000h 49m 34.830s
586,    4044,    2978874,    000h 00m 04.044s,    000h 49m 38.874s
587,    4030,    2982904,    000h 00m 04.030s,    000h 49m 42.904s
588,    4035,    2986939,    000h 00m 04.035s,    000h 49m 46.939s
589,    4040,    2990979,    000h 00m 04.040s,    000h 49m 50.979s
590,    4034,    2995013,    000h 00m 04.034s,    000h 49m 55.013s
591,    4034,    2999047,    000h 00m 04.034s,    000h 49m 59.047s
592,    4043,    3003090,    000h 00m 04.043s,    000h 50m 03.090s
593,    4037,    3007127,    000h 00m 04.037s,    000h 50m 07.127s
594,    4048,    3011175,    000h 00m 04.048s,    000h 50m 11.175s
595,    4044,    3015219,    000h 00m 04.044s,    000h 50m 15.219s
596,    4040,    3019259,    000h 00m 04.040s,    000h 50m 19.259s
597,    4030,    3023289,    000h 00m 04.030s,    000h 50m 23.289s
598,    4032,    3027321,    000h 00m 04.032s,    000h 50m 27.321s
599,    4036,    3031357,    000h 00m 04.036s,    000h 50m 31.357s
600,    4062,    3035419,    000h 00m 04.062s,    000h 50m 35.419s
601,    4029,    3039448,    000h 00m 04.029s,    000h 50m 39.448s
602,    4042,    3043490,    000h 00m 04.042s,    000h 50m 43.490s
603,    4048,    3047538,    000h 00m 04.048s,    000h 50m 47.538s
604,    4047,    3051585,    000h 00m 04.047s,    000h 50m 51.585s
605,    4040,    3055625,    000h 00m 04.040s,    000h 50m 55.625s
606,    4036,    3059661,    000h 00m 04.036s,    000h 50m 59.661s
607,    4056,    3063717,    000h 00m 04.056s,    000h 51m 03.717s
608,    4044,    3067761,    000h 00m 04.044s,    000h 51m 07.761s
609,    4031,    3071792,    000h 00m 04.031s,    000h 51m 11.792s
610,    4041,    3075833,    000h 00m 04.041s,    000h 51m 15.833s
611,    4041,    3079874,    000h 00m 04.041s,    000h 51m 19.874s
612,    4048,    3083922,    000h 00m 04.048s,    000h 51m 23.922s
613,    4023,    3087945,    000h 00m 04.023s,    000h 51m 27.945s
614,    4035,    3091980,    000h 00m 04.035s,    000h 51m 31.980s
615,    4037,    3096017,    000h 00m 04.037s,    000h 51m 36.017s
616,    4036,    3100053,    000h 00m 04.036s,    000h 51m 40.053s
617,    4053,    3104106,    000h 00m 04.053s,    000h 51m 44.106s
618,    4044,    3108150,    000h 00m 04.044s,    000h 51m 48.150s
619,    4037,    3112187,    000h 00m 04.037s,    000h 51m 52.187s
620,    4036,    3116223,    000h 00m 04.036s,    000h 51m 56.223s
621,    4041,    3120264,    000h 00m 04.041s,    000h 52m 00.264s
622,    4046,    3124310,    000h 00m 04.046s,    000h 52m 04.310s
623,    4052,    3128362,    000h 00m 04.052s,    000h 52m 08.362s
624,    4047,    3132409,    000h 00m 04.047s,    000h 52m 12.409s
625,    4026,    3136435,    000h 00m 04.026s,    000h 52m 16.435s
626,    4036,    3140471,    000h 00m 04.036s,    000h 52m 20.471s
627,    4042,    3144513,    000h 00m 04.042s,    000h 52m 24.513s
628,    4036,    3148549,    000h 00m 04.036s,    000h 52m 28.549s
629,    4036,    3152585,    000h 00m 04.036s,    000h 52m 32.585s
630,    4058,    3156643,    000h 00m 04.058s,    000h 52m 36.643s
631,    4062,    3160705,    000h 00m 04.062s,    000h 52m 40.705s
632,    4040,    3164745,    000h 00m 04.040s,    000h 52m 44.745s
633,    4039,    3168784,    000h 00m 04.039s,    000h 52m 48.784s
634,    4053,    3172837,    000h 00m 04.053s,    000h 52m 52.837s
635,    4036,    3176873,    000h 00m 04.036s,    000h 52m 56.873s
636,    4043,    3180916,    000h 00m 04.043s,    000h 53m 00.916s
637,    4059,    3184975,    000h 00m 04.059s,    000h 53m 04.975s
638,    4034,    3189009,    000h 00m 04.034s,    000h 53m 09.009s
639,    4030,    3193039,    000h 00m 04.030s,    000h 53m 13.039s
640,    4035,    3197074,    000h 00m 04.035s,    000h 53m 17.074s
641,    4042,    3201116,    000h 00m 04.042s,    000h 53m 21.116s
642,    4035,    3205151,    000h 00m 04.035s,    000h 53m 25.151s
643,    4046,    3209197,    000h 00m 04.046s,    000h 53m 29.197s
644,    4037,    3213234,    000h 00m 04.037s,    000h 53m 33.234s
645,    4053,    3217287,    000h 00m 04.053s,    000h 53m 37.287s
646,    4027,    3221314,    000h 00m 04.027s,    000h 53m 41.314s
647,    4043,    3225357,    000h 00m 04.043s,    000h 53m 45.357s
648,    4036,    3229393,    000h 00m 04.036s,    000h 53m 49.393s
649,    4038,    3233431,    000h 00m 04.038s,    000h 53m 53.431s
650,    4040,    3237471,    000h 00m 04.040s,    000h 53m 57.471s
651,    4029,    3241500,    000h 00m 04.029s,    000h 54m 01.500s
652,    4043,    3245543,    000h 00m 04.043s,    000h 54m 05.543s
653,    4032,    3249575,    000h 00m 04.032s,    000h 54m 09.575s
654,    4035,    3253610,    000h 00m 04.035s,    000h 54m 13.610s
655,    4050,    3257660,    000h 00m 04.050s,    000h 54m 17.660s
656,    4048,    3261708,    000h 00m 04.048s,    000h 54m 21.708s
657,    4048,    3265756,    000h 00m 04.048s,    000h 54m 25.756s
658,    4039,    3269795,    000h 00m 04.039s,    000h 54m 29.795s
659,    4044,    3273839,    000h 00m 04.044s,    000h 54m 33.839s
660,    4054,    3277893,    000h 00m 04.054s,    000h 54m 37.893s
661,    4041,    3281934,    000h 00m 04.041s,    000h 54m 41.934s
662,    4025,    3285959,    000h 00m 04.025s,    000h 54m 45.959s
663,    4036,    3289995,    000h 00m 04.036s,    000h 54m 49.995s
664,    4033,    3294028,    000h 00m 04.033s,    000h 54m 54.028s
665,    4031,    3298059,    000h 00m 04.031s,    000h 54m 58.059s
666,    4052,    3302111,    000h 00m 04.052s,    000h 55m 02.111s
667,    4039,    3306150,    000h 00m 04.039s,    000h 55m 06.150s
668,    4028,    3310178,    000h 00m 04.028s,    000h 55m 10.178s
669,    4047,    3314225,    000h 00m 04.047s,    000h 55m 14.225s
670,    4049,    3318274,    000h 00m 04.049s,    000h 55m 18.274s
671,    4044,    3322318,    000h 00m 04.044s,    000h 55m 22.318s
672,    4033,    3326351,    000h 00m 04.033s,    000h 55m 26.351s
673,    4026,    3330377,    000h 00m 04.026s,    000h 55m 30.377s
674,    4045,    3334422,    000h 00m 04.045s,    000h 55m 34.422s
675,    4044,    3338466,    000h 00m 04.044s,    000h 55m 38.466s
676,    4033,    3342499,    000h 00m 04.033s,    000h 55m 42.499s
677,    4046,    3346545,    000h 00m 04.046s,    000h 55m 46.545s
678,    4038,    3350583,    000h 00m 04.038s,    000h 55m 50.583s
679,    4035,    3354618,    000h 00m 04.035s,    000h 55m 54.618s
680,    4060,    3358678,    000h 00m 04.060s,    000h 55m 58.678s
681,    4067,    3362745,    000h 00m 04.067s,    000h 56m 02.745s
682,    4041,    3366786,    000h 00m 04.041s,    000h 56m 06.786s
683,    4038,    3370824,    000h 00m 04.038s,    000h 56m 10.824s
684,    4040,    3374864,    000h 00m 04.040s,    000h 56m 14.864s
685,    4030,    3378894,    000h 00m 04.030s,    000h 56m 18.894s
686,    4038,    3382932,    000h 00m 04.038s,    000h 56m 22.932s
687,    4031,    3386963,    000h 00m 04.031s,    000h 56m 26.963s
688,    4037,    3391000,    000h 00m 04.037s,    000h 56m 31.000s
689,    4037,    3395037,    000h 00m 04.037s,    000h 56m 35.037s
690,    4046,    3399083,    000h 00m 04.046s,    000h 56m 39.083s
691,    4041,    3403124,    000h 00m 04.041s,    000h 56m 43.124s
692,    4041,    3407165,    000h 00m 04.041s,    000h 56m 47.165s
693,    4034,    3411199,    000h 00m 04.034s,    000h 56m 51.199s
694,    4033,    3415232,    000h 00m 04.033s,    000h 56m 55.232s
695,    4031,    3419263,    000h 00m 04.031s,    000h 56m 59.263s
696,    4050,    3423313,    000h 00m 04.050s,    000h 57m 03.313s
697,    4049,    3427362,    000h 00m 04.049s,    000h 57m 07.362s
698,    4038,    3431400,    000h 00m 04.038s,    000h 57m 11.400s
699,    4042,    3435442,    000h 00m 04.042s,    000h 57m 15.442s
700,    4043,    3439485,    000h 00m 04.043s,    000h 57m 19.485s
701,    4029,    3443514,    000h 00m 04.029s,    000h 57m 23.514s
702,    4031,    3447545,    000h 00m 04.031s,    000h 57m 27.545s
703,    4036,    3451581,    000h 00m 04.036s,    000h 57m 31.581s
704,    4036,    3455617,    000h 00m 04.036s,    000h 57m 35.617s
705,    4031,    3459648,    000h 00m 04.031s,    000h 57m 39.648s
706,    4033,    3463681,    000h 00m 04.033s,    000h 57m 43.681s
707,    4037,    3467718,    000h 00m 04.037s,    000h 57m 47.718s
708,    4032,    3471750,    000h 00m 04.032s,    000h 57m 51.750s
709,    4031,    3475781,    000h 00m 04.031s,    000h 57m 55.781s
710,    4067,    3479848,    000h 00m 04.067s,    000h 57m 59.848s
711,    4061,    3483909,    000h 00m 04.061s,    000h 58m 03.909s
712,    4038,    3487947,    000h 00m 04.038s,    000h 58m 07.947s
713,    4030,    3491977,    000h 00m 04.030s,    000h 58m 11.977s
714,    4042,    3496019,    000h 00m 04.042s,    000h 58m 16.019s
715,    4044,    3500063,    000h 00m 04.044s,    000h 58m 20.063s
716,    4039,    3504102,    000h 00m 04.039s,    000h 58m 24.102s
717,    4036,    3508138,    000h 00m 04.036s,    000h 58m 28.138s
718,    4037,    3512175,    000h 00m 04.037s,    000h 58m 32.175s
719,    4033,    3516208,    000h 00m 04.033s,    000h 58m 36.208s
720,    4040,    3520248,    000h 00m 04.040s,    000h 58m 40.248s
721,    4039,    3524287,    000h 00m 04.039s,    000h 58m 44.287s
722,    4041,    3528328,    000h 00m 04.041s,    000h 58m 48.328s
723,    4040,    3532368,    000h 00m 04.040s,    000h 58m 52.368s
724,    4040,    3536408,    000h 00m 04.040s,    000h 58m 56.408s
725,    4040,    3540448,    000h 00m 04.040s,    000h 59m 00.448s
726,    4043,    3544491,    000h 00m 04.043s,    000h 59m 04.491s
727,    4038,    3548529,    000h 00m 04.038s,    000h 59m 08.529s
728,    4033,    3552562,    000h 00m 04.033s,    000h 59m 12.562s
729,    4038,    3556600,    000h 00m 04.038s,    000h 59m 16.600s
730,    4036,    3560636,    000h 00m 04.036s,    000h 59m 20.636s
731,    4039,    3564675,    000h 00m 04.039s,    000h 59m 24.675s
732,    4046,    3568721,    000h 00m 04.046s,    000h 59m 28.721s
733,    4038,    3572759,    000h 00m 04.038s,    000h 59m 32.759s
734,    4048,    3576807,    000h 00m 04.048s,    000h 59m 36.807s
735,    4042,    3580849,    000h 00m 04.042s,    000h 59m 40.849s
736,    4028,    3584877,    000h 00m 04.028s,    000h 59m 44.877s
737,    4035,    3588912,    000h 00m 04.035s,    000h 59m 48.912s
738,    4032,    3592944,    000h 00m 04.032s,    000h 59m 52.944s
739,    4032,    3596976,    000h 00m 04.032s,    000h 59m 56.976s
740,    4025,    3601001,    000h 00m 04.025s,    001h 00m 01.001s
741,    4050,    3605051,    000h 00m 04.050s,    001h 00m 05.051s
742,    4038,    3609089,    000h 00m 04.038s,    001h 00m 09.089s
743,    4034,    3613123,    000h 00m 04.034s,    001h 00m 13.123s
744,    4042,    3617165,    000h 00m 04.042s,    001h 00m 17.165s
745,    4045,    3621210,    000h 00m 04.045s,    001h 00m 21.210s
746,    4035,    3625245,    000h 00m 04.035s,    001h 00m 25.245s
747,    4021,    3629266,    000h 00m 04.021s,    001h 00m 29.266s
748,    4042,    3633308,    000h 00m 04.042s,    001h 00m 33.308s
749,    4038,    3637346,    000h 00m 04.038s,    001h 00m 37.346s
750,    4057,    3641403,    000h 00m 04.057s,    001h 00m 41.403s
751,    4036,    3645439,    000h 00m 04.036s,    001h 00m 45.439s
752,    4041,    3649480,    000h 00m 04.041s,    001h 00m 49.480s
753,    4037,    3653517,    000h 00m 04.037s,    001h 00m 53.517s
754,    4036,    3657553,    000h 00m 04.036s,    001h 00m 57.553s
755,    4037,    3661590,    000h 00m 04.037s,    001h 01m 01.590s
756,    4053,    3665643,    000h 00m 04.053s,    001h 01m 05.643s
757,    4042,    3669685,    000h 00m 04.042s,    001h 01m 09.685s
758,    4043,    3673728,    000h 00m 04.043s,    001h 01m 13.728s
759,    4029,    3677757,    000h 00m 04.029s,    001h 01m 17.757s
760,    4038,    3681795,    000h 00m 04.038s,    001h 01m 21.795s
761,    4035,    3685830,    000h 00m 04.035s,    001h 01m 25.830s
762,    4044,    3689874,    000h 00m 04.044s,    001h 01m 29.874s
763,    4043,    3693917,    000h 00m 04.043s,    001h 01m 33.917s
764,    4046,    3697963,    000h 00m 04.046s,    001h 01m 37.963s
765,    4045,    3702008,    000h 00m 04.045s,    001h 01m 42.008s
766,    4046,    3706054,    000h 00m 04.046s,    001h 01m 46.054s
767,    4035,    3710089,    000h 00m 04.035s,    001h 01m 50.089s
768,    4039,    3714128,    000h 00m 04.039s,    001h 01m 54.128s
769,    4032,    3718160,    000h 00m 04.032s,    001h 01m 58.160s
770,    4047,    3722207,    000h 00m 04.047s,    001h 02m 02.207s
771,    4046,    3726253,    000h 00m 04.046s,    001h 02m 06.253s
772,    4035,    3730288,    000h 00m 04.035s,    001h 02m 10.288s
773,    4039,    3734327,    000h 00m 04.039s,    001h 02m 14.327s
774,    4048,    3738375,    000h 00m 04.048s,    001h 02m 18.375s
775,    4044,    3742419,    000h 00m 04.044s,    001h 02m 22.419s
776,    4041,    3746460,    000h 00m 04.041s,    001h 02m 26.460s
777,    4041,    3750501,    000h 00m 04.041s,    001h 02m 30.501s
778,    4038,    3754539,    000h 00m 04.038s,    001h 02m 34.539s
779,    4034,    3758573,    000h 00m 04.034s,    001h 02m 38.573s
780,    4039,    3762612,    000h 00m 04.039s,    001h 02m 42.612s
781,    4037,    3766649,    000h 00m 04.037s,    001h 02m 46.649s
782,    4049,    3770698,    000h 00m 04.049s,    001h 02m 50.698s
783,    4026,    3774724,    000h 00m 04.026s,    001h 02m 54.724s
784,    4031,    3778755,    000h 00m 04.031s,    001h 02m 58.755s
785,    4052,    3782807,    000h 00m 04.052s,    001h 03m 02.807s
786,    4034,    3786841,    000h 00m 04.034s,    001h 03m 06.841s
787,    4046,    3790887,    000h 00m 04.046s,    001h 03m 10.887s
788,    4032,    3794919,    000h 00m 04.032s,    001h 03m 14.919s
789,    4059,    3798978,    000h 00m 04.059s,    001h 03m 18.978s
790,    4098,    3803076,    000h 00m 04.098s,    001h 03m 23.076s
791,    4057,    3807133,    000h 00m 04.057s,    001h 03m 27.133s
792,    4037,    3811170,    000h 00m 04.037s,    001h 03m 31.170s
793,    4036,    3815206,    000h 00m 04.036s,    001h 03m 35.206s
794,    4035,    3819241,    000h 00m 04.035s,    001h 03m 39.241s
795,    4034,    3823275,    000h 00m 04.034s,    001h 03m 43.275s
796,    4049,    3827324,    000h 00m 04.049s,    001h 03m 47.324s
797,    4044,    3831368,    000h 00m 04.044s,    001h 03m 51.368s
798,    4037,    3835405,    000h 00m 04.037s,    001h 03m 55.405s
799,    4031,    3839436,    000h 00m 04.031s,    001h 03m 59.436s
800,    4047,    3843483,    000h 00m 04.047s,    001h 04m 03.483s
801,    4031,    3847514,    000h 00m 04.031s,    001h 04m 07.514s
802,    4027,    3851541,    000h 00m 04.027s,    001h 04m 11.541s
803,    4042,    3855583,    000h 00m 04.042s,    001h 04m 15.583s
804,    4050,    3859633,    000h 00m 04.050s,    001h 04m 19.633s
805,    4047,    3863680,    000h 00m 04.047s,    001h 04m 23.680s
806,    4042,    3867722,    000h 00m 04.042s,    001h 04m 27.722s
807,    4028,    3871750,    000h 00m 04.028s,    001h 04m 31.750s
808,    4033,    3875783,    000h 00m 04.033s,    001h 04m 35.783s
809,    4041,    3879824,    000h 00m 04.041s,    001h 04m 39.824s
810,    4039,    3883863,    000h 00m 04.039s,    001h 04m 43.863s
811,    4048,    3887911,    000h 00m 04.048s,    001h 04m 47.911s
812,    4039,    3891950,    000h 00m 04.039s,    001h 04m 51.950s
813,    4047,    3895997,    000h 00m 04.047s,    001h 04m 55.997s
814,    4053,    3900050,    000h 00m 04.053s,    001h 05m 00.050s
815,    4068,    3904118,    000h 00m 04.068s,    001h 05m 04.118s
816,    4039,    3908157,    000h 00m 04.039s,    001h 05m 08.157s
817,    4031,    3912188,    000h 00m 04.031s,    001h 05m 12.188s
818,    4035,    3916223,    000h 00m 04.035s,    001h 05m 16.223s
819,    4034,    3920257,    000h 00m 04.034s,    001h 05m 20.257s
820,    4035,    3924292,    000h 00m 04.035s,    001h 05m 24.292s
821,    4049,    3928341,    000h 00m 04.049s,    001h 05m 28.341s
822,    4040,    3932381,    000h 00m 04.040s,    001h 05m 32.381s
823,    4044,    3936425,    000h 00m 04.044s,    001h 05m 36.425s
824,    4037,    3940462,    000h 00m 04.037s,    001h 05m 40.462s
825,    4045,    3944507,    000h 00m 04.045s,    001h 05m 44.507s
826,    4045,    3948552,    000h 00m 04.045s,    001h 05m 48.552s
827,    4048,    3952600,    000h 00m 04.048s,    001h 05m 52.600s
828,    4046,    3956646,    000h 00m 04.046s,    001h 05m 56.646s
829,    4042,    3960688,    000h 00m 04.042s,    001h 06m 00.688s
830,    4050,    3964738,    000h 00m 04.050s,    001h 06m 04.738s
831,    4036,    3968774,    000h 00m 04.036s,    001h 06m 08.774s
832,    4033,    3972807,    000h 00m 04.033s,    001h 06m 12.807s
833,    4037,    3976844,    000h 00m 04.037s,    001h 06m 16.844s
834,    4048,    3980892,    000h 00m 04.048s,    001h 06m 20.892s
835,    4022,    3984914,    000h 00m 04.022s,    001h 06m 24.914s
836,    4032,    3988946,    000h 00m 04.032s,    001h 06m 28.946s
837,    4034,    3992980,    000h 00m 04.034s,    001h 06m 32.980s
838,    4046,    3997026,    000h 00m 04.046s,    001h 06m 37.026s
839,    4030,    4001056,    000h 00m 04.030s,    001h 06m 41.056s
840,    4035,    4005091,    000h 00m 04.035s,    001h 06m 45.091s
841,    4036,    4009127,    000h 00m 04.036s,    001h 06m 49.127s
842,    4038,    4013165,    000h 00m 04.038s,    001h 06m 53.165s
843,    4032,    4017197,    000h 00m 04.032s,    001h 06m 57.197s
844,    4028,    4021225,    000h 00m 04.028s,    001h 07m 01.225s
845,    4049,    4025274,    000h 00m 04.049s,    001h 07m 05.274s
846,    4051,    4029325,    000h 00m 04.051s,    001h 07m 09.325s
847,    4023,    4033348,    000h 00m 04.023s,    001h 07m 13.348s
848,    4031,    4037379,    000h 00m 04.031s,    001h 07m 17.379s
849,    4033,    4041412,    000h 00m 04.033s,    001h 07m 21.412s
850,    4035,    4045447,    000h 00m 04.035s,    001h 07m 25.447s
851,    4039,    4049486,    000h 00m 04.039s,    001h 07m 29.486s
852,    4050,    4053536,    000h 00m 04.050s,    001h 07m 33.536s
853,    4035,    4057571,    000h 00m 04.035s,    001h 07m 37.571s
854,    4028,    4061599,    000h 00m 04.028s,    001h 07m 41.599s
855,    4036,    4065635,    000h 00m 04.036s,    001h 07m 45.635s
856,    4039,    4069674,    000h 00m 04.039s,    001h 07m 49.674s
857,    4037,    4073711,    000h 00m 04.037s,    001h 07m 53.711s
858,    4033,    4077744,    000h 00m 04.033s,    001h 07m 57.744s
859,    4034,    4081778,    000h 00m 04.034s,    001h 08m 01.778s
860,    4051,    4085829,    000h 00m 04.051s,    001h 08m 05.829s
861,    4026,    4089855,    000h 00m 04.026s,    001h 08m 09.855s
862,    4025,    4093880,    000h 00m 04.025s,    001h 08m 13.880s
863,    4020,    4097900,    000h 00m 04.020s,    001h 08m 17.900s
864,    4032,    4101932,    000h 00m 04.032s,    001h 08m 21.932s
865,    4034,    4105966,    000h 00m 04.034s,    001h 08m 25.966s
866,    4041,    4110007,    000h 00m 04.041s,    001h 08m 30.007s
867,    4034,    4114041,    000h 00m 04.034s,    001h 08m 34.041s
868,    4057,    4118098,    000h 00m 04.057s,    001h 08m 38.098s
869,    4046,    4122144,    000h 00m 04.046s,    001h 08m 42.144s
870,    4036,    4126180,    000h 00m 04.036s,    001h 08m 46.180s
871,    4035,    4130215,    000h 00m 04.035s,    001h 08m 50.215s
872,    4045,    4134260,    000h 00m 04.045s,    001h 08m 54.260s
873,    4048,    4138308,    000h 00m 04.048s,    001h 08m 58.308s
874,    4040,    4142348,    000h 00m 04.040s,    001h 09m 02.348s
875,    4043,    4146391,    000h 00m 04.043s,    001h 09m 06.391s
876,    4023,    4150414,    000h 00m 04.023s,    001h 09m 10.414s
877,    4043,    4154457,    000h 00m 04.043s,    001h 09m 14.457s
878,    4041,    4158498,    000h 00m 04.041s,    001h 09m 18.498s
879,    4035,    4162533,    000h 00m 04.035s,    001h 09m 22.533s
880,    4030,    4166563,    000h 00m 04.030s,    001h 09m 26.563s
881,    4042,    4170605,    000h 00m 04.042s,    001h 09m 30.605s
882,    4049,    4174654,    000h 00m 04.049s,    001h 09m 34.654s
883,    4037,    4178691,    000h 00m 04.037s,    001h 09m 38.691s
884,    4041,    4182732,    000h 00m 04.041s,    001h 09m 42.732s
885,    4038,    4186770,    000h 00m 04.038s,    001h 09m 46.770s
886,    4049,    4190819,    000h 00m 04.049s,    001h 09m 50.819s
887,    4031,    4194850,    000h 00m 04.031s,    001h 09m 54.850s
888,    4026,    4198876,    000h 00m 04.026s,    001h 09m 58.876s
889,    4060,    4202936,    000h 00m 04.060s,    001h 10m 02.936s
890,    4043,    4206979,    000h 00m 04.043s,    001h 10m 06.979s
891,    4032,    4211011,    000h 00m 04.032s,    001h 10m 11.011s
892,    4038,    4215049,    000h 00m 04.038s,    001h 10m 15.049s
893,    4042,    4219091,    000h 00m 04.042s,    001h 10m 19.091s
894,    4048,    4223139,    000h 00m 04.048s,    001h 10m 23.139s
895,    4046,    4227185,    000h 00m 04.046s,    001h 10m 27.185s
896,    4028,    4231213,    000h 00m 04.028s,    001h 10m 31.213s
897,    4038,    4235251,    000h 00m 04.038s,    001h 10m 35.251s
898,    4029,    4239280,    000h 00m 04.029s,    001h 10m 39.280s
899,    4039,    4243319,    000h 00m 04.039s,    001h 10m 43.319s
900,    4034,    4247353,    000h 00m 04.034s,    001h 10m 47.353s
901,    4054,    4251407,    000h 00m 04.054s,    001h 10m 51.407s
902,    4032,    4255439,    000h 00m 04.032s,    001h 10m 55.439s
903,    4032,    4259471,    000h 00m 04.032s,    001h 10m 59.471s
904,    4053,    4263524,    000h 00m 04.053s,    001h 11m 03.524s
905,    4032,    4267556,    000h 00m 04.032s,    001h 11m 07.556s
906,    4042,    4271598,    000h 00m 04.042s,    001h 11m 11.598s
907,    4037,    4275635,    000h 00m 04.037s,    001h 11m 15.635s
908,    4037,    4279672,    000h 00m 04.037s,    001h 11m 19.672s
909,    4042,    4283714,    000h 00m 04.042s,    001h 11m 23.714s
910,    4043,    4287757,    000h 00m 04.043s,    001h 11m 27.757s
911,    4036,    4291793,    000h 00m 04.036s,    001h 11m 31.793s
912,    4041,    4295834,    000h 00m 04.041s,    001h 11m 35.834s
913,    4041,    4299875,    000h 00m 04.041s,    001h 11m 39.875s
914,    4033,    4303908,    000h 00m 04.033s,    001h 11m 43.908s
915,    4047,    4307955,    000h 00m 04.047s,    001h 11m 47.955s
916,    4031,    4311986,    000h 00m 04.031s,    001h 11m 51.986s
917,    4026,    4316012,    000h 00m 04.026s,    001h 11m 56.012s
918,    4046,    4320058,    000h 00m 04.046s,    001h 12m 00.058s
919,    4044,    4324102,    000h 00m 04.044s,    001h 12m 04.102s
920,    4048,    4328150,    000h 00m 04.048s,    001h 12m 08.150s
921,    4040,    4332190,    000h 00m 04.040s,    001h 12m 12.190s
922,    4040,    4336230,    000h 00m 04.040s,    001h 12m 16.230s
923,    4037,    4340267,    000h 00m 04.037s,    001h 12m 20.267s
924,    4049,    4344316,    000h 00m 04.049s,    001h 12m 24.316s
925,    4036,    4348352,    000h 00m 04.036s,    001h 12m 28.352s
926,    4036,    4352388,    000h 00m 04.036s,    001h 12m 32.388s
927,    4034,    4356422,    000h 00m 04.034s,    001h 12m 36.422s
928,    4047,    4360469,    000h 00m 04.047s,    001h 12m 40.469s
929,    4030,    4364499,    000h 00m 04.030s,    001h 12m 44.499s
930,    4042,    4368541,    000h 00m 04.042s,    001h 12m 48.541s
931,    4033,    4372574,    000h 00m 04.033s,    001h 12m 52.574s
932,    4037,    4376611,    000h 00m 04.037s,    001h 12m 56.611s
933,    4027,    4380638,    000h 00m 04.027s,    001h 13m 00.638s
934,    4042,    4384680,    000h 00m 04.042s,    001h 13m 04.680s
935,    4035,    4388715,    000h 00m 04.035s,    001h 13m 08.715s
936,    4041,    4392756,    000h 00m 04.041s,    001h 13m 12.756s
937,    4028,    4396784,    000h 00m 04.028s,    001h 13m 16.784s
938,    4044,    4400828,    000h 00m 04.044s,    001h 13m 20.828s
939,    4029,    4404857,    000h 00m 04.029s,    001h 13m 24.857s
940,    4051,    4408908,    000h 00m 04.051s,    001h 13m 28.908s
941,    4037,    4412945,    000h 00m 04.037s,    001h 13m 32.945s
942,    4019,    4416964,    000h 00m 04.019s,    001h 13m 36.964s
943,    4027,    4420991,    000h 00m 04.027s,    001h 13m 40.991s
944,    4041,    4425032,    000h 00m 04.041s,    001h 13m 45.032s
945,    4044,    4429076,    000h 00m 04.044s,    001h 13m 49.076s
946,    4041,    4433117,    000h 00m 04.041s,    001h 13m 53.117s
947,    4049,    4437166,    000h 00m 04.049s,    001h 13m 57.166s
948,    4063,    4441229,    000h 00m 04.063s,    001h 14m 01.229s
949,    4111,    4445340,    000h 00m 04.111s,    001h 14m 05.340s
950,    4026,    4449366,    000h 00m 04.026s,    001h 14m 09.366s
951,    4035,    4453401,    000h 00m 04.035s,    001h 14m 13.401s
952,    4032,    4457433,    000h 00m 04.032s,    001h 14m 17.433s
953,    4057,    4461490,    000h 00m 04.057s,    001h 14m 21.490s
954,    4044,    4465534,    000h 00m 04.044s,    001h 14m 25.534s
955,    4042,    4469576,    000h 00m 04.042s,    001h 14m 29.576s
956,    4041,    4473617,    000h 00m 04.041s,    001h 14m 33.617s
957,    4027,    4477644,    000h 00m 04.027s,    001h 14m 37.644s
958,    4044,    4481688,    000h 00m 04.044s,    001h 14m 41.688s
959,    4050,    4485738,    000h 00m 04.050s,    001h 14m 45.738s
960,    4031,    4489769,    000h 00m 04.031s,    001h 14m 49.769s
961,    4047,    4493816,    000h 00m 04.047s,    001h 14m 53.816s
962,    4033,    4497849,    000h 00m 04.033s,    001h 14m 57.849s
963,    4031,    4501880,    000h 00m 04.031s,    001h 15m 01.880s
964,    4049,    4505929,    000h 00m 04.049s,    001h 15m 05.929s
965,    4037,    4509966,    000h 00m 04.037s,    001h 15m 09.966s
966,    4052,    4514018,    000h 00m 04.052s,    001h 15m 14.018s
967,    4043,    4518061,    000h 00m 04.043s,    001h 15m 18.061s
968,    4047,    4522108,    000h 00m 04.047s,    001h 15m 22.108s
969,    4044,    4526152,    000h 00m 04.044s,    001h 15m 26.152s
970,    4042,    4530194,    000h 00m 04.042s,    001h 15m 30.194s
971,    4049,    4534243,    000h 00m 04.049s,    001h 15m 34.243s
972,    4041,    4538284,    000h 00m 04.041s,    001h 15m 38.284s
973,    4041,    4542325,    000h 00m 04.041s,    001h 15m 42.325s
974,    4036,    4546361,    000h 00m 04.036s,    001h 15m 46.361s
975,    4042,    4550403,    000h 00m 04.042s,    001h 15m 50.403s
976,    4040,    4554443,    000h 00m 04.040s,    001h 15m 54.443s
977,    4050,    4558493,    000h 00m 04.050s,    001h 15m 58.493s
978,    4061,    4562554,    000h 00m 04.061s,    001h 16m 02.554s
979,    4061,    4566615,    000h 00m 04.061s,    001h 16m 06.615s
980,    4033,    4570648,    000h 00m 04.033s,    001h 16m 10.648s
981,    4031,    4574679,    000h 00m 04.031s,    001h 16m 14.679s
982,    4032,    4578711,    000h 00m 04.032s,    001h 16m 18.711s
983,    4040,    4582751,    000h 00m 04.040s,    001h 16m 22.751s
984,    4030,    4586781,    000h 00m 04.030s,    001h 16m 26.781s
985,    4042,    4590823,    000h 00m 04.042s,    001h 16m 30.823s
986,    4033,    4594856,    000h 00m 04.033s,    001h 16m 34.856s
987,    4030,    4598886,    000h 00m 04.030s,    001h 16m 38.886s
988,    4038,    4602924,    000h 00m 04.038s,    001h 16m 42.924s
989,    4051,    4606975,    000h 00m 04.051s,    001h 16m 46.975s
990,    4043,    4611018,    000h 00m 04.043s,    001h 16m 51.018s
991,    4036,    4615054,    000h 00m 04.036s,    001h 16m 55.054s
992,    4043,    4619097,    000h 00m 04.043s,    001h 16m 59.097s
993,    4045,    4623142,    000h 00m 04.045s,    001h 17m 03.142s
994,    4035,    4627177,    000h 00m 04.035s,    001h 17m 07.177s
995,    4040,    4631217,    000h 00m 04.040s,    001h 17m 11.217s
996,    4030,    4635247,    000h 00m 04.030s,    001h 17m 15.247s
997,    4040,    4639287,    000h 00m 04.040s,    001h 17m 19.287s
998,    4030,    4643317,    000h 00m 04.030s,    001h 17m 23.317s
999,    4038,    4647355,    000h 00m 04.038s,    001h 17m 27.355s
1000,    4022,    4651377,    000h 00m 04.022s,    001h 17m 31.377s
1001,    4035,    4655412,    000h 00m 04.035s,    001h 17m 35.412s
1002,    4033,    4659445,    000h 00m 04.033s,    001h 17m 39.445s
1003,    4031,    4663476,    000h 00m 04.031s,    001h 17m 43.476s
1004,    4034,    4667510,    000h 00m 04.034s,    001h 17m 47.510s
1005,    4041,    4671551,    000h 00m 04.041s,    001h 17m 51.551s
1006,    4041,    4675592,    000h 00m 04.041s,    001h 17m 55.592s
1007,    4031,    4679623,    000h 00m 04.031s,    001h 17m 59.623s
1008,    4046,    4683669,    000h 00m 04.046s,    001h 18m 03.669s
1009,    4042,    4687711,    000h 00m 04.042s,    001h 18m 07.711s
1010,    4025,    4691736,    000h 00m 04.025s,    001h 18m 11.736s
1011,    4044,    4695780,    000h 00m 04.044s,    001h 18m 15.780s
1012,    4032,    4699812,    000h 00m 04.032s,    001h 18m 19.812s
1013,    4035,    4703847,    000h 00m 04.035s,    001h 18m 23.847s
1014,    4031,    4707878,    000h 00m 04.031s,    001h 18m 27.878s
1015,    4026,    4711904,    000h 00m 04.026s,    001h 18m 31.904s
1016,    4038,    4715942,    000h 00m 04.038s,    001h 18m 35.942s
1017,    4042,    4719984,    000h 00m 04.042s,    001h 18m 39.984s
1018,    4027,    4724011,    000h 00m 04.027s,    001h 18m 44.011s
1019,    4047,    4728058,    000h 00m 04.047s,    001h 18m 48.058s
1020,    4029,    4732087,    000h 00m 04.029s,    001h 18m 52.087s
1021,    4046,    4736133,    000h 00m 04.046s,    001h 18m 56.133s
1022,    4034,    4740167,    000h 00m 04.034s,    001h 19m 00.167s
1023,    4054,    4744221,    000h 00m 04.054s,    001h 19m 04.221s
1024,    4045,    4748266,    000h 00m 04.045s,    001h 19m 08.266s
1025,    4062,    4752328,    000h 00m 04.062s,    001h 19m 12.328s
