pass,    time (ms),    total time (ms),    time,     total_time
1,    1898,    1898,    000h 00m 01.898s,    000h 00m 01.898s
2,    1929,    3827,    000h 00m 01.929s,    000h 00m 03.827s
3,    2150,    5977,    000h 00m 02.150s,    000h 00m 05.977s
4,    2077,    8054,    000h 00m 02.077s,    000h 00m 08.054s
5,    2218,    10272,    000h 00m 02.218s,    000h 00m 10.272s
6,    2196,    12468,    000h 00m 02.196s,    000h 00m 12.468s
7,    2162,    14630,    000h 00m 02.162s,    000h 00m 14.630s
8,    2041,    16671,    000h 00m 02.041s,    000h 00m 16.671s
9,    2345,    19016,    000h 00m 02.345s,    000h 00m 19.016s
10,    2196,    21212,    000h 00m 02.196s,    000h 00m 21.212s
11,    2076,    23288,    000h 00m 02.076s,    000h 00m 23.288s
12,    2376,    25664,    000h 00m 02.376s,    000h 00m 25.664s
13,    2229,    27893,    000h 00m 02.229s,    000h 00m 27.893s
14,    2056,    29949,    000h 00m 02.056s,    000h 00m 29.949s
15,    1865,    31814,    000h 00m 01.865s,    000h 00m 31.814s
16,    1904,    33718,    000h 00m 01.904s,    000h 00m 33.718s
17,    2245,    35963,    000h 00m 02.245s,    000h 00m 35.963s
18,    2213,    38176,    000h 00m 02.213s,    000h 00m 38.176s
19,    1924,    40100,    000h 00m 01.924s,    000h 00m 40.100s
20,    2560,    42660,    000h 00m 02.560s,    000h 00m 42.660s
21,    3952,    46612,    000h 00m 03.952s,    000h 00m 46.612s
22,    4317,    50929,    000h 00m 04.317s,    000h 00m 50.929s
23,    3845,    54774,    000h 00m 03.845s,    000h 00m 54.774s
24,    3950,    58724,    000h 00m 03.950s,    000h 00m 58.724s
25,    4017,    62741,    000h 00m 04.017s,    000h 01m 02.741s
26,    4397,    67138,    000h 00m 04.397s,    000h 01m 07.138s
27,    4407,    71545,    000h 00m 04.407s,    000h 01m 11.545s
28,    4059,    75604,    000h 00m 04.059s,    000h 01m 15.604s
29,    4318,    79922,    000h 00m 04.318s,    000h 01m 19.922s
30,    3925,    83847,    000h 00m 03.925s,    000h 01m 23.847s
31,    4379,    88226,    000h 00m 04.379s,    000h 01m 28.226s
32,    3834,    92060,    000h 00m 03.834s,    000h 01m 32.060s
33,    4398,    96458,    000h 00m 04.398s,    000h 01m 36.458s
34,    3702,    100160,    000h 00m 03.702s,    000h 01m 40.160s
35,    4536,    104696,    000h 00m 04.536s,    000h 01m 44.696s
36,    4472,    109168,    000h 00m 04.472s,    000h 01m 49.168s
37,    4226,    113394,    000h 00m 04.226s,    000h 01m 53.394s
38,    3777,    117171,    000h 00m 03.777s,    000h 01m 57.171s
39,    4411,    121582,    000h 00m 04.411s,    000h 02m 01.582s
40,    4195,    125777,    000h 00m 04.195s,    000h 02m 05.777s
41,    4388,    130165,    000h 00m 04.388s,    000h 02m 10.165s
42,    4485,    134650,    000h 00m 04.485s,    000h 02m 14.650s
43,    4627,    139277,    000h 00m 04.627s,    000h 02m 19.277s
44,    4320,    143597,    000h 00m 04.320s,    000h 02m 23.597s
45,    3955,    147552,    000h 00m 03.955s,    000h 02m 27.552s
46,    3867,    151419,    000h 00m 03.867s,    000h 02m 31.419s
47,    4129,    155548,    000h 00m 04.129s,    000h 02m 35.548s
48,    4143,    159691,    000h 00m 04.143s,    000h 02m 39.691s
49,    4550,    164241,    000h 00m 04.550s,    000h 02m 44.241s
50,    4670,    168911,    000h 00m 04.670s,    000h 02m 48.911s
51,    4589,    173500,    000h 00m 04.589s,    000h 02m 53.500s
52,    3525,    177025,    000h 00m 03.525s,    000h 02m 57.025s
53,    4506,    181531,    000h 00m 04.506s,    000h 03m 01.531s
54,    4026,    185557,    000h 00m 04.026s,    000h 03m 05.557s
55,    4270,    189827,    000h 00m 04.270s,    000h 03m 09.827s
56,    3950,    193777,    000h 00m 03.950s,    000h 03m 13.777s
57,    4130,    197907,    000h 00m 04.130s,    000h 03m 17.907s
58,    3715,    201622,    000h 00m 03.715s,    000h 03m 21.622s
59,    4404,    206026,    000h 00m 04.404s,    000h 03m 26.026s
60,    4358,    210384,    000h 00m 04.358s,    000h 03m 30.384s
61,    4442,    214826,    000h 00m 04.442s,    000h 03m 34.826s
62,    3907,    218733,    000h 00m 03.907s,    000h 03m 38.733s
63,    3626,    222359,    000h 00m 03.626s,    000h 03m 42.359s
64,    4545,    226904,    000h 00m 04.545s,    000h 03m 46.904s
65,    4319,    231223,    000h 00m 04.319s,    000h 03m 51.223s
66,    4369,    235592,    000h 00m 04.369s,    000h 03m 55.592s
67,    4377,    239969,    000h 00m 04.377s,    000h 03m 59.969s
68,    4098,    244067,    000h 00m 04.098s,    000h 04m 04.067s
69,    3898,    247965,    000h 00m 03.898s,    000h 04m 07.965s
70,    3959,    251924,    000h 00m 03.959s,    000h 04m 11.924s
71,    4159,    256083,    000h 00m 04.159s,    000h 04m 16.083s
72,    3804,    259887,    000h 00m 03.804s,    000h 04m 19.887s
73,    4330,    264217,    000h 00m 04.330s,    000h 04m 24.217s
74,    4399,    268616,    000h 00m 04.399s,    000h 04m 28.616s
75,    3809,    272425,    000h 00m 03.809s,    000h 04m 32.425s
76,    3845,    276270,    000h 00m 03.845s,    000h 04m 36.270s
77,    4028,    280298,    000h 00m 04.028s,    000h 04m 40.298s
78,    4067,    284365,    000h 00m 04.067s,    000h 04m 44.365s
79,    4652,    289017,    000h 00m 04.652s,    000h 04m 49.017s
80,    4036,    293053,    000h 00m 04.036s,    000h 04m 53.053s
81,    4672,    297725,    000h 00m 04.672s,    000h 04m 57.725s
82,    3890,    301615,    000h 00m 03.890s,    000h 05m 01.615s
83,    4554,    306169,    000h 00m 04.554s,    000h 05m 06.169s
84,    3568,    309737,    000h 00m 03.568s,    000h 05m 09.737s
85,    4286,    314023,    000h 00m 04.286s,    000h 05m 14.023s
86,    3832,    317855,    000h 00m 03.832s,    000h 05m 17.855s
87,    4426,    322281,    000h 00m 04.426s,    000h 05m 22.281s
88,    4100,    326381,    000h 00m 04.100s,    000h 05m 26.381s
89,    4527,    330908,    000h 00m 04.527s,    000h 05m 30.908s
90,    4001,    334909,    000h 00m 04.001s,    000h 05m 34.909s
91,    3923,    338832,    000h 00m 03.923s,    000h 05m 38.832s
92,    3797,    342629,    000h 00m 03.797s,    000h 05m 42.629s
93,    4485,    347114,    000h 00m 04.485s,    000h 05m 47.114s
94,    4136,    351250,    000h 00m 04.136s,    000h 05m 51.250s
95,    4187,    355437,    000h 00m 04.187s,    000h 05m 55.437s
96,    4104,    359541,    000h 00m 04.104s,    000h 05m 59.541s
97,    3888,    363429,    000h 00m 03.888s,    000h 06m 03.429s
98,    4316,    367745,    000h 00m 04.316s,    000h 06m 07.745s
99,    3958,    371703,    000h 00m 03.958s,    000h 06m 11.703s
100,    4021,    375724,    000h 00m 04.021s,    000h 06m 15.724s
101,    3906,    379630,    000h 00m 03.906s,    000h 06m 19.630s
102,    4284,    383914,    000h 00m 04.284s,    000h 06m 23.914s
103,    4529,    388443,    000h 00m 04.529s,    000h 06m 28.443s
104,    3792,    392235,    000h 00m 03.792s,    000h 06m 32.235s
105,    4536,    396771,    000h 00m 04.536s,    000h 06m 36.771s
106,    3663,    400434,    000h 00m 03.663s,    000h 06m 40.434s
107,    4252,    404686,    000h 00m 04.252s,    000h 06m 44.686s
108,    3996,    408682,    000h 00m 03.996s,    000h 06m 48.682s
109,    3920,    412602,    000h 00m 03.920s,    000h 06m 52.602s
110,    4564,    417166,    000h 00m 04.564s,    000h 06m 57.166s
111,    4627,    421793,    000h 00m 04.627s,    000h 07m 01.793s
112,    3705,    425498,    000h 00m 03.705s,    000h 07m 05.498s
113,    4070,    429568,    000h 00m 04.070s,    000h 07m 09.568s
114,    4454,    434022,    000h 00m 04.454s,    000h 07m 14.022s
115,    3851,    437873,    000h 00m 03.851s,    000h 07m 17.873s
116,    4182,    442055,    000h 00m 04.182s,    000h 07m 22.055s
117,    4127,    446182,    000h 00m 04.127s,    000h 07m 26.182s
118,    4405,    450587,    000h 00m 04.405s,    000h 07m 30.587s
119,    4177,    454764,    000h 00m 04.177s,    000h 07m 34.764s
120,    3957,    458721,    000h 00m 03.957s,    000h 07m 38.721s
121,    3728,    462449,    000h 00m 03.728s,    000h 07m 42.449s
122,    3875,    466324,    000h 00m 03.875s,    000h 07m 46.324s
123,    4323,    470647,    000h 00m 04.323s,    000h 07m 50.647s
124,    3912,    474559,    000h 00m 03.912s,    000h 07m 54.559s
125,    4539,    479098,    000h 00m 04.539s,    000h 07m 59.098s
126,    3916,    483014,    000h 00m 03.916s,    000h 08m 03.014s
127,    4467,    487481,    000h 00m 04.467s,    000h 08m 07.481s
128,    4311,    491792,    000h 00m 04.311s,    000h 08m 11.792s
129,    3917,    495709,    000h 00m 03.917s,    000h 08m 15.709s
130,    4133,    499842,    000h 00m 04.133s,    000h 08m 19.842s
131,    3890,    503732,    000h 00m 03.890s,    000h 08m 23.732s
132,    4449,    508181,    000h 00m 04.449s,    000h 08m 28.181s
133,    3874,    512055,    000h 00m 03.874s,    000h 08m 32.055s
134,    4604,    516659,    000h 00m 04.604s,    000h 08m 36.659s
135,    3940,    520599,    000h 00m 03.940s,    000h 08m 40.599s
136,    4395,    524994,    000h 00m 04.395s,    000h 08m 44.994s
137,    3961,    528955,    000h 00m 03.961s,    000h 08m 48.955s
138,    4492,    533447,    000h 00m 04.492s,    000h 08m 53.447s
139,    4341,    537788,    000h 00m 04.341s,    000h 08m 57.788s
140,    4481,    542269,    000h 00m 04.481s,    000h 09m 02.269s
141,    3903,    546172,    000h 00m 03.903s,    000h 09m 06.172s
142,    4350,    550522,    000h 00m 04.350s,    000h 09m 10.522s
143,    4255,    554777,    000h 00m 04.255s,    000h 09m 14.777s
144,    4431,    559208,    000h 00m 04.431s,    000h 09m 19.208s
145,    4139,    563347,    000h 00m 04.139s,    000h 09m 23.347s
146,    3935,    567282,    000h 00m 03.935s,    000h 09m 27.282s
147,    3761,    571043,    000h 00m 03.761s,    000h 09m 31.043s
148,    3737,    574780,    000h 00m 03.737s,    000h 09m 34.780s
149,    4038,    578818,    000h 00m 04.038s,    000h 09m 38.818s
150,    4065,    582883,    000h 00m 04.065s,    000h 09m 42.883s
151,    3953,    586836,    000h 00m 03.953s,    000h 09m 46.836s
152,    4464,    591300,    000h 00m 04.464s,    000h 09m 51.300s
153,    4760,    596060,    000h 00m 04.760s,    000h 09m 56.060s
154,    3790,    599850,    000h 00m 03.790s,    000h 09m 59.850s
155,    4704,    604554,    000h 00m 04.704s,    000h 10m 04.554s
156,    3876,    608430,    000h 00m 03.876s,    000h 10m 08.430s
157,    4450,    612880,    000h 00m 04.450s,    000h 10m 12.880s
158,    4046,    616926,    000h 00m 04.046s,    000h 10m 16.926s
159,    4183,    621109,    000h 00m 04.183s,    000h 10m 21.109s
160,    4410,    625519,    000h 00m 04.410s,    000h 10m 25.519s
161,    4316,    629835,    000h 00m 04.316s,    000h 10m 29.835s
162,    4487,    634322,    000h 00m 04.487s,    000h 10m 34.322s
163,    4515,    638837,    000h 00m 04.515s,    000h 10m 38.837s
164,    4310,    643147,    000h 00m 04.310s,    000h 10m 43.147s
165,    4243,    647390,    000h 00m 04.243s,    000h 10m 47.390s
166,    4234,    651624,    000h 00m 04.234s,    000h 10m 51.624s
167,    3889,    655513,    000h 00m 03.889s,    000h 10m 55.513s
168,    3876,    659389,    000h 00m 03.876s,    000h 10m 59.389s
169,    3816,    663205,    000h 00m 03.816s,    000h 11m 03.205s
170,    4018,    667223,    000h 00m 04.018s,    000h 11m 07.223s
171,    4189,    671412,    000h 00m 04.189s,    000h 11m 11.412s
172,    4236,    675648,    000h 00m 04.236s,    000h 11m 15.648s
173,    3903,    679551,    000h 00m 03.903s,    000h 11m 19.551s
174,    4762,    684313,    000h 00m 04.762s,    000h 11m 24.313s
175,    4571,    688884,    000h 00m 04.571s,    000h 11m 28.884s
176,    4525,    693409,    000h 00m 04.525s,    000h 11m 33.409s
177,    4365,    697774,    000h 00m 04.365s,    000h 11m 37.774s
178,    4322,    702096,    000h 00m 04.322s,    000h 11m 42.096s
179,    4595,    706691,    000h 00m 04.595s,    000h 11m 46.691s
180,    4686,    711377,    000h 00m 04.686s,    000h 11m 51.377s
181,    3851,    715228,    000h 00m 03.851s,    000h 11m 55.228s
182,    4654,    719882,    000h 00m 04.654s,    000h 11m 59.882s
183,    4024,    723906,    000h 00m 04.024s,    000h 12m 03.906s
184,    4401,    728307,    000h 00m 04.401s,    000h 12m 08.307s
185,    4238,    732545,    000h 00m 04.238s,    000h 12m 12.545s
186,    4419,    736964,    000h 00m 04.419s,    000h 12m 16.964s
187,    4136,    741100,    000h 00m 04.136s,    000h 12m 21.100s
188,    4676,    745776,    000h 00m 04.676s,    000h 12m 25.776s
189,    4069,    749845,    000h 00m 04.069s,    000h 12m 29.845s
190,    4227,    754072,    000h 00m 04.227s,    000h 12m 34.072s
191,    3868,    757940,    000h 00m 03.868s,    000h 12m 37.940s
192,    4252,    762192,    000h 00m 04.252s,    000h 12m 42.192s
193,    4415,    766607,    000h 00m 04.415s,    000h 12m 46.607s
194,    4440,    771047,    000h 00m 04.440s,    000h 12m 51.047s
195,    3781,    774828,    000h 00m 03.781s,    000h 12m 54.828s
196,    4206,    779034,    000h 00m 04.206s,    000h 12m 59.034s
197,    4415,    783449,    000h 00m 04.415s,    000h 13m 03.449s
198,    4616,    788065,    000h 00m 04.616s,    000h 13m 08.065s
199,    4228,    792293,    000h 00m 04.228s,    000h 13m 12.293s
200,    3898,    796191,    000h 00m 03.898s,    000h 13m 16.191s
201,    4522,    800713,    000h 00m 04.522s,    000h 13m 20.713s
202,    4305,    805018,    000h 00m 04.305s,    000h 13m 25.018s
203,    4607,    809625,    000h 00m 04.607s,    000h 13m 29.625s
204,    4369,    813994,    000h 00m 04.369s,    000h 13m 33.994s
205,    4412,    818406,    000h 00m 04.412s,    000h 13m 38.406s
206,    3869,    822275,    000h 00m 03.869s,    000h 13m 42.275s
207,    4087,    826362,    000h 00m 04.087s,    000h 13m 46.362s
208,    4614,    830976,    000h 00m 04.614s,    000h 13m 50.976s
209,    4030,    835006,    000h 00m 04.030s,    000h 13m 55.006s
210,    4002,    839008,    000h 00m 04.002s,    000h 13m 59.008s
211,    4398,    843406,    000h 00m 04.398s,    000h 14m 03.406s
212,    4145,    847551,    000h 00m 04.145s,    000h 14m 07.551s
213,    4382,    851933,    000h 00m 04.382s,    000h 14m 11.933s
214,    4467,    856400,    000h 00m 04.467s,    000h 14m 16.400s
215,    3696,    860096,    000h 00m 03.696s,    000h 14m 20.096s
216,    4000,    864096,    000h 00m 04.000s,    000h 14m 24.096s
217,    4107,    868203,    000h 00m 04.107s,    000h 14m 28.203s
218,    4272,    872475,    000h 00m 04.272s,    000h 14m 32.475s
219,    3870,    876345,    000h 00m 03.870s,    000h 14m 36.345s
220,    4408,    880753,    000h 00m 04.408s,    000h 14m 40.753s
221,    4381,    885134,    000h 00m 04.381s,    000h 14m 45.134s
222,    4676,    889810,    000h 00m 04.676s,    000h 14m 49.810s
223,    4446,    894256,    000h 00m 04.446s,    000h 14m 54.256s
224,    4294,    898550,    000h 00m 04.294s,    000h 14m 58.550s
225,    4258,    902808,    000h 00m 04.258s,    000h 15m 02.808s
226,    4163,    906971,    000h 00m 04.163s,    000h 15m 06.971s
227,    4432,    911403,    000h 00m 04.432s,    000h 15m 11.403s
228,    4512,    915915,    000h 00m 04.512s,    000h 15m 15.915s
229,    4810,    920725,    000h 00m 04.810s,    000h 15m 20.725s
230,    4387,    925112,    000h 00m 04.387s,    000h 15m 25.112s
231,    4466,    929578,    000h 00m 04.466s,    000h 15m 29.578s
232,    3944,    933522,    000h 00m 03.944s,    000h 15m 33.522s
233,    4098,    937620,    000h 00m 04.098s,    000h 15m 37.620s
234,    4177,    941797,    000h 00m 04.177s,    000h 15m 41.797s
235,    3970,    945767,    000h 00m 03.970s,    000h 15m 45.767s
236,    4444,    950211,    000h 00m 04.444s,    000h 15m 50.211s
237,    4473,    954684,    000h 00m 04.473s,    000h 15m 54.684s
238,    3793,    958477,    000h 00m 03.793s,    000h 15m 58.477s
239,    4215,    962692,    000h 00m 04.215s,    000h 16m 02.692s
240,    3822,    966514,    000h 00m 03.822s,    000h 16m 06.514s
241,    4424,    970938,    000h 00m 04.424s,    000h 16m 10.938s
242,    4514,    975452,    000h 00m 04.514s,    000h 16m 15.452s
243,    3752,    979204,    000h 00m 03.752s,    000h 16m 19.204s
244,    4239,    983443,    000h 00m 04.239s,    000h 16m 23.443s
245,    3764,    987207,    000h 00m 03.764s,    000h 16m 27.207s
246,    4557,    991764,    000h 00m 04.557s,    000h 16m 31.764s
247,    3771,    995535,    000h 00m 03.771s,    000h 16m 35.535s
248,    4547,    1000082,    000h 00m 04.547s,    000h 16m 40.082s
249,    3810,    1003892,    000h 00m 03.810s,    000h 16m 43.892s
250,    4502,    1008394,    000h 00m 04.502s,    000h 16m 48.394s
251,    4428,    1012822,    000h 00m 04.428s,    000h 16m 52.822s
252,    4299,    1017121,    000h 00m 04.299s,    000h 16m 57.121s
253,    4085,    1021206,    000h 00m 04.085s,    000h 17m 01.206s
254,    4533,    1025739,    000h 00m 04.533s,    000h 17m 05.739s
255,    4636,    1030375,    000h 00m 04.636s,    000h 17m 10.375s
256,    3780,    1034155,    000h 00m 03.780s,    000h 17m 14.155s
257,    4327,    1038482,    000h 00m 04.327s,    000h 17m 18.482s
258,    4487,    1042969,    000h 00m 04.487s,    000h 17m 22.969s
259,    4589,    1047558,    000h 00m 04.589s,    000h 17m 27.558s
260,    3786,    1051344,    000h 00m 03.786s,    000h 17m 31.344s
261,    4414,    1055758,    000h 00m 04.414s,    000h 17m 35.758s
262,    4250,    1060008,    000h 00m 04.250s,    000h 17m 40.008s
263,    3958,    1063966,    000h 00m 03.958s,    000h 17m 43.966s
264,    4489,    1068455,    000h 00m 04.489s,    000h 17m 48.455s
265,    3970,    1072425,    000h 00m 03.970s,    000h 17m 52.425s
266,    4121,    1076546,    000h 00m 04.121s,    000h 17m 56.546s
267,    4528,    1081074,    000h 00m 04.528s,    000h 18m 01.074s
268,    4698,    1085772,    000h 00m 04.698s,    000h 18m 05.772s
269,    3933,    1089705,    000h 00m 03.933s,    000h 18m 09.705s
270,    4582,    1094287,    000h 00m 04.582s,    000h 18m 14.287s
271,    3984,    1098271,    000h 00m 03.984s,    000h 18m 18.271s
272,    4179,    1102450,    000h 00m 04.179s,    000h 18m 22.450s
273,    4070,    1106520,    000h 00m 04.070s,    000h 18m 26.520s
274,    3718,    1110238,    000h 00m 03.718s,    000h 18m 30.238s
275,    3847,    1114085,    000h 00m 03.847s,    000h 18m 34.085s
276,    4457,    1118542,    000h 00m 04.457s,    000h 18m 38.542s
277,    4479,    1123021,    000h 00m 04.479s,    000h 18m 43.021s
278,    4368,    1127389,    000h 00m 04.368s,    000h 18m 47.389s
279,    3882,    1131271,    000h 00m 03.882s,    000h 18m 51.271s
280,    3857,    1135128,    000h 00m 03.857s,    000h 18m 55.128s
281,    3817,    1138945,    000h 00m 03.817s,    000h 18m 58.945s
282,    4349,    1143294,    000h 00m 04.349s,    000h 19m 03.294s
283,    3986,    1147280,    000h 00m 03.986s,    000h 19m 07.280s
284,    4327,    1151607,    000h 00m 04.327s,    000h 19m 11.607s
285,    4162,    1155769,    000h 00m 04.162s,    000h 19m 15.769s
286,    4041,    1159810,    000h 00m 04.041s,    000h 19m 19.810s
287,    4167,    1163977,    000h 00m 04.167s,    000h 19m 23.977s
288,    4157,    1168134,    000h 00m 04.157s,    000h 19m 28.134s
289,    4209,    1172343,    000h 00m 04.209s,    000h 19m 32.343s
290,    4422,    1176765,    000h 00m 04.422s,    000h 19m 36.765s
291,    4142,    1180907,    000h 00m 04.142s,    000h 19m 40.907s
292,    4610,    1185517,    000h 00m 04.610s,    000h 19m 45.517s
293,    4167,    1189684,    000h 00m 04.167s,    000h 19m 49.684s
294,    4139,    1193823,    000h 00m 04.139s,    000h 19m 53.823s
295,    4411,    1198234,    000h 00m 04.411s,    000h 19m 58.234s
296,    3657,    1201891,    000h 00m 03.657s,    000h 20m 01.891s
297,    3799,    1205690,    000h 00m 03.799s,    000h 20m 05.690s
298,    4219,    1209909,    000h 00m 04.219s,    000h 20m 09.909s
299,    4672,    1214581,    000h 00m 04.672s,    000h 20m 14.581s
300,    4487,    1219068,    000h 00m 04.487s,    000h 20m 19.068s
301,    4490,    1223558,    000h 00m 04.490s,    000h 20m 23.558s
302,    3984,    1227542,    000h 00m 03.984s,    000h 20m 27.542s
303,    4118,    1231660,    000h 00m 04.118s,    000h 20m 31.660s
304,    4673,    1236333,    000h 00m 04.673s,    000h 20m 36.333s
305,    4514,    1240847,    000h 00m 04.514s,    000h 20m 40.847s
306,    3929,    1244776,    000h 00m 03.929s,    000h 20m 44.776s
307,    3767,    1248543,    000h 00m 03.767s,    000h 20m 48.543s
308,    4363,    1252906,    000h 00m 04.363s,    000h 20m 52.906s
309,    4505,    1257411,    000h 00m 04.505s,    000h 20m 57.411s
310,    3972,    1261383,    000h 00m 03.972s,    000h 21m 01.383s
311,    4303,    1265686,    000h 00m 04.303s,    000h 21m 05.686s
312,    4345,    1270031,    000h 00m 04.345s,    000h 21m 10.031s
313,    3929,    1273960,    000h 00m 03.929s,    000h 21m 13.960s
314,    4360,    1278320,    000h 00m 04.360s,    000h 21m 18.320s
315,    4084,    1282404,    000h 00m 04.084s,    000h 21m 22.404s
316,    3875,    1286279,    000h 00m 03.875s,    000h 21m 26.279s
317,    3996,    1290275,    000h 00m 03.996s,    000h 21m 30.275s
318,    4102,    1294377,    000h 00m 04.102s,    000h 21m 34.377s
319,    3801,    1298178,    000h 00m 03.801s,    000h 21m 38.178s
320,    4541,    1302719,    000h 00m 04.541s,    000h 21m 42.719s
321,    4528,    1307247,    000h 00m 04.528s,    000h 21m 47.247s
322,    4570,    1311817,    000h 00m 04.570s,    000h 21m 51.817s
323,    4237,    1316054,    000h 00m 04.237s,    000h 21m 56.054s
324,    4672,    1320726,    000h 00m 04.672s,    000h 22m 00.726s
325,    3914,    1324640,    000h 00m 03.914s,    000h 22m 04.640s
326,    4190,    1328830,    000h 00m 04.190s,    000h 22m 08.830s
327,    3858,    1332688,    000h 00m 03.858s,    000h 22m 12.688s
328,    4227,    1336915,    000h 00m 04.227s,    000h 22m 16.915s
329,    4291,    1341206,    000h 00m 04.291s,    000h 22m 21.206s
330,    4469,    1345675,    000h 00m 04.469s,    000h 22m 25.675s
331,    4143,    1349818,    000h 00m 04.143s,    000h 22m 29.818s
332,    3931,    1353749,    000h 00m 03.931s,    000h 22m 33.749s
333,    3943,    1357692,    000h 00m 03.943s,    000h 22m 37.692s
334,    4010,    1361702,    000h 00m 04.010s,    000h 22m 41.702s
335,    3866,    1365568,    000h 00m 03.866s,    000h 22m 45.568s
336,    3706,    1369274,    000h 00m 03.706s,    000h 22m 49.274s
337,    3852,    1373126,    000h 00m 03.852s,    000h 22m 53.126s
338,    3710,    1376836,    000h 00m 03.710s,    000h 22m 56.836s
339,    4319,    1381155,    000h 00m 04.319s,    000h 23m 01.155s
340,    4256,    1385411,    000h 00m 04.256s,    000h 23m 05.411s
341,    4264,    1389675,    000h 00m 04.264s,    000h 23m 09.675s
342,    4733,    1394408,    000h 00m 04.733s,    000h 23m 14.408s
343,    4653,    1399061,    000h 00m 04.653s,    000h 23m 19.061s
344,    4409,    1403470,    000h 00m 04.409s,    000h 23m 23.470s
345,    4589,    1408059,    000h 00m 04.589s,    000h 23m 28.059s
346,    4575,    1412634,    000h 00m 04.575s,    000h 23m 32.634s
347,    4504,    1417138,    000h 00m 04.504s,    000h 23m 37.138s
348,    4581,    1421719,    000h 00m 04.581s,    000h 23m 41.719s
349,    4554,    1426273,    000h 00m 04.554s,    000h 23m 46.273s
350,    3662,    1429935,    000h 00m 03.662s,    000h 23m 49.935s
351,    4679,    1434614,    000h 00m 04.679s,    000h 23m 54.614s
352,    4179,    1438793,    000h 00m 04.179s,    000h 23m 58.793s
353,    4296,    1443089,    000h 00m 04.296s,    000h 24m 03.089s
354,    4351,    1447440,    000h 00m 04.351s,    000h 24m 07.440s
355,    3834,    1451274,    000h 00m 03.834s,    000h 24m 11.274s
356,    4490,    1455764,    000h 00m 04.490s,    000h 24m 15.764s
357,    4371,    1460135,    000h 00m 04.371s,    000h 24m 20.135s
358,    4343,    1464478,    000h 00m 04.343s,    000h 24m 24.478s
359,    4500,    1468978,    000h 00m 04.500s,    000h 24m 28.978s
360,    4147,    1473125,    000h 00m 04.147s,    000h 24m 33.125s
361,    4244,    1477369,    000h 00m 04.244s,    000h 24m 37.369s
362,    3749,    1481118,    000h 00m 03.749s,    000h 24m 41.118s
363,    4241,    1485359,    000h 00m 04.241s,    000h 24m 45.359s
364,    4605,    1489964,    000h 00m 04.605s,    000h 24m 49.964s
365,    3937,    1493901,    000h 00m 03.937s,    000h 24m 53.901s
366,    4676,    1498577,    000h 00m 04.676s,    000h 24m 58.577s
367,    3749,    1502326,    000h 00m 03.749s,    000h 25m 02.326s
368,    4267,    1506593,    000h 00m 04.267s,    000h 25m 06.593s
369,    4099,    1510692,    000h 00m 04.099s,    000h 25m 10.692s
370,    4229,    1514921,    000h 00m 04.229s,    000h 25m 14.921s
371,    4538,    1519459,    000h 00m 04.538s,    000h 25m 19.459s
372,    4483,    1523942,    000h 00m 04.483s,    000h 25m 23.942s
373,    4197,    1528139,    000h 00m 04.197s,    000h 25m 28.139s
374,    4468,    1532607,    000h 00m 04.468s,    000h 25m 32.607s
375,    4043,    1536650,    000h 00m 04.043s,    000h 25m 36.650s
376,    3939,    1540589,    000h 00m 03.939s,    000h 25m 40.589s
377,    4346,    1544935,    000h 00m 04.346s,    000h 25m 44.935s
378,    3765,    1548700,    000h 00m 03.765s,    000h 25m 48.700s
379,    4352,    1553052,    000h 00m 04.352s,    000h 25m 53.052s
380,    3834,    1556886,    000h 00m 03.834s,    000h 25m 56.886s
381,    4111,    1560997,    000h 00m 04.111s,    000h 26m 00.997s
382,    4082,    1565079,    000h 00m 04.082s,    000h 26m 05.079s
383,    4117,    1569196,    000h 00m 04.117s,    000h 26m 09.196s
384,    3935,    1573131,    000h 00m 03.935s,    000h 26m 13.131s
385,    4198,    1577329,    000h 00m 04.198s,    000h 26m 17.329s
386,    4326,    1581655,    000h 00m 04.326s,    000h 26m 21.655s
387,    3660,    1585315,    000h 00m 03.660s,    000h 26m 25.315s
388,    4542,    1589857,    000h 00m 04.542s,    000h 26m 29.857s
389,    3937,    1593794,    000h 00m 03.937s,    000h 26m 33.794s
390,    4133,    1597927,    000h 00m 04.133s,    000h 26m 37.927s
391,    4526,    1602453,    000h 00m 04.526s,    000h 26m 42.453s
392,    3946,    1606399,    000h 00m 03.946s,    000h 26m 46.399s
393,    4502,    1610901,    000h 00m 04.502s,    000h 26m 50.901s
394,    4482,    1615383,    000h 00m 04.482s,    000h 26m 55.383s
395,    3921,    1619304,    000h 00m 03.921s,    000h 26m 59.304s
396,    4573,    1623877,    000h 00m 04.573s,    000h 27m 03.877s
397,    4282,    1628159,    000h 00m 04.282s,    000h 27m 08.159s
398,    4139,    1632298,    000h 00m 04.139s,    000h 27m 12.298s
399,    4096,    1636394,    000h 00m 04.096s,    000h 27m 16.394s
400,    4111,    1640505,    000h 00m 04.111s,    000h 27m 20.505s
401,    4120,    1644625,    000h 00m 04.120s,    000h 27m 24.625s
402,    4683,    1649308,    000h 00m 04.683s,    000h 27m 29.308s
403,    4470,    1653778,    000h 00m 04.470s,    000h 27m 33.778s
404,    4131,    1657909,    000h 00m 04.131s,    000h 27m 37.909s
405,    4319,    1662228,    000h 00m 04.319s,    000h 27m 42.228s
406,    4277,    1666505,    000h 00m 04.277s,    000h 27m 46.505s
407,    4426,    1670931,    000h 00m 04.426s,    000h 27m 50.931s
408,    4349,    1675280,    000h 00m 04.349s,    000h 27m 55.280s
409,    4166,    1679446,    000h 00m 04.166s,    000h 27m 59.446s
410,    4184,    1683630,    000h 00m 04.184s,    000h 28m 03.630s
411,    4532,    1688162,    000h 00m 04.532s,    000h 28m 08.162s
412,    3845,    1692007,    000h 00m 03.845s,    000h 28m 12.007s
413,    4090,    1696097,    000h 00m 04.090s,    000h 28m 16.097s
414,    4182,    1700279,    000h 00m 04.182s,    000h 28m 20.279s
415,    3857,    1704136,    000h 00m 03.857s,    000h 28m 24.136s
416,    4717,    1708853,    000h 00m 04.717s,    000h 28m 28.853s
417,    4565,    1713418,    000h 00m 04.565s,    000h 28m 33.418s
418,    4601,    1718019,    000h 00m 04.601s,    000h 28m 38.019s
419,    3842,    1721861,    000h 00m 03.842s,    000h 28m 41.861s
420,    3886,    1725747,    000h 00m 03.886s,    000h 28m 45.747s
421,    4314,    1730061,    000h 00m 04.314s,    000h 28m 50.061s
422,    3835,    1733896,    000h 00m 03.835s,    000h 28m 53.896s
423,    4004,    1737900,    000h 00m 04.004s,    000h 28m 57.900s
424,    3703,    1741603,    000h 00m 03.703s,    000h 29m 01.603s
425,    4439,    1746042,    000h 00m 04.439s,    000h 29m 06.042s
426,    4528,    1750570,    000h 00m 04.528s,    000h 29m 10.570s
427,    4464,    1755034,    000h 00m 04.464s,    000h 29m 15.034s
428,    4017,    1759051,    000h 00m 04.017s,    000h 29m 19.051s
429,    3798,    1762849,    000h 00m 03.798s,    000h 29m 22.849s
430,    3975,    1766824,    000h 00m 03.975s,    000h 29m 26.824s
431,    4524,    1771348,    000h 00m 04.524s,    000h 29m 31.348s
432,    4398,    1775746,    000h 00m 04.398s,    000h 29m 35.746s
433,    4312,    1780058,    000h 00m 04.312s,    000h 29m 40.058s
434,    3899,    1783957,    000h 00m 03.899s,    000h 29m 43.957s
435,    4219,    1788176,    000h 00m 04.219s,    000h 29m 48.176s
436,    4508,    1792684,    000h 00m 04.508s,    000h 29m 52.684s
437,    3696,    1796380,    000h 00m 03.696s,    000h 29m 56.380s
438,    3804,    1800184,    000h 00m 03.804s,    000h 30m 00.184s
439,    4101,    1804285,    000h 00m 04.101s,    000h 30m 04.285s
440,    4646,    1808931,    000h 00m 04.646s,    000h 30m 08.931s
441,    4288,    1813219,    000h 00m 04.288s,    000h 30m 13.219s
442,    4176,    1817395,    000h 00m 04.176s,    000h 30m 17.395s
443,    4459,    1821854,    000h 00m 04.459s,    000h 30m 21.854s
444,    4689,    1826543,    000h 00m 04.689s,    000h 30m 26.543s
445,    3738,    1830281,    000h 00m 03.738s,    000h 30m 30.281s
446,    3901,    1834182,    000h 00m 03.901s,    000h 30m 34.182s
447,    4135,    1838317,    000h 00m 04.135s,    000h 30m 38.317s
448,    3769,    1842086,    000h 00m 03.769s,    000h 30m 42.086s
449,    3762,    1845848,    000h 00m 03.762s,    000h 30m 45.848s
450,    3909,    1849757,    000h 00m 03.909s,    000h 30m 49.757s
451,    4267,    1854024,    000h 00m 04.267s,    000h 30m 54.024s
452,    4223,    1858247,    000h 00m 04.223s,    000h 30m 58.247s
453,    4060,    1862307,    000h 00m 04.060s,    000h 31m 02.307s
454,    4318,    1866625,    000h 00m 04.318s,    000h 31m 06.625s
455,    4351,    1870976,    000h 00m 04.351s,    000h 31m 10.976s
456,    4318,    1875294,    000h 00m 04.318s,    000h 31m 15.294s
457,    3855,    1879149,    000h 00m 03.855s,    000h 31m 19.149s
458,    3901,    1883050,    000h 00m 03.901s,    000h 31m 23.050s
459,    3986,    1887036,    000h 00m 03.986s,    000h 31m 27.036s
460,    4291,    1891327,    000h 00m 04.291s,    000h 31m 31.327s
461,    4075,    1895402,    000h 00m 04.075s,    000h 31m 35.402s
462,    3818,    1899220,    000h 00m 03.818s,    000h 31m 39.220s
463,    4729,    1903949,    000h 00m 04.729s,    000h 31m 43.949s
464,    4018,    1907967,    000h 00m 04.018s,    000h 31m 47.967s
465,    4576,    1912543,    000h 00m 04.576s,    000h 31m 52.543s
466,    4148,    1916691,    000h 00m 04.148s,    000h 31m 56.691s
467,    4372,    1921063,    000h 00m 04.372s,    000h 32m 01.063s
468,    4501,    1925564,    000h 00m 04.501s,    000h 32m 05.564s
469,    3788,    1929352,    000h 00m 03.788s,    000h 32m 09.352s
470,    4281,    1933633,    000h 00m 04.281s,    000h 32m 13.633s
471,    3666,    1937299,    000h 00m 03.666s,    000h 32m 17.299s
472,    4023,    1941322,    000h 00m 04.023s,    000h 32m 21.322s
473,    4236,    1945558,    000h 00m 04.236s,    000h 32m 25.558s
474,    4111,    1949669,    000h 00m 04.111s,    000h 32m 29.669s
475,    3900,    1953569,    000h 00m 03.900s,    000h 32m 33.569s
476,    4432,    1958001,    000h 00m 04.432s,    000h 32m 38.001s
477,    4545,    1962546,    000h 00m 04.545s,    000h 32m 42.546s
478,    3818,    1966364,    000h 00m 03.818s,    000h 32m 46.364s
479,    4377,    1970741,    000h 00m 04.377s,    000h 32m 50.741s
480,    4489,    1975230,    000h 00m 04.489s,    000h 32m 55.230s
481,    4662,    1979892,    000h 00m 04.662s,    000h 32m 59.892s
482,    3875,    1983767,    000h 00m 03.875s,    000h 33m 03.767s
483,    4122,    1987889,    000h 00m 04.122s,    000h 33m 07.889s
484,    3809,    1991698,    000h 00m 03.809s,    000h 33m 11.698s
485,    3508,    1995206,    000h 00m 03.508s,    000h 33m 15.206s
486,    3984,    1999190,    000h 00m 03.984s,    000h 33m 19.190s
487,    4446,    2003636,    000h 00m 04.446s,    000h 33m 23.636s
488,    4334,    2007970,    000h 00m 04.334s,    000h 33m 27.970s
489,    4384,    2012354,    000h 00m 04.384s,    000h 33m 32.354s
490,    4070,    2016424,    000h 00m 04.070s,    000h 33m 36.424s
491,    4334,    2020758,    000h 00m 04.334s,    000h 33m 40.758s
492,    4242,    2025000,    000h 00m 04.242s,    000h 33m 45.000s
493,    3844,    2028844,    000h 00m 03.844s,    000h 33m 48.844s
494,    4025,    2032869,    000h 00m 04.025s,    000h 33m 52.869s
495,    4103,    2036972,    000h 00m 04.103s,    000h 33m 56.972s
496,    3880,    2040852,    000h 00m 03.880s,    000h 34m 00.852s
497,    3839,    2044691,    000h 00m 03.839s,    000h 34m 04.691s
498,    4254,    2048945,    000h 00m 04.254s,    000h 34m 08.945s
499,    3942,    2052887,    000h 00m 03.942s,    000h 34m 12.887s
500,    3709,    2056596,    000h 00m 03.709s,    000h 34m 16.596s
501,    3857,    2060453,    000h 00m 03.857s,    000h 34m 20.453s
502,    4556,    2065009,    000h 00m 04.556s,    000h 34m 25.009s
503,    4169,    2069178,    000h 00m 04.169s,    000h 34m 29.178s
504,    4221,    2073399,    000h 00m 04.221s,    000h 34m 33.399s
505,    4163,    2077562,    000h 00m 04.163s,    000h 34m 37.562s
506,    4510,    2082072,    000h 00m 04.510s,    000h 34m 42.072s
507,    3951,    2086023,    000h 00m 03.951s,    000h 34m 46.023s
508,    4552,    2090575,    000h 00m 04.552s,    000h 34m 50.575s
509,    4024,    2094599,    000h 00m 04.024s,    000h 34m 54.599s
510,    3876,    2098475,    000h 00m 03.876s,    000h 34m 58.475s
511,    4014,    2102489,    000h 00m 04.014s,    000h 35m 02.489s
512,    4684,    2107173,    000h 00m 04.684s,    000h 35m 07.173s
513,    3822,    2110995,    000h 00m 03.822s,    000h 35m 10.995s
514,    4518,    2115513,    000h 00m 04.518s,    000h 35m 15.513s
515,    4416,    2119929,    000h 00m 04.416s,    000h 35m 19.929s
516,    4110,    2124039,    000h 00m 04.110s,    000h 35m 24.039s
517,    3933,    2127972,    000h 00m 03.933s,    000h 35m 27.972s
518,    3971,    2131943,    000h 00m 03.971s,    000h 35m 31.943s
519,    3683,    2135626,    000h 00m 03.683s,    000h 35m 35.626s
520,    4583,    2140209,    000h 00m 04.583s,    000h 35m 40.209s
521,    3957,    2144166,    000h 00m 03.957s,    000h 35m 44.166s
522,    4204,    2148370,    000h 00m 04.204s,    000h 35m 48.370s
523,    4374,    2152744,    000h 00m 04.374s,    000h 35m 52.744s
524,    4311,    2157055,    000h 00m 04.311s,    000h 35m 57.055s
525,    3880,    2160935,    000h 00m 03.880s,    000h 36m 00.935s
526,    4747,    2165682,    000h 00m 04.747s,    000h 36m 05.682s
527,    3915,    2169597,    000h 00m 03.915s,    000h 36m 09.597s
528,    4352,    2173949,    000h 00m 04.352s,    000h 36m 13.949s
529,    4342,    2178291,    000h 00m 04.342s,    000h 36m 18.291s
530,    4297,    2182588,    000h 00m 04.297s,    000h 36m 22.588s
531,    4010,    2186598,    000h 00m 04.010s,    000h 36m 26.598s
532,    3459,    2190057,    000h 00m 03.459s,    000h 36m 30.057s
533,    4480,    2194537,    000h 00m 04.480s,    000h 36m 34.537s
534,    4068,    2198605,    000h 00m 04.068s,    000h 36m 38.605s
535,    3852,    2202457,    000h 00m 03.852s,    000h 36m 42.457s
536,    3978,    2206435,    000h 00m 03.978s,    000h 36m 46.435s
537,    4572,    2211007,    000h 00m 04.572s,    000h 36m 51.007s
538,    3889,    2214896,    000h 00m 03.889s,    000h 36m 54.896s
539,    3732,    2218628,    000h 00m 03.732s,    000h 36m 58.628s
540,    3874,    2222502,    000h 00m 03.874s,    000h 37m 02.502s
541,    3636,    2226138,    000h 00m 03.636s,    000h 37m 06.138s
542,    4365,    2230503,    000h 00m 04.365s,    000h 37m 10.503s
543,    4330,    2234833,    000h 00m 04.330s,    000h 37m 14.833s
544,    3928,    2238761,    000h 00m 03.928s,    000h 37m 18.761s
545,    4785,    2243546,    000h 00m 04.785s,    000h 37m 23.546s
546,    3782,    2247328,    000h 00m 03.782s,    000h 37m 27.328s
547,    4294,    2251622,    000h 00m 04.294s,    000h 37m 31.622s
548,    4399,    2256021,    000h 00m 04.399s,    000h 37m 36.021s
549,    3757,    2259778,    000h 00m 03.757s,    000h 37m 39.778s
550,    4550,    2264328,    000h 00m 04.550s,    000h 37m 44.328s
551,    4372,    2268700,    000h 00m 04.372s,    000h 37m 48.700s
552,    4262,    2272962,    000h 00m 04.262s,    000h 37m 52.962s
553,    4380,    2277342,    000h 00m 04.380s,    000h 37m 57.342s
554,    4401,    2281743,    000h 00m 04.401s,    000h 38m 01.743s
555,    4432,    2286175,    000h 00m 04.432s,    000h 38m 06.175s
556,    4564,    2290739,    000h 00m 04.564s,    000h 38m 10.739s
557,    3974,    2294713,    000h 00m 03.974s,    000h 38m 14.713s
558,    4016,    2298729,    000h 00m 04.016s,    000h 38m 18.729s
559,    3948,    2302677,    000h 00m 03.948s,    000h 38m 22.677s
560,    3841,    2306518,    000h 00m 03.841s,    000h 38m 26.518s
561,    4341,    2310859,    000h 00m 04.341s,    000h 38m 30.859s
562,    4690,    2315549,    000h 00m 04.690s,    000h 38m 35.549s
563,    4015,    2319564,    000h 00m 04.015s,    000h 38m 39.564s
564,    3966,    2323530,    000h 00m 03.966s,    000h 38m 43.530s
565,    4275,    2327805,    000h 00m 04.275s,    000h 38m 47.805s
566,    4302,    2332107,    000h 00m 04.302s,    000h 38m 52.107s
567,    4148,    2336255,    000h 00m 04.148s,    000h 38m 56.255s
568,    4003,    2340258,    000h 00m 04.003s,    000h 39m 00.258s
569,    4433,    2344691,    000h 00m 04.433s,    000h 39m 04.691s
570,    4404,    2349095,    000h 00m 04.404s,    000h 39m 09.095s
571,    3807,    2352902,    000h 00m 03.807s,    000h 39m 12.902s
572,    4350,    2357252,    000h 00m 04.350s,    000h 39m 17.252s
573,    3992,    2361244,    000h 00m 03.992s,    000h 39m 21.244s
574,    4336,    2365580,    000h 00m 04.336s,    000h 39m 25.580s
575,    4131,    2369711,    000h 00m 04.131s,    000h 39m 29.711s
576,    4251,    2373962,    000h 00m 04.251s,    000h 39m 33.962s
577,    4480,    2378442,    000h 00m 04.480s,    000h 39m 38.442s
578,    4349,    2382791,    000h 00m 04.349s,    000h 39m 42.791s
579,    4350,    2387141,    000h 00m 04.350s,    000h 39m 47.141s
580,    4610,    2391751,    000h 00m 04.610s,    000h 39m 51.751s
581,    4023,    2395774,    000h 00m 04.023s,    000h 39m 55.774s
582,    3751,    2399525,    000h 00m 03.751s,    000h 39m 59.525s
583,    3735,    2403260,    000h 00m 03.735s,    000h 40m 03.260s
584,    4467,    2407727,    000h 00m 04.467s,    000h 40m 07.727s
585,    3741,    2411468,    000h 00m 03.741s,    000h 40m 11.468s
586,    4200,    2415668,    000h 00m 04.200s,    000h 40m 15.668s
587,    4312,    2419980,    000h 00m 04.312s,    000h 40m 19.980s
588,    4364,    2424344,    000h 00m 04.364s,    000h 40m 24.344s
589,    4130,    2428474,    000h 00m 04.130s,    000h 40m 28.474s
590,    4474,    2432948,    000h 00m 04.474s,    000h 40m 32.948s
591,    4309,    2437257,    000h 00m 04.309s,    000h 40m 37.257s
592,    3833,    2441090,    000h 00m 03.833s,    000h 40m 41.090s
593,    4592,    2445682,    000h 00m 04.592s,    000h 40m 45.682s
594,    4237,    2449919,    000h 00m 04.237s,    000h 40m 49.919s
595,    4066,    2453985,    000h 00m 04.066s,    000h 40m 53.985s
596,    4147,    2458132,    000h 00m 04.147s,    000h 40m 58.132s
597,    4270,    2462402,    000h 00m 04.270s,    000h 41m 02.402s
598,    4528,    2466930,    000h 00m 04.528s,    000h 41m 06.930s
599,    4442,    2471372,    000h 00m 04.442s,    000h 41m 11.372s
600,    4210,    2475582,    000h 00m 04.210s,    000h 41m 15.582s
601,    3914,    2479496,    000h 00m 03.914s,    000h 41m 19.496s
602,    4584,    2484080,    000h 00m 04.584s,    000h 41m 24.080s
603,    3722,    2487802,    000h 00m 03.722s,    000h 41m 27.802s
604,    3668,    2491470,    000h 00m 03.668s,    000h 41m 31.470s
605,    4255,    2495725,    000h 00m 04.255s,    000h 41m 35.725s
606,    4239,    2499964,    000h 00m 04.239s,    000h 41m 39.964s
607,    4169,    2504133,    000h 00m 04.169s,    000h 41m 44.133s
608,    4341,    2508474,    000h 00m 04.341s,    000h 41m 48.474s
609,    4504,    2512978,    000h 00m 04.504s,    000h 41m 52.978s
610,    3741,    2516719,    000h 00m 03.741s,    000h 41m 56.719s
611,    4447,    2521166,    000h 00m 04.447s,    000h 42m 01.166s
612,    4549,    2525715,    000h 00m 04.549s,    000h 42m 05.715s
613,    4165,    2529880,    000h 00m 04.165s,    000h 42m 09.880s
614,    3998,    2533878,    000h 00m 03.998s,    000h 42m 13.878s
615,    4250,    2538128,    000h 00m 04.250s,    000h 42m 18.128s
616,    4478,    2542606,    000h 00m 04.478s,    000h 42m 22.606s
617,    4411,    2547017,    000h 00m 04.411s,    000h 42m 27.017s
618,    4464,    2551481,    000h 00m 04.464s,    000h 42m 31.481s
619,    4427,    2555908,    000h 00m 04.427s,    000h 42m 35.908s
620,    3979,    2559887,    000h 00m 03.979s,    000h 42m 39.887s
621,    4456,    2564343,    000h 00m 04.456s,    000h 42m 44.343s
622,    3909,    2568252,    000h 00m 03.909s,    000h 42m 48.252s
623,    3681,    2571933,    000h 00m 03.681s,    000h 42m 51.933s
624,    3660,    2575593,    000h 00m 03.660s,    000h 42m 55.593s
625,    4266,    2579859,    000h 00m 04.266s,    000h 42m 59.859s
626,    3656,    2583515,    000h 00m 03.656s,    000h 43m 03.515s
627,    4416,    2587931,    000h 00m 04.416s,    000h 43m 07.931s
628,    4505,    2592436,    000h 00m 04.505s,    000h 43m 12.436s
629,    4089,    2596525,    000h 00m 04.089s,    000h 43m 16.525s
630,    4282,    2600807,    000h 00m 04.282s,    000h 43m 20.807s
631,    4157,    2604964,    000h 00m 04.157s,    000h 43m 24.964s
632,    3759,    2608723,    000h 00m 03.759s,    000h 43m 28.723s
633,    4505,    2613228,    000h 00m 04.505s,    000h 43m 33.228s
634,    3806,    2617034,    000h 00m 03.806s,    000h 43m 37.034s
635,    4305,    2621339,    000h 00m 04.305s,    000h 43m 41.339s
636,    3834,    2625173,    000h 00m 03.834s,    000h 43m 45.173s
637,    4076,    2629249,    000h 00m 04.076s,    000h 43m 49.249s
638,    4610,    2633859,    000h 00m 04.610s,    000h 43m 53.859s
639,    4070,    2637929,    000h 00m 04.070s,    000h 43m 57.929s
640,    4212,    2642141,    000h 00m 04.212s,    000h 44m 02.141s
641,    4129,    2646270,    000h 00m 04.129s,    000h 44m 06.270s
642,    4511,    2650781,    000h 00m 04.511s,    000h 44m 10.781s
643,    4194,    2654975,    000h 00m 04.194s,    000h 44m 14.975s
644,    4225,    2659200,    000h 00m 04.225s,    000h 44m 19.200s
645,    4485,    2663685,    000h 00m 04.485s,    000h 44m 23.685s
646,    3853,    2667538,    000h 00m 03.853s,    000h 44m 27.538s
647,    3724,    2671262,    000h 00m 03.724s,    000h 44m 31.262s
648,    4134,    2675396,    000h 00m 04.134s,    000h 44m 35.396s
649,    3991,    2679387,    000h 00m 03.991s,    000h 44m 39.387s
650,    3843,    2683230,    000h 00m 03.843s,    000h 44m 43.230s
651,    4067,    2687297,    000h 00m 04.067s,    000h 44m 47.297s
652,    4483,    2691780,    000h 00m 04.483s,    000h 44m 51.780s
653,    4358,    2696138,    000h 00m 04.358s,    000h 44m 56.138s
654,    3887,    2700025,    000h 00m 03.887s,    000h 45m 00.025s
655,    4265,    2704290,    000h 00m 04.265s,    000h 45m 04.290s
656,    3839,    2708129,    000h 00m 03.839s,    000h 45m 08.129s
657,    4049,    2712178,    000h 00m 04.049s,    000h 45m 12.178s
658,    4365,    2716543,    000h 00m 04.365s,    000h 45m 16.543s
659,    4305,    2720848,    000h 00m 04.305s,    000h 45m 20.848s
660,    3839,    2724687,    000h 00m 03.839s,    000h 45m 24.687s
661,    4561,    2729248,    000h 00m 04.561s,    000h 45m 29.248s
662,    4222,    2733470,    000h 00m 04.222s,    000h 45m 33.470s
663,    4258,    2737728,    000h 00m 04.258s,    000h 45m 37.728s
664,    4535,    2742263,    000h 00m 04.535s,    000h 45m 42.263s
665,    4408,    2746671,    000h 00m 04.408s,    000h 45m 46.671s
666,    3918,    2750589,    000h 00m 03.918s,    000h 45m 50.589s
667,    3788,    2754377,    000h 00m 03.788s,    000h 45m 54.377s
668,    3806,    2758183,    000h 00m 03.806s,    000h 45m 58.183s
669,    3788,    2761971,    000h 00m 03.788s,    000h 46m 01.971s
670,    4035,    2766006,    000h 00m 04.035s,    000h 46m 06.006s
671,    4107,    2770113,    000h 00m 04.107s,    000h 46m 10.113s
672,    4521,    2774634,    000h 00m 04.521s,    000h 46m 14.634s
673,    4172,    2778806,    000h 00m 04.172s,    000h 46m 18.806s
674,    4684,    2783490,    000h 00m 04.684s,    000h 46m 23.490s
675,    4019,    2787509,    000h 00m 04.019s,    000h 46m 27.509s
676,    3762,    2791271,    000h 00m 03.762s,    000h 46m 31.271s
677,    4458,    2795729,    000h 00m 04.458s,    000h 46m 35.729s
678,    3931,    2799660,    000h 00m 03.931s,    000h 46m 39.660s
679,    4715,    2804375,    000h 00m 04.715s,    000h 46m 44.375s
680,    4310,    2808685,    000h 00m 04.310s,    000h 46m 48.685s
681,    3700,    2812385,    000h 00m 03.700s,    000h 46m 52.385s
682,    4612,    2816997,    000h 00m 04.612s,    000h 46m 56.997s
683,    4165,    2821162,    000h 00m 04.165s,    000h 47m 01.162s
684,    4330,    2825492,    000h 00m 04.330s,    000h 47m 05.492s
685,    4656,    2830148,    000h 00m 04.656s,    000h 47m 10.148s
686,    3762,    2833910,    000h 00m 03.762s,    000h 47m 13.910s
687,    4076,    2837986,    000h 00m 04.076s,    000h 47m 17.986s
688,    3971,    2841957,    000h 00m 03.971s,    000h 47m 21.957s
689,    4370,    2846327,    000h 00m 04.370s,    000h 47m 26.327s
690,    4470,    2850797,    000h 00m 04.470s,    000h 47m 30.797s
691,    3765,    2854562,    000h 00m 03.765s,    000h 47m 34.562s
692,    4601,    2859163,    000h 00m 04.601s,    000h 47m 39.163s
693,    4636,    2863799,    000h 00m 04.636s,    000h 47m 43.799s
694,    3855,    2867654,    000h 00m 03.855s,    000h 47m 47.654s
695,    3842,    2871496,    000h 00m 03.842s,    000h 47m 51.496s
696,    4020,    2875516,    000h 00m 04.020s,    000h 47m 55.516s
697,    4518,    2880034,    000h 00m 04.518s,    000h 48m 00.034s
698,    4375,    2884409,    000h 00m 04.375s,    000h 48m 04.409s
699,    3891,    2888300,    000h 00m 03.891s,    000h 48m 08.300s
700,    4237,    2892537,    000h 00m 04.237s,    000h 48m 12.537s
701,    4149,    2896686,    000h 00m 04.149s,    000h 48m 16.686s
702,    4204,    2900890,    000h 00m 04.204s,    000h 48m 20.890s
703,    4157,    2905047,    000h 00m 04.157s,    000h 48m 25.047s
704,    4559,    2909606,    000h 00m 04.559s,    000h 48m 29.606s
705,    4153,    2913759,    000h 00m 04.153s,    000h 48m 33.759s
706,    4393,    2918152,    000h 00m 04.393s,    000h 48m 38.152s
707,    3879,    2922031,    000h 00m 03.879s,    000h 48m 42.031s
708,    4450,    2926481,    000h 00m 04.450s,    000h 48m 46.481s
709,    4449,    2930930,    000h 00m 04.449s,    000h 48m 50.930s
710,    3713,    2934643,    000h 00m 03.713s,    000h 48m 54.643s
711,    3843,    2938486,    000h 00m 03.843s,    000h 48m 58.486s
712,    4366,    2942852,    000h 00m 04.366s,    000h 49m 02.852s
713,    4373,    2947225,    000h 00m 04.373s,    000h 49m 07.225s
714,    4660,    2951885,    000h 00m 04.660s,    000h 49m 11.885s
715,    4554,    2956439,    000h 00m 04.554s,    000h 49m 16.439s
716,    3854,    2960293,    000h 00m 03.854s,    000h 49m 20.293s
717,    4707,    2965000,    000h 00m 04.707s,    000h 49m 25.000s
718,    4249,    2969249,    000h 00m 04.249s,    000h 49m 29.249s
719,    3833,    2973082,    000h 00m 03.833s,    000h 49m 33.082s
720,    4456,    2977538,    000h 00m 04.456s,    000h 49m 37.538s
721,    4111,    2981649,    000h 00m 04.111s,    000h 49m 41.649s
722,    4320,    2985969,    000h 00m 04.320s,    000h 49m 45.969s
723,    3637,    2989606,    000h 00m 03.637s,    000h 49m 49.606s
724,    3841,    2993447,    000h 00m 03.841s,    000h 49m 53.447s
725,    4340,    2997787,    000h 00m 04.340s,    000h 49m 57.787s
726,    4387,    3002174,    000h 00m 04.387s,    000h 50m 02.174s
727,    4505,    3006679,    000h 00m 04.505s,    000h 50m 06.679s
728,    3977,    3010656,    000h 00m 03.977s,    000h 50m 10.656s
729,    4072,    3014728,    000h 00m 04.072s,    000h 50m 14.728s
730,    4511,    3019239,    000h 00m 04.511s,    000h 50m 19.239s
731,    4537,    3023776,    000h 00m 04.537s,    000h 50m 23.776s
732,    4554,    3028330,    000h 00m 04.554s,    000h 50m 28.330s
733,    4135,    3032465,    000h 00m 04.135s,    000h 50m 32.465s
734,    4359,    3036824,    000h 00m 04.359s,    000h 50m 36.824s
735,    4218,    3041042,    000h 00m 04.218s,    000h 50m 41.042s
736,    4250,    3045292,    000h 00m 04.250s,    000h 50m 45.292s
737,    4339,    3049631,    000h 00m 04.339s,    000h 50m 49.631s
738,    4173,    3053804,    000h 00m 04.173s,    000h 50m 53.804s
739,    4496,    3058300,    000h 00m 04.496s,    000h 50m 58.300s
740,    3857,    3062157,    000h 00m 03.857s,    000h 51m 02.157s
741,    4545,    3066702,    000h 00m 04.545s,    000h 51m 06.702s
742,    4122,    3070824,    000h 00m 04.122s,    000h 51m 10.824s
743,    4108,    3074932,    000h 00m 04.108s,    000h 51m 14.932s
744,    4095,    3079027,    000h 00m 04.095s,    000h 51m 19.027s
745,    3769,    3082796,    000h 00m 03.769s,    000h 51m 22.796s
746,    4726,    3087522,    000h 00m 04.726s,    000h 51m 27.522s
747,    4451,    3091973,    000h 00m 04.451s,    000h 51m 31.973s
748,    4279,    3096252,    000h 00m 04.279s,    000h 51m 36.252s
749,    3763,    3100015,    000h 00m 03.763s,    000h 51m 40.015s
750,    4096,    3104111,    000h 00m 04.096s,    000h 51m 44.111s
751,    3778,    3107889,    000h 00m 03.778s,    000h 51m 47.889s
752,    4501,    3112390,    000h 00m 04.501s,    000h 51m 52.390s
753,    4271,    3116661,    000h 00m 04.271s,    000h 51m 56.661s
754,    4324,    3120985,    000h 00m 04.324s,    000h 52m 00.985s
755,    3609,    3124594,    000h 00m 03.609s,    000h 52m 04.594s
756,    4012,    3128606,    000h 00m 04.012s,    000h 52m 08.606s
757,    4068,    3132674,    000h 00m 04.068s,    000h 52m 12.674s
758,    3754,    3136428,    000h 00m 03.754s,    000h 52m 16.428s
759,    4344,    3140772,    000h 00m 04.344s,    000h 52m 20.772s
760,    4448,    3145220,    000h 00m 04.448s,    000h 52m 25.220s
761,    3954,    3149174,    000h 00m 03.954s,    000h 52m 29.174s
762,    3715,    3152889,    000h 00m 03.715s,    000h 52m 32.889s
763,    4334,    3157223,    000h 00m 04.334s,    000h 52m 37.223s
764,    4264,    3161487,    000h 00m 04.264s,    000h 52m 41.487s
765,    3975,    3165462,    000h 00m 03.975s,    000h 52m 45.462s
766,    4445,    3169907,    000h 00m 04.445s,    000h 52m 49.907s
767,    4686,    3174593,    000h 00m 04.686s,    000h 52m 54.593s
768,    4451,    3179044,    000h 00m 04.451s,    000h 52m 59.044s
769,    4206,    3183250,    000h 00m 04.206s,    000h 53m 03.250s
770,    4219,    3187469,    000h 00m 04.219s,    000h 53m 07.469s
771,    3799,    3191268,    000h 00m 03.799s,    000h 53m 11.268s
772,    3961,    3195229,    000h 00m 03.961s,    000h 53m 15.229s
773,    4069,    3199298,    000h 00m 04.069s,    000h 53m 19.298s
774,    4496,    3203794,    000h 00m 04.496s,    000h 53m 23.794s
775,    4656,    3208450,    000h 00m 04.656s,    000h 53m 28.450s
776,    4026,    3212476,    000h 00m 04.026s,    000h 53m 32.476s
777,    3772,    3216248,    000h 00m 03.772s,    000h 53m 36.248s
778,    4768,    3221016,    000h 00m 04.768s,    000h 53m 41.016s
779,    4091,    3225107,    000h 00m 04.091s,    000h 53m 45.107s
780,    4312,    3229419,    000h 00m 04.312s,    000h 53m 49.419s
781,    4377,    3233796,    000h 00m 04.377s,    000h 53m 53.796s
782,    3913,    3237709,    000h 00m 03.913s,    000h 53m 57.709s
783,    4216,    3241925,    000h 00m 04.216s,    000h 54m 01.925s
784,    4244,    3246169,    000h 00m 04.244s,    000h 54m 06.169s
785,    4460,    3250629,    000h 00m 04.460s,    000h 54m 10.629s
786,    4080,    3254709,    000h 00m 04.080s,    000h 54m 14.709s
787,    4099,    3258808,    000h 00m 04.099s,    000h 54m 18.808s
788,    3814,    3262622,    000h 00m 03.814s,    000h 54m 22.622s
789,    3793,    3266415,    000h 00m 03.793s,    000h 54m 26.415s
790,    4680,    3271095,    000h 00m 04.680s,    000h 54m 31.095s
791,    3825,    3274920,    000h 00m 03.825s,    000h 54m 34.920s
792,    4510,    3279430,    000h 00m 04.510s,    000h 54m 39.430s
793,    4374,    3283804,    000h 00m 04.374s,    000h 54m 43.804s
794,    4135,    3287939,    000h 00m 04.135s,    000h 54m 47.939s
795,    4326,    3292265,    000h 00m 04.326s,    000h 54m 52.265s
796,    3968,    3296233,    000h 00m 03.968s,    000h 54m 56.233s
797,    4356,    3300589,    000h 00m 04.356s,    000h 55m 00.589s
798,    3939,    3304528,    000h 00m 03.939s,    000h 55m 04.528s
799,    4261,    3308789,    000h 00m 04.261s,    000h 55m 08.789s
800,    3693,    3312482,    000h 00m 03.693s,    000h 55m 12.482s
801,    4155,    3316637,    000h 00m 04.155s,    000h 55m 16.637s
802,    3725,    3320362,    000h 00m 03.725s,    000h 55m 20.362s
803,    3888,    3324250,    000h 00m 03.888s,    000h 55m 24.250s
804,    4013,    3328263,    000h 00m 04.013s,    000h 55m 28.263s
805,    4151,    3332414,    000h 00m 04.151s,    000h 55m 32.414s
806,    4066,    3336480,    000h 00m 04.066s,    000h 55m 36.480s
807,    4501,    3340981,    000h 00m 04.501s,    000h 55m 40.981s
808,    3774,    3344755,    000h 00m 03.774s,    000h 55m 44.755s
809,    4581,    3349336,    000h 00m 04.581s,    000h 55m 49.336s
810,    3758,    3353094,    000h 00m 03.758s,    000h 55m 53.094s
811,    3752,    3356846,    000h 00m 03.752s,    000h 55m 56.846s
812,    4502,    3361348,    000h 00m 04.502s,    000h 56m 01.348s
813,    4542,    3365890,    000h 00m 04.542s,    000h 56m 05.890s
814,    4440,    3370330,    000h 00m 04.440s,    000h 56m 10.330s
815,    4085,    3374415,    000h 00m 04.085s,    000h 56m 14.415s
816,    4578,    3378993,    000h 00m 04.578s,    000h 56m 18.993s
817,    4365,    3383358,    000h 00m 04.365s,    000h 56m 23.358s
818,    4468,    3387826,    000h 00m 04.468s,    000h 56m 27.826s
819,    4295,    3392121,    000h 00m 04.295s,    000h 56m 32.121s
820,    4327,    3396448,    000h 00m 04.327s,    000h 56m 36.448s
821,    3984,    3400432,    000h 00m 03.984s,    000h 56m 40.432s
822,    3966,    3404398,    000h 00m 03.966s,    000h 56m 44.398s
823,    3771,    3408169,    000h 00m 03.771s,    000h 56m 48.169s
824,    3718,    3411887,    000h 00m 03.718s,    000h 56m 51.887s
825,    4180,    3416067,    000h 00m 04.180s,    000h 56m 56.067s
826,    4053,    3420120,    000h 00m 04.053s,    000h 57m 00.120s
827,    4560,    3424680,    000h 00m 04.560s,    000h 57m 04.680s
828,    4455,    3429135,    000h 00m 04.455s,    000h 57m 09.135s
829,    3805,    3432940,    000h 00m 03.805s,    000h 57m 12.940s
830,    3996,    3436936,    000h 00m 03.996s,    000h 57m 16.936s
831,    4478,    3441414,    000h 00m 04.478s,    000h 57m 21.414s
832,    4714,    3446128,    000h 00m 04.714s,    000h 57m 26.128s
833,    4133,    3450261,    000h 00m 04.133s,    000h 57m 30.261s
834,    4542,    3454803,    000h 00m 04.542s,    000h 57m 34.803s
835,    4485,    3459288,    000h 00m 04.485s,    000h 57m 39.288s
836,    3832,    3463120,    000h 00m 03.832s,    000h 57m 43.120s
837,    3849,    3466969,    000h 00m 03.849s,    000h 57m 46.969s
838,    3909,    3470878,    000h 00m 03.909s,    000h 57m 50.878s
839,    4164,    3475042,    000h 00m 04.164s,    000h 57m 55.042s
840,    4352,    3479394,    000h 00m 04.352s,    000h 57m 59.394s
841,    4490,    3483884,    000h 00m 04.490s,    000h 58m 03.884s
842,    4254,    3488138,    000h 00m 04.254s,    000h 58m 08.138s
843,    3889,    3492027,    000h 00m 03.889s,    000h 58m 12.027s
844,    3881,    3495908,    000h 00m 03.881s,    000h 58m 15.908s
845,    4139,    3500047,    000h 00m 04.139s,    000h 58m 20.047s
846,    3676,    3503723,    000h 00m 03.676s,    000h 58m 23.723s
847,    4175,    3507898,    000h 00m 04.175s,    000h 58m 27.898s
848,    4093,    3511991,    000h 00m 04.093s,    000h 58m 31.991s
849,    3832,    3515823,    000h 00m 03.832s,    000h 58m 35.823s
850,    4096,    3519919,    000h 00m 04.096s,    000h 58m 39.919s
851,    3824,    3523743,    000h 00m 03.824s,    000h 58m 43.743s
852,    4266,    3528009,    000h 00m 04.266s,    000h 58m 48.009s
853,    4262,    3532271,    000h 00m 04.262s,    000h 58m 52.271s
854,    4326,    3536597,    000h 00m 04.326s,    000h 58m 56.597s
855,    3937,    3540534,    000h 00m 03.937s,    000h 59m 00.534s
856,    4575,    3545109,    000h 00m 04.575s,    000h 59m 05.109s
857,    3984,    3549093,    000h 00m 03.984s,    000h 59m 09.093s
858,    3815,    3552908,    000h 00m 03.815s,    000h 59m 12.908s
859,    4198,    3557106,    000h 00m 04.198s,    000h 59m 17.106s
860,    3860,    3560966,    000h 00m 03.860s,    000h 59m 20.966s
861,    4200,    3565166,    000h 00m 04.200s,    000h 59m 25.166s
862,    4082,    3569248,    000h 00m 04.082s,    000h 59m 29.248s
863,    4662,    3573910,    000h 00m 04.662s,    000h 59m 33.910s
864,    4072,    3577982,    000h 00m 04.072s,    000h 59m 37.982s
865,    4438,    3582420,    000h 00m 04.438s,    000h 59m 42.420s
866,    3627,    3586047,    000h 00m 03.627s,    000h 59m 46.047s
867,    4627,    3590674,    000h 00m 04.627s,    000h 59m 50.674s
868,    4169,    3594843,    000h 00m 04.169s,    000h 59m 54.843s
869,    4439,    3599282,    000h 00m 04.439s,    000h 59m 59.282s
870,    4411,    3603693,    000h 00m 04.411s,    001h 00m 03.693s
871,    4228,    3607921,    000h 00m 04.228s,    001h 00m 07.921s
872,    4127,    3612048,    000h 00m 04.127s,    001h 00m 12.048s
873,    3818,    3615866,    000h 00m 03.818s,    001h 00m 15.866s
874,    4511,    3620377,    000h 00m 04.511s,    001h 00m 20.377s
875,    4632,    3625009,    000h 00m 04.632s,    001h 00m 25.009s
876,    4213,    3629222,    000h 00m 04.213s,    001h 00m 29.222s
877,    4620,    3633842,    000h 00m 04.620s,    001h 00m 33.842s
878,    4601,    3638443,    000h 00m 04.601s,    001h 00m 38.443s
879,    4473,    3642916,    000h 00m 04.473s,    001h 00m 42.916s
880,    4279,    3647195,    000h 00m 04.279s,    001h 00m 47.195s
881,    4704,    3651899,    000h 00m 04.704s,    001h 00m 51.899s
882,    3752,    3655651,    000h 00m 03.752s,    001h 00m 55.651s
883,    3853,    3659504,    000h 00m 03.853s,    001h 00m 59.504s
884,    4674,    3664178,    000h 00m 04.674s,    001h 01m 04.178s
885,    4196,    3668374,    000h 00m 04.196s,    001h 01m 08.374s
886,    4438,    3672812,    000h 00m 04.438s,    001h 01m 12.812s
887,    4091,    3676903,    000h 00m 04.091s,    001h 01m 16.903s
888,    4452,    3681355,    000h 00m 04.452s,    001h 01m 21.355s
889,    3946,    3685301,    000h 00m 03.946s,    001h 01m 25.301s
890,    4449,    3689750,    000h 00m 04.449s,    001h 01m 29.750s
891,    4496,    3694246,    000h 00m 04.496s,    001h 01m 34.246s
892,    4427,    3698673,    000h 00m 04.427s,    001h 01m 38.673s
893,    4489,    3703162,    000h 00m 04.489s,    001h 01m 43.162s
894,    4509,    3707671,    000h 00m 04.509s,    001h 01m 47.671s
895,    3921,    3711592,    000h 00m 03.921s,    001h 01m 51.592s
896,    3964,    3715556,    000h 00m 03.964s,    001h 01m 55.556s
897,    4389,    3719945,    000h 00m 04.389s,    001h 01m 59.945s
898,    4244,    3724189,    000h 00m 04.244s,    001h 02m 04.189s
899,    4278,    3728467,    000h 00m 04.278s,    001h 02m 08.467s
900,    4555,    3733022,    000h 00m 04.555s,    001h 02m 13.022s
901,    3990,    3737012,    000h 00m 03.990s,    001h 02m 17.012s
902,    4517,    3741529,    000h 00m 04.517s,    001h 02m 21.529s
903,    4089,    3745618,    000h 00m 04.089s,    001h 02m 25.618s
904,    4141,    3749759,    000h 00m 04.141s,    001h 02m 29.759s
905,    3771,    3753530,    000h 00m 03.771s,    001h 02m 33.530s
906,    4027,    3757557,    000h 00m 04.027s,    001h 02m 37.557s
907,    4634,    3762191,    000h 00m 04.634s,    001h 02m 42.191s
908,    4228,    3766419,    000h 00m 04.228s,    001h 02m 46.419s
909,    4529,    3770948,    000h 00m 04.529s,    001h 02m 50.948s
910,    4692,    3775640,    000h 00m 04.692s,    001h 02m 55.640s
911,    4047,    3779687,    000h 00m 04.047s,    001h 02m 59.687s
912,    4479,    3784166,    000h 00m 04.479s,    001h 03m 04.166s
913,    4436,    3788602,    000h 00m 04.436s,    001h 03m 08.602s
914,    3920,    3792522,    000h 00m 03.920s,    001h 03m 12.522s
915,    4097,    3796619,    000h 00m 04.097s,    001h 03m 16.619s
916,    4355,    3800974,    000h 00m 04.355s,    001h 03m 20.974s
917,    4392,    3805366,    000h 00m 04.392s,    001h 03m 25.366s
918,    3892,    3809258,    000h 00m 03.892s,    001h 03m 29.258s
919,    4515,    3813773,    000h 00m 04.515s,    001h 03m 33.773s
920,    4083,    3817856,    000h 00m 04.083s,    001h 03m 37.856s
921,    4601,    3822457,    000h 00m 04.601s,    001h 03m 42.457s
922,    4285,    3826742,    000h 00m 04.285s,    001h 03m 46.742s
923,    4082,    3830824,    000h 00m 04.082s,    001h 03m 50.824s
924,    4345,    3835169,    000h 00m 04.345s,    001h 03m 55.169s
925,    4234,    3839403,    000h 00m 04.234s,    001h 03m 59.403s
926,    3772,    3843175,    000h 00m 03.772s,    001h 04m 03.175s
927,    3797,    3846972,    000h 00m 03.797s,    001h 04m 06.972s
928,    4085,    3851057,    000h 00m 04.085s,    001h 04m 11.057s
929,    3843,    3854900,    000h 00m 03.843s,    001h 04m 14.900s
930,    4231,    3859131,    000h 00m 04.231s,    001h 04m 19.131s
931,    3909,    3863040,    000h 00m 03.909s,    001h 04m 23.040s
932,    4018,    3867058,    000h 00m 04.018s,    001h 04m 27.058s
933,    3798,    3870856,    000h 00m 03.798s,    001h 04m 30.856s
934,    4606,    3875462,    000h 00m 04.606s,    001h 04m 35.462s
935,    4443,    3879905,    000h 00m 04.443s,    001h 04m 39.905s
936,    4358,    3884263,    000h 00m 04.358s,    001h 04m 44.263s
937,    4625,    3888888,    000h 00m 04.625s,    001h 04m 48.888s
938,    4566,    3893454,    000h 00m 04.566s,    001h 04m 53.454s
939,    4409,    3897863,    000h 00m 04.409s,    001h 04m 57.863s
940,    3992,    3901855,    000h 00m 03.992s,    001h 05m 01.855s
941,    4440,    3906295,    000h 00m 04.440s,    001h 05m 06.295s
942,    4518,    3910813,    000h 00m 04.518s,    001h 05m 10.813s
943,    4520,    3915333,    000h 00m 04.520s,    001h 05m 15.333s
944,    4011,    3919344,    000h 00m 04.011s,    001h 05m 19.344s
945,    4436,    3923780,    000h 00m 04.436s,    001h 05m 23.780s
946,    4043,    3927823,    000h 00m 04.043s,    001h 05m 27.823s
947,    4346,    3932169,    000h 00m 04.346s,    001h 05m 32.169s
948,    4306,    3936475,    000h 00m 04.306s,    001h 05m 36.475s
949,    4399,    3940874,    000h 00m 04.399s,    001h 05m 40.874s
950,    3728,    3944602,    000h 00m 03.728s,    001h 05m 44.602s
951,    4033,    3948635,    000h 00m 04.033s,    001h 05m 48.635s
952,    4301,    3952936,    000h 00m 04.301s,    001h 05m 52.936s
953,    4007,    3956943,    000h 00m 04.007s,    001h 05m 56.943s
954,    3949,    3960892,    000h 00m 03.949s,    001h 06m 00.892s
955,    4238,    3965130,    000h 00m 04.238s,    001h 06m 05.130s
956,    4253,    3969383,    000h 00m 04.253s,    001h 06m 09.383s
957,    4343,    3973726,    000h 00m 04.343s,    001h 06m 13.726s
958,    4112,    3977838,    000h 00m 04.112s,    001h 06m 17.838s
959,    4209,    3982047,    000h 00m 04.209s,    001h 06m 22.047s
960,    4368,    3986415,    000h 00m 04.368s,    001h 06m 26.415s
961,    4337,    3990752,    000h 00m 04.337s,    001h 06m 30.752s
962,    4548,    3995300,    000h 00m 04.548s,    001h 06m 35.300s
963,    4591,    3999891,    000h 00m 04.591s,    001h 06m 39.891s
964,    4014,    4003905,    000h 00m 04.014s,    001h 06m 43.905s
965,    3742,    4007647,    000h 00m 03.742s,    001h 06m 47.647s
966,    3786,    4011433,    000h 00m 03.786s,    001h 06m 51.433s
967,    3987,    4015420,    000h 00m 03.987s,    001h 06m 55.420s
968,    4603,    4020023,    000h 00m 04.603s,    001h 07m 00.023s
969,    4396,    4024419,    000h 00m 04.396s,    001h 07m 04.419s
970,    3857,    4028276,    000h 00m 03.857s,    001h 07m 08.276s
971,    4129,    4032405,    000h 00m 04.129s,    001h 07m 12.405s
972,    4560,    4036965,    000h 00m 04.560s,    001h 07m 16.965s
973,    4294,    4041259,    000h 00m 04.294s,    001h 07m 21.259s
974,    4126,    4045385,    000h 00m 04.126s,    001h 07m 25.385s
975,    4576,    4049961,    000h 00m 04.576s,    001h 07m 29.961s
976,    4470,    4054431,    000h 00m 04.470s,    001h 07m 34.431s
977,    4155,    4058586,    000h 00m 04.155s,    001h 07m 38.586s
978,    4593,    4063179,    000h 00m 04.593s,    001h 07m 43.179s
979,    3939,    4067118,    000h 00m 03.939s,    001h 07m 47.118s
980,    3823,    4070941,    000h 00m 03.823s,    001h 07m 50.941s
981,    4222,    4075163,    000h 00m 04.222s,    001h 07m 55.163s
982,    3686,    4078849,    000h 00m 03.686s,    001h 07m 58.849s
983,    3825,    4082674,    000h 00m 03.825s,    001h 08m 02.674s
984,    4472,    4087146,    000h 00m 04.472s,    001h 08m 07.146s
985,    4066,    4091212,    000h 00m 04.066s,    001h 08m 11.212s
986,    4227,    4095439,    000h 00m 04.227s,    001h 08m 15.439s
987,    3742,    4099181,    000h 00m 03.742s,    001h 08m 19.181s
988,    4317,    4103498,    000h 00m 04.317s,    001h 08m 23.498s
989,    4461,    4107959,    000h 00m 04.461s,    001h 08m 27.959s
990,    3973,    4111932,    000h 00m 03.973s,    001h 08m 31.932s
991,    3849,    4115781,    000h 00m 03.849s,    001h 08m 35.781s
992,    3665,    4119446,    000h 00m 03.665s,    001h 08m 39.446s
993,    4213,    4123659,    000h 00m 04.213s,    001h 08m 43.659s
994,    4340,    4127999,    000h 00m 04.340s,    001h 08m 47.999s
995,    4251,    4132250,    000h 00m 04.251s,    001h 08m 52.250s
996,    4347,    4136597,    000h 00m 04.347s,    001h 08m 56.597s
997,    4224,    4140821,    000h 00m 04.224s,    001h 09m 00.821s
998,    4327,    4145148,    000h 00m 04.327s,    001h 09m 05.148s
999,    4160,    4149308,    000h 00m 04.160s,    001h 09m 09.308s
1000,    3829,    4153137,    000h 00m 03.829s,    001h 09m 13.137s
1001,    4323,    4157460,    000h 00m 04.323s,    001h 09m 17.460s
1002,    4502,    4161962,    000h 00m 04.502s,    001h 09m 21.962s
1003,    4270,    4166232,    000h 00m 04.270s,    001h 09m 26.232s
1004,    4137,    4170369,    000h 00m 04.137s,    001h 09m 30.369s
1005,    4053,    4174422,    000h 00m 04.053s,    001h 09m 34.422s
1006,    3810,    4178232,    000h 00m 03.810s,    001h 09m 38.232s
1007,    4285,    4182517,    000h 00m 04.285s,    001h 09m 42.517s
1008,    4059,    4186576,    000h 00m 04.059s,    001h 09m 46.576s
1009,    3781,    4190357,    000h 00m 03.781s,    001h 09m 50.357s
1010,    4434,    4194791,    000h 00m 04.434s,    001h 09m 54.791s
1011,    3620,    4198411,    000h 00m 03.620s,    001h 09m 58.411s
1012,    4109,    4202520,    000h 00m 04.109s,    001h 10m 02.520s
1013,    4196,    4206716,    000h 00m 04.196s,    001h 10m 06.716s
1014,    4584,    4211300,    000h 00m 04.584s,    001h 10m 11.300s
1015,    4658,    4215958,    000h 00m 04.658s,    001h 10m 15.958s
1016,    4117,    4220075,    000h 00m 04.117s,    001h 10m 20.075s
1017,    3815,    4223890,    000h 00m 03.815s,    001h 10m 23.890s
1018,    3929,    4227819,    000h 00m 03.929s,    001h 10m 27.819s
1019,    4164,    4231983,    000h 00m 04.164s,    001h 10m 31.983s
1020,    4598,    4236581,    000h 00m 04.598s,    001h 10m 36.581s
1021,    3979,    4240560,    000h 00m 03.979s,    001h 10m 40.560s
1022,    3793,    4244353,    000h 00m 03.793s,    001h 10m 44.353s
1023,    4075,    4248428,    000h 00m 04.075s,    001h 10m 48.428s
1024,    4289,    4252717,    000h 00m 04.289s,    001h 10m 52.717s
1025,    3826,    4256543,    000h 00m 03.826s,    001h 10m 56.543s
