pass,    time (ms),    total time (ms),    time,     total_time
1,    1608,    1608,    000h 00m 01.608s,    000h 00m 01.608s
2,    1541,    3149,    000h 00m 01.541s,    000h 00m 03.149s
3,    1671,    4820,    000h 00m 01.671s,    000h 00m 04.820s
4,    1682,    6502,    000h 00m 01.682s,    000h 00m 06.502s
5,    1761,    8263,    000h 00m 01.761s,    000h 00m 08.263s
6,    1778,    10041,    000h 00m 01.778s,    000h 00m 10.041s
7,    1481,    11522,    000h 00m 01.481s,    000h 00m 11.522s
8,    1425,    12947,    000h 00m 01.425s,    000h 00m 12.947s
9,    1758,    14705,    000h 00m 01.758s,    000h 00m 14.705s
10,    1483,    16188,    000h 00m 01.483s,    000h 00m 16.188s
11,    1555,    17743,    000h 00m 01.555s,    000h 00m 17.743s
12,    1564,    19307,    000h 00m 01.564s,    000h 00m 19.307s
13,    1637,    20944,    000h 00m 01.637s,    000h 00m 20.944s
14,    1540,    22484,    000h 00m 01.540s,    000h 00m 22.484s
15,    1584,    24068,    000h 00m 01.584s,    000h 00m 24.068s
16,    1465,    25533,    000h 00m 01.465s,    000h 00m 25.533s
17,    1515,    27048,    000h 00m 01.515s,    000h 00m 27.048s
18,    1543,    28591,    000h 00m 01.543s,    000h 00m 28.591s
19,    1487,    30078,    000h 00m 01.487s,    000h 00m 30.078s
20,    1566,    31644,    000h 00m 01.566s,    000h 00m 31.644s
21,    1683,    33327,    000h 00m 01.683s,    000h 00m 33.327s
22,    1402,    34729,    000h 00m 01.402s,    000h 00m 34.729s
23,    1672,    36401,    000h 00m 01.672s,    000h 00m 36.401s
24,    1607,    38008,    000h 00m 01.607s,    000h 00m 38.008s
25,    1516,    39524,    000h 00m 01.516s,    000h 00m 39.524s
26,    1499,    41023,    000h 00m 01.499s,    000h 00m 41.023s
27,    1601,    42624,    000h 00m 01.601s,    000h 00m 42.624s
28,    1521,    44145,    000h 00m 01.521s,    000h 00m 44.145s
29,    1721,    45866,    000h 00m 01.721s,    000h 00m 45.866s
30,    1464,    47330,    000h 00m 01.464s,    000h 00m 47.330s
31,    1643,    48973,    000h 00m 01.643s,    000h 00m 48.973s
32,    1681,    50654,    000h 00m 01.681s,    000h 00m 50.654s
33,    1471,    52125,    000h 00m 01.471s,    000h 00m 52.125s
34,    1597,    53722,    000h 00m 01.597s,    000h 00m 53.722s
35,    1464,    55186,    000h 00m 01.464s,    000h 00m 55.186s
36,    1702,    56888,    000h 00m 01.702s,    000h 00m 56.888s
37,    1459,    58347,    000h 00m 01.459s,    000h 00m 58.347s
38,    1670,    60017,    000h 00m 01.670s,    000h 01m 00.017s
39,    1437,    61454,    000h 00m 01.437s,    000h 01m 01.454s
40,    1761,    63215,    000h 00m 01.761s,    000h 01m 03.215s
41,    1651,    64866,    000h 00m 01.651s,    000h 01m 04.866s
42,    1675,    66541,    000h 00m 01.675s,    000h 01m 06.541s
43,    1443,    67984,    000h 00m 01.443s,    000h 01m 07.984s
44,    1732,    69716,    000h 00m 01.732s,    000h 01m 09.716s
45,    1648,    71364,    000h 00m 01.648s,    000h 01m 11.364s
46,    1957,    73321,    000h 00m 01.957s,    000h 01m 13.321s
47,    1553,    74874,    000h 00m 01.553s,    000h 01m 14.874s
48,    1517,    76391,    000h 00m 01.517s,    000h 01m 16.391s
49,    1548,    77939,    000h 00m 01.548s,    000h 01m 17.939s
50,    1685,    79624,    000h 00m 01.685s,    000h 01m 19.624s
51,    1526,    81150,    000h 00m 01.526s,    000h 01m 21.150s
52,    1602,    82752,    000h 00m 01.602s,    000h 01m 22.752s
53,    1680,    84432,    000h 00m 01.680s,    000h 01m 24.432s
54,    1661,    86093,    000h 00m 01.661s,    000h 01m 26.093s
55,    1547,    87640,    000h 00m 01.547s,    000h 01m 27.640s
56,    1584,    89224,    000h 00m 01.584s,    000h 01m 29.224s
57,    1591,    90815,    000h 00m 01.591s,    000h 01m 30.815s
58,    1621,    92436,    000h 00m 01.621s,    000h 01m 32.436s
59,    1462,    93898,    000h 00m 01.462s,    000h 01m 33.898s
60,    1653,    95551,    000h 00m 01.653s,    000h 01m 35.551s
61,    1515,    97066,    000h 00m 01.515s,    000h 01m 37.066s
62,    1569,    98635,    000h 00m 01.569s,    000h 01m 38.635s
63,    1611,    100246,    000h 00m 01.611s,    000h 01m 40.246s
64,    1637,    101883,    000h 00m 01.637s,    000h 01m 41.883s
65,    1569,    103452,    000h 00m 01.569s,    000h 01m 43.452s
66,    1717,    105169,    000h 00m 01.717s,    000h 01m 45.169s
67,    1494,    106663,    000h 00m 01.494s,    000h 01m 46.663s
68,    1686,    108349,    000h 00m 01.686s,    000h 01m 48.349s
69,    1507,    109856,    000h 00m 01.507s,    000h 01m 49.856s
70,    1565,    111421,    000h 00m 01.565s,    000h 01m 51.421s
71,    1425,    112846,    000h 00m 01.425s,    000h 01m 52.846s
72,    1771,    114617,    000h 00m 01.771s,    000h 01m 54.617s
73,    1731,    116348,    000h 00m 01.731s,    000h 01m 56.348s
74,    1504,    117852,    000h 00m 01.504s,    000h 01m 57.852s
75,    1590,    119442,    000h 00m 01.590s,    000h 01m 59.442s
76,    1780,    121222,    000h 00m 01.780s,    000h 02m 01.222s
77,    1854,    123076,    000h 00m 01.854s,    000h 02m 03.076s
78,    1548,    124624,    000h 00m 01.548s,    000h 02m 04.624s
79,    1686,    126310,    000h 00m 01.686s,    000h 02m 06.310s
80,    1737,    128047,    000h 00m 01.737s,    000h 02m 08.047s
81,    1678,    129725,    000h 00m 01.678s,    000h 02m 09.725s
82,    1541,    131266,    000h 00m 01.541s,    000h 02m 11.266s
83,    1674,    132940,    000h 00m 01.674s,    000h 02m 12.940s
84,    1433,    134373,    000h 00m 01.433s,    000h 02m 14.373s
85,    1537,    135910,    000h 00m 01.537s,    000h 02m 15.910s
86,    1676,    137586,    000h 00m 01.676s,    000h 02m 17.586s
87,    1524,    139110,    000h 00m 01.524s,    000h 02m 19.110s
88,    1868,    140978,    000h 00m 01.868s,    000h 02m 20.978s
89,    1576,    142554,    000h 00m 01.576s,    000h 02m 22.554s
90,    1681,    144235,    000h 00m 01.681s,    000h 02m 24.235s
91,    1906,    146141,    000h 00m 01.906s,    000h 02m 26.141s
92,    1447,    147588,    000h 00m 01.447s,    000h 02m 27.588s
93,    1664,    149252,    000h 00m 01.664s,    000h 02m 29.252s
94,    1607,    150859,    000h 00m 01.607s,    000h 02m 30.859s
95,    1683,    152542,    000h 00m 01.683s,    000h 02m 32.542s
96,    1646,    154188,    000h 00m 01.646s,    000h 02m 34.188s
97,    1631,    155819,    000h 00m 01.631s,    000h 02m 35.819s
98,    1498,    157317,    000h 00m 01.498s,    000h 02m 37.317s
99,    1588,    158905,    000h 00m 01.588s,    000h 02m 38.905s
100,    1698,    160603,    000h 00m 01.698s,    000h 02m 40.603s
101,    1572,    162175,    000h 00m 01.572s,    000h 02m 42.175s
102,    1631,    163806,    000h 00m 01.631s,    000h 02m 43.806s
103,    1599,    165405,    000h 00m 01.599s,    000h 02m 45.405s
104,    1754,    167159,    000h 00m 01.754s,    000h 02m 47.159s
105,    1466,    168625,    000h 00m 01.466s,    000h 02m 48.625s
106,    1443,    170068,    000h 00m 01.443s,    000h 02m 50.068s
107,    1444,    171512,    000h 00m 01.444s,    000h 02m 51.512s
108,    1587,    173099,    000h 00m 01.587s,    000h 02m 53.099s
109,    1636,    174735,    000h 00m 01.636s,    000h 02m 54.735s
110,    1705,    176440,    000h 00m 01.705s,    000h 02m 56.440s
111,    1574,    178014,    000h 00m 01.574s,    000h 02m 58.014s
112,    1559,    179573,    000h 00m 01.559s,    000h 02m 59.573s
113,    1612,    181185,    000h 00m 01.612s,    000h 03m 01.185s
114,    1464,    182649,    000h 00m 01.464s,    000h 03m 02.649s
115,    1627,    184276,    000h 00m 01.627s,    000h 03m 04.276s
116,    1502,    185778,    000h 00m 01.502s,    000h 03m 05.778s
117,    1755,    187533,    000h 00m 01.755s,    000h 03m 07.533s
118,    1613,    189146,    000h 00m 01.613s,    000h 03m 09.146s
119,    1526,    190672,    000h 00m 01.526s,    000h 03m 10.672s
120,    1648,    192320,    000h 00m 01.648s,    000h 03m 12.320s
121,    1588,    193908,    000h 00m 01.588s,    000h 03m 13.908s
122,    1618,    195526,    000h 00m 01.618s,    000h 03m 15.526s
123,    1557,    197083,    000h 00m 01.557s,    000h 03m 17.083s
124,    1579,    198662,    000h 00m 01.579s,    000h 03m 18.662s
125,    1745,    200407,    000h 00m 01.745s,    000h 03m 20.407s
126,    1670,    202077,    000h 00m 01.670s,    000h 03m 22.077s
127,    1433,    203510,    000h 00m 01.433s,    000h 03m 23.510s
128,    1504,    205014,    000h 00m 01.504s,    000h 03m 25.014s
129,    1529,    206543,    000h 00m 01.529s,    000h 03m 26.543s
130,    1460,    208003,    000h 00m 01.460s,    000h 03m 28.003s
131,    1653,    209656,    000h 00m 01.653s,    000h 03m 29.656s
132,    1551,    211207,    000h 00m 01.551s,    000h 03m 31.207s
133,    1459,    212666,    000h 00m 01.459s,    000h 03m 32.666s
134,    1650,    214316,    000h 00m 01.650s,    000h 03m 34.316s
135,    1535,    215851,    000h 00m 01.535s,    000h 03m 35.851s
136,    1565,    217416,    000h 00m 01.565s,    000h 03m 37.416s
137,    1578,    218994,    000h 00m 01.578s,    000h 03m 38.994s
138,    1705,    220699,    000h 00m 01.705s,    000h 03m 40.699s
139,    1445,    222144,    000h 00m 01.445s,    000h 03m 42.144s
140,    1715,    223859,    000h 00m 01.715s,    000h 03m 43.859s
141,    1525,    225384,    000h 00m 01.525s,    000h 03m 45.384s
142,    1654,    227038,    000h 00m 01.654s,    000h 03m 47.038s
143,    1546,    228584,    000h 00m 01.546s,    000h 03m 48.584s
144,    1710,    230294,    000h 00m 01.710s,    000h 03m 50.294s
145,    1749,    232043,    000h 00m 01.749s,    000h 03m 52.043s
146,    1747,    233790,    000h 00m 01.747s,    000h 03m 53.790s
147,    1469,    235259,    000h 00m 01.469s,    000h 03m 55.259s
148,    1695,    236954,    000h 00m 01.695s,    000h 03m 56.954s
149,    1579,    238533,    000h 00m 01.579s,    000h 03m 58.533s
150,    1640,    240173,    000h 00m 01.640s,    000h 04m 00.173s
151,    1453,    241626,    000h 00m 01.453s,    000h 04m 01.626s
152,    1709,    243335,    000h 00m 01.709s,    000h 04m 03.335s
153,    1751,    245086,    000h 00m 01.751s,    000h 04m 05.086s
154,    1544,    246630,    000h 00m 01.544s,    000h 04m 06.630s
155,    1746,    248376,    000h 00m 01.746s,    000h 04m 08.376s
156,    1662,    250038,    000h 00m 01.662s,    000h 04m 10.038s
157,    1478,    251516,    000h 00m 01.478s,    000h 04m 11.516s
158,    1607,    253123,    000h 00m 01.607s,    000h 04m 13.123s
159,    1761,    254884,    000h 00m 01.761s,    000h 04m 14.884s
160,    1429,    256313,    000h 00m 01.429s,    000h 04m 16.313s
161,    1422,    257735,    000h 00m 01.422s,    000h 04m 17.735s
162,    1588,    259323,    000h 00m 01.588s,    000h 04m 19.323s
163,    1753,    261076,    000h 00m 01.753s,    000h 04m 21.076s
164,    1499,    262575,    000h 00m 01.499s,    000h 04m 22.575s
165,    1595,    264170,    000h 00m 01.595s,    000h 04m 24.170s
166,    1471,    265641,    000h 00m 01.471s,    000h 04m 25.641s
167,    1681,    267322,    000h 00m 01.681s,    000h 04m 27.322s
168,    1490,    268812,    000h 00m 01.490s,    000h 04m 28.812s
169,    1506,    270318,    000h 00m 01.506s,    000h 04m 30.318s
170,    1678,    271996,    000h 00m 01.678s,    000h 04m 31.996s
171,    1684,    273680,    000h 00m 01.684s,    000h 04m 33.680s
172,    1485,    275165,    000h 00m 01.485s,    000h 04m 35.165s
173,    1475,    276640,    000h 00m 01.475s,    000h 04m 36.640s
174,    1672,    278312,    000h 00m 01.672s,    000h 04m 38.312s
175,    1570,    279882,    000h 00m 01.570s,    000h 04m 39.882s
176,    1525,    281407,    000h 00m 01.525s,    000h 04m 41.407s
177,    1729,    283136,    000h 00m 01.729s,    000h 04m 43.136s
178,    1652,    284788,    000h 00m 01.652s,    000h 04m 44.788s
179,    1696,    286484,    000h 00m 01.696s,    000h 04m 46.484s
180,    1674,    288158,    000h 00m 01.674s,    000h 04m 48.158s
181,    1652,    289810,    000h 00m 01.652s,    000h 04m 49.810s
182,    1629,    291439,    000h 00m 01.629s,    000h 04m 51.439s
183,    1443,    292882,    000h 00m 01.443s,    000h 04m 52.882s
184,    1543,    294425,    000h 00m 01.543s,    000h 04m 54.425s
185,    1502,    295927,    000h 00m 01.502s,    000h 04m 55.927s
186,    1641,    297568,    000h 00m 01.641s,    000h 04m 57.568s
187,    1702,    299270,    000h 00m 01.702s,    000h 04m 59.270s
188,    1455,    300725,    000h 00m 01.455s,    000h 05m 00.725s
189,    1659,    302384,    000h 00m 01.659s,    000h 05m 02.384s
190,    1742,    304126,    000h 00m 01.742s,    000h 05m 04.126s
191,    1504,    305630,    000h 00m 01.504s,    000h 05m 05.630s
192,    1595,    307225,    000h 00m 01.595s,    000h 05m 07.225s
193,    1683,    308908,    000h 00m 01.683s,    000h 05m 08.908s
194,    1510,    310418,    000h 00m 01.510s,    000h 05m 10.418s
195,    1609,    312027,    000h 00m 01.609s,    000h 05m 12.027s
196,    1630,    313657,    000h 00m 01.630s,    000h 05m 13.657s
197,    1468,    315125,    000h 00m 01.468s,    000h 05m 15.125s
198,    1531,    316656,    000h 00m 01.531s,    000h 05m 16.656s
199,    1618,    318274,    000h 00m 01.618s,    000h 05m 18.274s
200,    1501,    319775,    000h 00m 01.501s,    000h 05m 19.775s
201,    1669,    321444,    000h 00m 01.669s,    000h 05m 21.444s
202,    1698,    323142,    000h 00m 01.698s,    000h 05m 23.142s
203,    1713,    324855,    000h 00m 01.713s,    000h 05m 24.855s
204,    1662,    326517,    000h 00m 01.662s,    000h 05m 26.517s
205,    1598,    328115,    000h 00m 01.598s,    000h 05m 28.115s
206,    1700,    329815,    000h 00m 01.700s,    000h 05m 29.815s
207,    1631,    331446,    000h 00m 01.631s,    000h 05m 31.446s
208,    1508,    332954,    000h 00m 01.508s,    000h 05m 32.954s
209,    1734,    334688,    000h 00m 01.734s,    000h 05m 34.688s
210,    1668,    336356,    000h 00m 01.668s,    000h 05m 36.356s
211,    1722,    338078,    000h 00m 01.722s,    000h 05m 38.078s
212,    1636,    339714,    000h 00m 01.636s,    000h 05m 39.714s
213,    1523,    341237,    000h 00m 01.523s,    000h 05m 41.237s
214,    1580,    342817,    000h 00m 01.580s,    000h 05m 42.817s
215,    1456,    344273,    000h 00m 01.456s,    000h 05m 44.273s
216,    1673,    345946,    000h 00m 01.673s,    000h 05m 45.946s
217,    1531,    347477,    000h 00m 01.531s,    000h 05m 47.477s
218,    1639,    349116,    000h 00m 01.639s,    000h 05m 49.116s
219,    1680,    350796,    000h 00m 01.680s,    000h 05m 50.796s
220,    1612,    352408,    000h 00m 01.612s,    000h 05m 52.408s
221,    1491,    353899,    000h 00m 01.491s,    000h 05m 53.899s
222,    1528,    355427,    000h 00m 01.528s,    000h 05m 55.427s
223,    1487,    356914,    000h 00m 01.487s,    000h 05m 56.914s
224,    1496,    358410,    000h 00m 01.496s,    000h 05m 58.410s
225,    1420,    359830,    000h 00m 01.420s,    000h 05m 59.830s
226,    1676,    361506,    000h 00m 01.676s,    000h 06m 01.506s
227,    1682,    363188,    000h 00m 01.682s,    000h 06m 03.188s
228,    1721,    364909,    000h 00m 01.721s,    000h 06m 04.909s
229,    1700,    366609,    000h 00m 01.700s,    000h 06m 06.609s
230,    1503,    368112,    000h 00m 01.503s,    000h 06m 08.112s
231,    1646,    369758,    000h 00m 01.646s,    000h 06m 09.758s
232,    1523,    371281,    000h 00m 01.523s,    000h 06m 11.281s
233,    1463,    372744,    000h 00m 01.463s,    000h 06m 12.744s
234,    1751,    374495,    000h 00m 01.751s,    000h 06m 14.495s
235,    1609,    376104,    000h 00m 01.609s,    000h 06m 16.104s
236,    1791,    377895,    000h 00m 01.791s,    000h 06m 17.895s
237,    1480,    379375,    000h 00m 01.480s,    000h 06m 19.375s
238,    1524,    380899,    000h 00m 01.524s,    000h 06m 20.899s
239,    1655,    382554,    000h 00m 01.655s,    000h 06m 22.554s
240,    1668,    384222,    000h 00m 01.668s,    000h 06m 24.222s
241,    1604,    385826,    000h 00m 01.604s,    000h 06m 25.826s
242,    1498,    387324,    000h 00m 01.498s,    000h 06m 27.324s
243,    1751,    389075,    000h 00m 01.751s,    000h 06m 29.075s
244,    1554,    390629,    000h 00m 01.554s,    000h 06m 30.629s
245,    1435,    392064,    000h 00m 01.435s,    000h 06m 32.064s
246,    1521,    393585,    000h 00m 01.521s,    000h 06m 33.585s
247,    1498,    395083,    000h 00m 01.498s,    000h 06m 35.083s
248,    1401,    396484,    000h 00m 01.401s,    000h 06m 36.484s
249,    1590,    398074,    000h 00m 01.590s,    000h 06m 38.074s
250,    1694,    399768,    000h 00m 01.694s,    000h 06m 39.768s
251,    1724,    401492,    000h 00m 01.724s,    000h 06m 41.492s
252,    1645,    403137,    000h 00m 01.645s,    000h 06m 43.137s
253,    1660,    404797,    000h 00m 01.660s,    000h 06m 44.797s
254,    1673,    406470,    000h 00m 01.673s,    000h 06m 46.470s
255,    1553,    408023,    000h 00m 01.553s,    000h 06m 48.023s
256,    1538,    409561,    000h 00m 01.538s,    000h 06m 49.561s
257,    1692,    411253,    000h 00m 01.692s,    000h 06m 51.253s
258,    1552,    412805,    000h 00m 01.552s,    000h 06m 52.805s
259,    1684,    414489,    000h 00m 01.684s,    000h 06m 54.489s
260,    1643,    416132,    000h 00m 01.643s,    000h 06m 56.132s
261,    1624,    417756,    000h 00m 01.624s,    000h 06m 57.756s
262,    1458,    419214,    000h 00m 01.458s,    000h 06m 59.214s
263,    1511,    420725,    000h 00m 01.511s,    000h 07m 00.725s
264,    1618,    422343,    000h 00m 01.618s,    000h 07m 02.343s
265,    1547,    423890,    000h 00m 01.547s,    000h 07m 03.890s
266,    1501,    425391,    000h 00m 01.501s,    000h 07m 05.391s
267,    1652,    427043,    000h 00m 01.652s,    000h 07m 07.043s
268,    1461,    428504,    000h 00m 01.461s,    000h 07m 08.504s
269,    1568,    430072,    000h 00m 01.568s,    000h 07m 10.072s
270,    1644,    431716,    000h 00m 01.644s,    000h 07m 11.716s
271,    1556,    433272,    000h 00m 01.556s,    000h 07m 13.272s
272,    1448,    434720,    000h 00m 01.448s,    000h 07m 14.720s
273,    1448,    436168,    000h 00m 01.448s,    000h 07m 16.168s
274,    1708,    437876,    000h 00m 01.708s,    000h 07m 17.876s
275,    1741,    439617,    000h 00m 01.741s,    000h 07m 19.617s
276,    1707,    441324,    000h 00m 01.707s,    000h 07m 21.324s
277,    1512,    442836,    000h 00m 01.512s,    000h 07m 22.836s
278,    1460,    444296,    000h 00m 01.460s,    000h 07m 24.296s
279,    1709,    446005,    000h 00m 01.709s,    000h 07m 26.005s
280,    1528,    447533,    000h 00m 01.528s,    000h 07m 27.533s
281,    1745,    449278,    000h 00m 01.745s,    000h 07m 29.278s
282,    1442,    450720,    000h 00m 01.442s,    000h 07m 30.720s
283,    1463,    452183,    000h 00m 01.463s,    000h 07m 32.183s
284,    1668,    453851,    000h 00m 01.668s,    000h 07m 33.851s
285,    1523,    455374,    000h 00m 01.523s,    000h 07m 35.374s
286,    1734,    457108,    000h 00m 01.734s,    000h 07m 37.108s
287,    1569,    458677,    000h 00m 01.569s,    000h 07m 38.677s
288,    1668,    460345,    000h 00m 01.668s,    000h 07m 40.345s
289,    1589,    461934,    000h 00m 01.589s,    000h 07m 41.934s
290,    1735,    463669,    000h 00m 01.735s,    000h 07m 43.669s
291,    1447,    465116,    000h 00m 01.447s,    000h 07m 45.116s
292,    1463,    466579,    000h 00m 01.463s,    000h 07m 46.579s
293,    1589,    468168,    000h 00m 01.589s,    000h 07m 48.168s
294,    1652,    469820,    000h 00m 01.652s,    000h 07m 49.820s
295,    1680,    471500,    000h 00m 01.680s,    000h 07m 51.500s
296,    1658,    473158,    000h 00m 01.658s,    000h 07m 53.158s
297,    1660,    474818,    000h 00m 01.660s,    000h 07m 54.818s
298,    1450,    476268,    000h 00m 01.450s,    000h 07m 56.268s
299,    1510,    477778,    000h 00m 01.510s,    000h 07m 57.778s
300,    1471,    479249,    000h 00m 01.471s,    000h 07m 59.249s
301,    1494,    480743,    000h 00m 01.494s,    000h 08m 00.743s
302,    1553,    482296,    000h 00m 01.553s,    000h 08m 02.296s
303,    1708,    484004,    000h 00m 01.708s,    000h 08m 04.004s
304,    1520,    485524,    000h 00m 01.520s,    000h 08m 05.524s
305,    1701,    487225,    000h 00m 01.701s,    000h 08m 07.225s
306,    1492,    488717,    000h 00m 01.492s,    000h 08m 08.717s
307,    1616,    490333,    000h 00m 01.616s,    000h 08m 10.333s
308,    1578,    491911,    000h 00m 01.578s,    000h 08m 11.911s
309,    1677,    493588,    000h 00m 01.677s,    000h 08m 13.588s
310,    1400,    494988,    000h 00m 01.400s,    000h 08m 14.988s
311,    1659,    496647,    000h 00m 01.659s,    000h 08m 16.647s
312,    1649,    498296,    000h 00m 01.649s,    000h 08m 18.296s
313,    1422,    499718,    000h 00m 01.422s,    000h 08m 19.718s
314,    1520,    501238,    000h 00m 01.520s,    000h 08m 21.238s
315,    1669,    502907,    000h 00m 01.669s,    000h 08m 22.907s
316,    1702,    504609,    000h 00m 01.702s,    000h 08m 24.609s
317,    1706,    506315,    000h 00m 01.706s,    000h 08m 26.315s
318,    1629,    507944,    000h 00m 01.629s,    000h 08m 27.944s
319,    1666,    509610,    000h 00m 01.666s,    000h 08m 29.610s
320,    1576,    511186,    000h 00m 01.576s,    000h 08m 31.186s
321,    1813,    512999,    000h 00m 01.813s,    000h 08m 32.999s
322,    1849,    514848,    000h 00m 01.849s,    000h 08m 34.848s
323,    1677,    516525,    000h 00m 01.677s,    000h 08m 36.525s
324,    1728,    518253,    000h 00m 01.728s,    000h 08m 38.253s
325,    1634,    519887,    000h 00m 01.634s,    000h 08m 39.887s
326,    1695,    521582,    000h 00m 01.695s,    000h 08m 41.582s
327,    1592,    523174,    000h 00m 01.592s,    000h 08m 43.174s
328,    1776,    524950,    000h 00m 01.776s,    000h 08m 44.950s
329,    1635,    526585,    000h 00m 01.635s,    000h 08m 46.585s
330,    1714,    528299,    000h 00m 01.714s,    000h 08m 48.299s
331,    1620,    529919,    000h 00m 01.620s,    000h 08m 49.919s
332,    1510,    531429,    000h 00m 01.510s,    000h 08m 51.429s
333,    1456,    532885,    000h 00m 01.456s,    000h 08m 52.885s
334,    1750,    534635,    000h 00m 01.750s,    000h 08m 54.635s
335,    1751,    536386,    000h 00m 01.751s,    000h 08m 56.386s
336,    1516,    537902,    000h 00m 01.516s,    000h 08m 57.902s
337,    1741,    539643,    000h 00m 01.741s,    000h 08m 59.643s
338,    1590,    541233,    000h 00m 01.590s,    000h 09m 01.233s
339,    1707,    542940,    000h 00m 01.707s,    000h 09m 02.940s
340,    1422,    544362,    000h 00m 01.422s,    000h 09m 04.362s
341,    1598,    545960,    000h 00m 01.598s,    000h 09m 05.960s
342,    1700,    547660,    000h 00m 01.700s,    000h 09m 07.660s
343,    1644,    549304,    000h 00m 01.644s,    000h 09m 09.304s
344,    1482,    550786,    000h 00m 01.482s,    000h 09m 10.786s
345,    1634,    552420,    000h 00m 01.634s,    000h 09m 12.420s
346,    1636,    554056,    000h 00m 01.636s,    000h 09m 14.056s
347,    1462,    555518,    000h 00m 01.462s,    000h 09m 15.518s
348,    1650,    557168,    000h 00m 01.650s,    000h 09m 17.168s
349,    1706,    558874,    000h 00m 01.706s,    000h 09m 18.874s
350,    1611,    560485,    000h 00m 01.611s,    000h 09m 20.485s
351,    1725,    562210,    000h 00m 01.725s,    000h 09m 22.210s
352,    1581,    563791,    000h 00m 01.581s,    000h 09m 23.791s
353,    1429,    565220,    000h 00m 01.429s,    000h 09m 25.220s
354,    1383,    566603,    000h 00m 01.383s,    000h 09m 26.603s
355,    1537,    568140,    000h 00m 01.537s,    000h 09m 28.140s
356,    1680,    569820,    000h 00m 01.680s,    000h 09m 29.820s
357,    1727,    571547,    000h 00m 01.727s,    000h 09m 31.547s
358,    1749,    573296,    000h 00m 01.749s,    000h 09m 33.296s
359,    1967,    575263,    000h 00m 01.967s,    000h 09m 35.263s
360,    1556,    576819,    000h 00m 01.556s,    000h 09m 36.819s
361,    1652,    578471,    000h 00m 01.652s,    000h 09m 38.471s
362,    1671,    580142,    000h 00m 01.671s,    000h 09m 40.142s
363,    1693,    581835,    000h 00m 01.693s,    000h 09m 41.835s
364,    1612,    583447,    000h 00m 01.612s,    000h 09m 43.447s
365,    1491,    584938,    000h 00m 01.491s,    000h 09m 44.938s
366,    1586,    586524,    000h 00m 01.586s,    000h 09m 46.524s
367,    1878,    588402,    000h 00m 01.878s,    000h 09m 48.402s
368,    1736,    590138,    000h 00m 01.736s,    000h 09m 50.138s
369,    1526,    591664,    000h 00m 01.526s,    000h 09m 51.664s
370,    1662,    593326,    000h 00m 01.662s,    000h 09m 53.326s
371,    1642,    594968,    000h 00m 01.642s,    000h 09m 54.968s
372,    1640,    596608,    000h 00m 01.640s,    000h 09m 56.608s
373,    1628,    598236,    000h 00m 01.628s,    000h 09m 58.236s
374,    1688,    599924,    000h 00m 01.688s,    000h 09m 59.924s
375,    1534,    601458,    000h 00m 01.534s,    000h 10m 01.458s
376,    1434,    602892,    000h 00m 01.434s,    000h 10m 02.892s
377,    1579,    604471,    000h 00m 01.579s,    000h 10m 04.471s
378,    1571,    606042,    000h 00m 01.571s,    000h 10m 06.042s
379,    1712,    607754,    000h 00m 01.712s,    000h 10m 07.754s
380,    1760,    609514,    000h 00m 01.760s,    000h 10m 09.514s
381,    1580,    611094,    000h 00m 01.580s,    000h 10m 11.094s
382,    1545,    612639,    000h 00m 01.545s,    000h 10m 12.639s
383,    1468,    614107,    000h 00m 01.468s,    000h 10m 14.107s
384,    1690,    615797,    000h 00m 01.690s,    000h 10m 15.797s
385,    1676,    617473,    000h 00m 01.676s,    000h 10m 17.473s
386,    1693,    619166,    000h 00m 01.693s,    000h 10m 19.166s
387,    1511,    620677,    000h 00m 01.511s,    000h 10m 20.677s
388,    1695,    622372,    000h 00m 01.695s,    000h 10m 22.372s
389,    1533,    623905,    000h 00m 01.533s,    000h 10m 23.905s
390,    1446,    625351,    000h 00m 01.446s,    000h 10m 25.351s
391,    1608,    626959,    000h 00m 01.608s,    000h 10m 26.959s
392,    1539,    628498,    000h 00m 01.539s,    000h 10m 28.498s
393,    1526,    630024,    000h 00m 01.526s,    000h 10m 30.024s
394,    1422,    631446,    000h 00m 01.422s,    000h 10m 31.446s
395,    1464,    632910,    000h 00m 01.464s,    000h 10m 32.910s
396,    1439,    634349,    000h 00m 01.439s,    000h 10m 34.349s
397,    1594,    635943,    000h 00m 01.594s,    000h 10m 35.943s
398,    1760,    637703,    000h 00m 01.760s,    000h 10m 37.703s
399,    1481,    639184,    000h 00m 01.481s,    000h 10m 39.184s
400,    1373,    640557,    000h 00m 01.373s,    000h 10m 40.557s
401,    1513,    642070,    000h 00m 01.513s,    000h 10m 42.070s
402,    1444,    643514,    000h 00m 01.444s,    000h 10m 43.514s
403,    1553,    645067,    000h 00m 01.553s,    000h 10m 45.067s
404,    1653,    646720,    000h 00m 01.653s,    000h 10m 46.720s
405,    1507,    648227,    000h 00m 01.507s,    000h 10m 48.227s
406,    1461,    649688,    000h 00m 01.461s,    000h 10m 49.688s
407,    1503,    651191,    000h 00m 01.503s,    000h 10m 51.191s
408,    1383,    652574,    000h 00m 01.383s,    000h 10m 52.574s
409,    1453,    654027,    000h 00m 01.453s,    000h 10m 54.027s
410,    1665,    655692,    000h 00m 01.665s,    000h 10m 55.692s
411,    1519,    657211,    000h 00m 01.519s,    000h 10m 57.211s
412,    1564,    658775,    000h 00m 01.564s,    000h 10m 58.775s
413,    1635,    660410,    000h 00m 01.635s,    000h 11m 00.410s
414,    1652,    662062,    000h 00m 01.652s,    000h 11m 02.062s
415,    1493,    663555,    000h 00m 01.493s,    000h 11m 03.555s
416,    1574,    665129,    000h 00m 01.574s,    000h 11m 05.129s
417,    1635,    666764,    000h 00m 01.635s,    000h 11m 06.764s
418,    1497,    668261,    000h 00m 01.497s,    000h 11m 08.261s
419,    1599,    669860,    000h 00m 01.599s,    000h 11m 09.860s
420,    1689,    671549,    000h 00m 01.689s,    000h 11m 11.549s
421,    1476,    673025,    000h 00m 01.476s,    000h 11m 13.025s
422,    1595,    674620,    000h 00m 01.595s,    000h 11m 14.620s
423,    1443,    676063,    000h 00m 01.443s,    000h 11m 16.063s
424,    1675,    677738,    000h 00m 01.675s,    000h 11m 17.738s
425,    1543,    679281,    000h 00m 01.543s,    000h 11m 19.281s
426,    1419,    680700,    000h 00m 01.419s,    000h 11m 20.700s
427,    1592,    682292,    000h 00m 01.592s,    000h 11m 22.292s
428,    1652,    683944,    000h 00m 01.652s,    000h 11m 23.944s
429,    1518,    685462,    000h 00m 01.518s,    000h 11m 25.462s
430,    1520,    686982,    000h 00m 01.520s,    000h 11m 26.982s
431,    1442,    688424,    000h 00m 01.442s,    000h 11m 28.424s
432,    1560,    689984,    000h 00m 01.560s,    000h 11m 29.984s
433,    1471,    691455,    000h 00m 01.471s,    000h 11m 31.455s
434,    1732,    693187,    000h 00m 01.732s,    000h 11m 33.187s
435,    1399,    694586,    000h 00m 01.399s,    000h 11m 34.586s
436,    1479,    696065,    000h 00m 01.479s,    000h 11m 36.065s
437,    1579,    697644,    000h 00m 01.579s,    000h 11m 37.644s
438,    1673,    699317,    000h 00m 01.673s,    000h 11m 39.317s
439,    1404,    700721,    000h 00m 01.404s,    000h 11m 40.721s
440,    1441,    702162,    000h 00m 01.441s,    000h 11m 42.162s
441,    1627,    703789,    000h 00m 01.627s,    000h 11m 43.789s
442,    1529,    705318,    000h 00m 01.529s,    000h 11m 45.318s
443,    1477,    706795,    000h 00m 01.477s,    000h 11m 46.795s
444,    1733,    708528,    000h 00m 01.733s,    000h 11m 48.528s
445,    1698,    710226,    000h 00m 01.698s,    000h 11m 50.226s
446,    1612,    711838,    000h 00m 01.612s,    000h 11m 51.838s
447,    1439,    713277,    000h 00m 01.439s,    000h 11m 53.277s
448,    1693,    714970,    000h 00m 01.693s,    000h 11m 54.970s
449,    1378,    716348,    000h 00m 01.378s,    000h 11m 56.348s
450,    1481,    717829,    000h 00m 01.481s,    000h 11m 57.829s
451,    1520,    719349,    000h 00m 01.520s,    000h 11m 59.349s
452,    1543,    720892,    000h 00m 01.543s,    000h 12m 00.892s
453,    1702,    722594,    000h 00m 01.702s,    000h 12m 02.594s
454,    1581,    724175,    000h 00m 01.581s,    000h 12m 04.175s
455,    1502,    725677,    000h 00m 01.502s,    000h 12m 05.677s
456,    1667,    727344,    000h 00m 01.667s,    000h 12m 07.344s
457,    1726,    729070,    000h 00m 01.726s,    000h 12m 09.070s
458,    1609,    730679,    000h 00m 01.609s,    000h 12m 10.679s
459,    1537,    732216,    000h 00m 01.537s,    000h 12m 12.216s
460,    1697,    733913,    000h 00m 01.697s,    000h 12m 13.913s
461,    1553,    735466,    000h 00m 01.553s,    000h 12m 15.466s
462,    1514,    736980,    000h 00m 01.514s,    000h 12m 16.980s
463,    1508,    738488,    000h 00m 01.508s,    000h 12m 18.488s
464,    1574,    740062,    000h 00m 01.574s,    000h 12m 20.062s
465,    1614,    741676,    000h 00m 01.614s,    000h 12m 21.676s
466,    1567,    743243,    000h 00m 01.567s,    000h 12m 23.243s
467,    1637,    744880,    000h 00m 01.637s,    000h 12m 24.880s
468,    1554,    746434,    000h 00m 01.554s,    000h 12m 26.434s
469,    1600,    748034,    000h 00m 01.600s,    000h 12m 28.034s
470,    1485,    749519,    000h 00m 01.485s,    000h 12m 29.519s
471,    1716,    751235,    000h 00m 01.716s,    000h 12m 31.235s
472,    1388,    752623,    000h 00m 01.388s,    000h 12m 32.623s
473,    1573,    754196,    000h 00m 01.573s,    000h 12m 34.196s
474,    1651,    755847,    000h 00m 01.651s,    000h 12m 35.847s
475,    1524,    757371,    000h 00m 01.524s,    000h 12m 37.371s
476,    1676,    759047,    000h 00m 01.676s,    000h 12m 39.047s
477,    1501,    760548,    000h 00m 01.501s,    000h 12m 40.548s
478,    1691,    762239,    000h 00m 01.691s,    000h 12m 42.239s
479,    1611,    763850,    000h 00m 01.611s,    000h 12m 43.850s
480,    1569,    765419,    000h 00m 01.569s,    000h 12m 45.419s
481,    1595,    767014,    000h 00m 01.595s,    000h 12m 47.014s
482,    1523,    768537,    000h 00m 01.523s,    000h 12m 48.537s
483,    1708,    770245,    000h 00m 01.708s,    000h 12m 50.245s
484,    1709,    771954,    000h 00m 01.709s,    000h 12m 51.954s
485,    1544,    773498,    000h 00m 01.544s,    000h 12m 53.498s
486,    1432,    774930,    000h 00m 01.432s,    000h 12m 54.930s
487,    1446,    776376,    000h 00m 01.446s,    000h 12m 56.376s
488,    1586,    777962,    000h 00m 01.586s,    000h 12m 57.962s
489,    1597,    779559,    000h 00m 01.597s,    000h 12m 59.559s
490,    1516,    781075,    000h 00m 01.516s,    000h 13m 01.075s
491,    1533,    782608,    000h 00m 01.533s,    000h 13m 02.608s
492,    1652,    784260,    000h 00m 01.652s,    000h 13m 04.260s
493,    1702,    785962,    000h 00m 01.702s,    000h 13m 05.962s
494,    1555,    787517,    000h 00m 01.555s,    000h 13m 07.517s
495,    1486,    789003,    000h 00m 01.486s,    000h 13m 09.003s
496,    1513,    790516,    000h 00m 01.513s,    000h 13m 10.516s
497,    1512,    792028,    000h 00m 01.512s,    000h 13m 12.028s
498,    1604,    793632,    000h 00m 01.604s,    000h 13m 13.632s
499,    1557,    795189,    000h 00m 01.557s,    000h 13m 15.189s
500,    1561,    796750,    000h 00m 01.561s,    000h 13m 16.750s
501,    1493,    798243,    000h 00m 01.493s,    000h 13m 18.243s
502,    1629,    799872,    000h 00m 01.629s,    000h 13m 19.872s
503,    1690,    801562,    000h 00m 01.690s,    000h 13m 21.562s
504,    1568,    803130,    000h 00m 01.568s,    000h 13m 23.130s
505,    1548,    804678,    000h 00m 01.548s,    000h 13m 24.678s
506,    1495,    806173,    000h 00m 01.495s,    000h 13m 26.173s
507,    1727,    807900,    000h 00m 01.727s,    000h 13m 27.900s
508,    1578,    809478,    000h 00m 01.578s,    000h 13m 29.478s
509,    1630,    811108,    000h 00m 01.630s,    000h 13m 31.108s
510,    1625,    812733,    000h 00m 01.625s,    000h 13m 32.733s
511,    1507,    814240,    000h 00m 01.507s,    000h 13m 34.240s
512,    1483,    815723,    000h 00m 01.483s,    000h 13m 35.723s
513,    1510,    817233,    000h 00m 01.510s,    000h 13m 37.233s
514,    1483,    818716,    000h 00m 01.483s,    000h 13m 38.716s
515,    1502,    820218,    000h 00m 01.502s,    000h 13m 40.218s
516,    1760,    821978,    000h 00m 01.760s,    000h 13m 41.978s
517,    1399,    823377,    000h 00m 01.399s,    000h 13m 43.377s
518,    1428,    824805,    000h 00m 01.428s,    000h 13m 44.805s
519,    1644,    826449,    000h 00m 01.644s,    000h 13m 46.449s
520,    1541,    827990,    000h 00m 01.541s,    000h 13m 47.990s
521,    1452,    829442,    000h 00m 01.452s,    000h 13m 49.442s
522,    1624,    831066,    000h 00m 01.624s,    000h 13m 51.066s
523,    1468,    832534,    000h 00m 01.468s,    000h 13m 52.534s
524,    1510,    834044,    000h 00m 01.510s,    000h 13m 54.044s
525,    1669,    835713,    000h 00m 01.669s,    000h 13m 55.713s
526,    1708,    837421,    000h 00m 01.708s,    000h 13m 57.421s
527,    1686,    839107,    000h 00m 01.686s,    000h 13m 59.107s
528,    1546,    840653,    000h 00m 01.546s,    000h 14m 00.653s
529,    1517,    842170,    000h 00m 01.517s,    000h 14m 02.170s
530,    1575,    843745,    000h 00m 01.575s,    000h 14m 03.745s
531,    1462,    845207,    000h 00m 01.462s,    000h 14m 05.207s
532,    1528,    846735,    000h 00m 01.528s,    000h 14m 06.735s
533,    1641,    848376,    000h 00m 01.641s,    000h 14m 08.376s
534,    1603,    849979,    000h 00m 01.603s,    000h 14m 09.979s
535,    1506,    851485,    000h 00m 01.506s,    000h 14m 11.485s
536,    1635,    853120,    000h 00m 01.635s,    000h 14m 13.120s
537,    1601,    854721,    000h 00m 01.601s,    000h 14m 14.721s
538,    1592,    856313,    000h 00m 01.592s,    000h 14m 16.313s
539,    1433,    857746,    000h 00m 01.433s,    000h 14m 17.746s
540,    1583,    859329,    000h 00m 01.583s,    000h 14m 19.329s
541,    1477,    860806,    000h 00m 01.477s,    000h 14m 20.806s
542,    1750,    862556,    000h 00m 01.750s,    000h 14m 22.556s
543,    1542,    864098,    000h 00m 01.542s,    000h 14m 24.098s
544,    1446,    865544,    000h 00m 01.446s,    000h 14m 25.544s
545,    1459,    867003,    000h 00m 01.459s,    000h 14m 27.003s
546,    1385,    868388,    000h 00m 01.385s,    000h 14m 28.388s
547,    1669,    870057,    000h 00m 01.669s,    000h 14m 30.057s
548,    1571,    871628,    000h 00m 01.571s,    000h 14m 31.628s
549,    1568,    873196,    000h 00m 01.568s,    000h 14m 33.196s
550,    1498,    874694,    000h 00m 01.498s,    000h 14m 34.694s
551,    1586,    876280,    000h 00m 01.586s,    000h 14m 36.280s
552,    1727,    878007,    000h 00m 01.727s,    000h 14m 38.007s
553,    1525,    879532,    000h 00m 01.525s,    000h 14m 39.532s
554,    1654,    881186,    000h 00m 01.654s,    000h 14m 41.186s
555,    1622,    882808,    000h 00m 01.622s,    000h 14m 42.808s
556,    1524,    884332,    000h 00m 01.524s,    000h 14m 44.332s
557,    1672,    886004,    000h 00m 01.672s,    000h 14m 46.004s
558,    1543,    887547,    000h 00m 01.543s,    000h 14m 47.547s
559,    1585,    889132,    000h 00m 01.585s,    000h 14m 49.132s
560,    1722,    890854,    000h 00m 01.722s,    000h 14m 50.854s
561,    1543,    892397,    000h 00m 01.543s,    000h 14m 52.397s
562,    1585,    893982,    000h 00m 01.585s,    000h 14m 53.982s
563,    1667,    895649,    000h 00m 01.667s,    000h 14m 55.649s
564,    1517,    897166,    000h 00m 01.517s,    000h 14m 57.166s
565,    1725,    898891,    000h 00m 01.725s,    000h 14m 58.891s
566,    1473,    900364,    000h 00m 01.473s,    000h 15m 00.364s
567,    1582,    901946,    000h 00m 01.582s,    000h 15m 01.946s
568,    1524,    903470,    000h 00m 01.524s,    000h 15m 03.470s
569,    1646,    905116,    000h 00m 01.646s,    000h 15m 05.116s
570,    1673,    906789,    000h 00m 01.673s,    000h 15m 06.789s
571,    1746,    908535,    000h 00m 01.746s,    000h 15m 08.535s
572,    1709,    910244,    000h 00m 01.709s,    000h 15m 10.244s
573,    1500,    911744,    000h 00m 01.500s,    000h 15m 11.744s
574,    1426,    913170,    000h 00m 01.426s,    000h 15m 13.170s
575,    1558,    914728,    000h 00m 01.558s,    000h 15m 14.728s
576,    1437,    916165,    000h 00m 01.437s,    000h 15m 16.165s
577,    1476,    917641,    000h 00m 01.476s,    000h 15m 17.641s
578,    1589,    919230,    000h 00m 01.589s,    000h 15m 19.230s
579,    1527,    920757,    000h 00m 01.527s,    000h 15m 20.757s
580,    1505,    922262,    000h 00m 01.505s,    000h 15m 22.262s
581,    1732,    923994,    000h 00m 01.732s,    000h 15m 23.994s
582,    1521,    925515,    000h 00m 01.521s,    000h 15m 25.515s
583,    1485,    927000,    000h 00m 01.485s,    000h 15m 27.000s
584,    1656,    928656,    000h 00m 01.656s,    000h 15m 28.656s
585,    1570,    930226,    000h 00m 01.570s,    000h 15m 30.226s
586,    1492,    931718,    000h 00m 01.492s,    000h 15m 31.718s
587,    1643,    933361,    000h 00m 01.643s,    000h 15m 33.361s
588,    1446,    934807,    000h 00m 01.446s,    000h 15m 34.807s
589,    1628,    936435,    000h 00m 01.628s,    000h 15m 36.435s
590,    1677,    938112,    000h 00m 01.677s,    000h 15m 38.112s
591,    1564,    939676,    000h 00m 01.564s,    000h 15m 39.676s
592,    1613,    941289,    000h 00m 01.613s,    000h 15m 41.289s
593,    1626,    942915,    000h 00m 01.626s,    000h 15m 42.915s
594,    1557,    944472,    000h 00m 01.557s,    000h 15m 44.472s
595,    1586,    946058,    000h 00m 01.586s,    000h 15m 46.058s
596,    1620,    947678,    000h 00m 01.620s,    000h 15m 47.678s
597,    1669,    949347,    000h 00m 01.669s,    000h 15m 49.347s
598,    1523,    950870,    000h 00m 01.523s,    000h 15m 50.870s
599,    1632,    952502,    000h 00m 01.632s,    000h 15m 52.502s
600,    1452,    953954,    000h 00m 01.452s,    000h 15m 53.954s
601,    1644,    955598,    000h 00m 01.644s,    000h 15m 55.598s
602,    1631,    957229,    000h 00m 01.631s,    000h 15m 57.229s
603,    1674,    958903,    000h 00m 01.674s,    000h 15m 58.903s
604,    1686,    960589,    000h 00m 01.686s,    000h 16m 00.589s
605,    1574,    962163,    000h 00m 01.574s,    000h 16m 02.163s
606,    1565,    963728,    000h 00m 01.565s,    000h 16m 03.728s
607,    1548,    965276,    000h 00m 01.548s,    000h 16m 05.276s
608,    1632,    966908,    000h 00m 01.632s,    000h 16m 06.908s
609,    1477,    968385,    000h 00m 01.477s,    000h 16m 08.385s
610,    1430,    969815,    000h 00m 01.430s,    000h 16m 09.815s
611,    1715,    971530,    000h 00m 01.715s,    000h 16m 11.530s
612,    1623,    973153,    000h 00m 01.623s,    000h 16m 13.153s
613,    1527,    974680,    000h 00m 01.527s,    000h 16m 14.680s
614,    1422,    976102,    000h 00m 01.422s,    000h 16m 16.102s
615,    1516,    977618,    000h 00m 01.516s,    000h 16m 17.618s
616,    1569,    979187,    000h 00m 01.569s,    000h 16m 19.187s
617,    1566,    980753,    000h 00m 01.566s,    000h 16m 20.753s
618,    1599,    982352,    000h 00m 01.599s,    000h 16m 22.352s
619,    1700,    984052,    000h 00m 01.700s,    000h 16m 24.052s
620,    1727,    985779,    000h 00m 01.727s,    000h 16m 25.779s
621,    1475,    987254,    000h 00m 01.475s,    000h 16m 27.254s
622,    1502,    988756,    000h 00m 01.502s,    000h 16m 28.756s
623,    1721,    990477,    000h 00m 01.721s,    000h 16m 30.477s
624,    1631,    992108,    000h 00m 01.631s,    000h 16m 32.108s
625,    1490,    993598,    000h 00m 01.490s,    000h 16m 33.598s
626,    1619,    995217,    000h 00m 01.619s,    000h 16m 35.217s
627,    1538,    996755,    000h 00m 01.538s,    000h 16m 36.755s
628,    1465,    998220,    000h 00m 01.465s,    000h 16m 38.220s
629,    1424,    999644,    000h 00m 01.424s,    000h 16m 39.644s
630,    1545,    1001189,    000h 00m 01.545s,    000h 16m 41.189s
631,    1467,    1002656,    000h 00m 01.467s,    000h 16m 42.656s
632,    1577,    1004233,    000h 00m 01.577s,    000h 16m 44.233s
633,    1455,    1005688,    000h 00m 01.455s,    000h 16m 45.688s
634,    1449,    1007137,    000h 00m 01.449s,    000h 16m 47.137s
635,    1652,    1008789,    000h 00m 01.652s,    000h 16m 48.789s
636,    1689,    1010478,    000h 00m 01.689s,    000h 16m 50.478s
637,    1461,    1011939,    000h 00m 01.461s,    000h 16m 51.939s
638,    1672,    1013611,    000h 00m 01.672s,    000h 16m 53.611s
639,    1489,    1015100,    000h 00m 01.489s,    000h 16m 55.100s
640,    1440,    1016540,    000h 00m 01.440s,    000h 16m 56.540s
641,    1449,    1017989,    000h 00m 01.449s,    000h 16m 57.989s
642,    1512,    1019501,    000h 00m 01.512s,    000h 16m 59.501s
643,    1520,    1021021,    000h 00m 01.520s,    000h 17m 01.021s
644,    1490,    1022511,    000h 00m 01.490s,    000h 17m 02.511s
645,    1487,    1023998,    000h 00m 01.487s,    000h 17m 03.998s
646,    1484,    1025482,    000h 00m 01.484s,    000h 17m 05.482s
647,    1490,    1026972,    000h 00m 01.490s,    000h 17m 06.972s
648,    1723,    1028695,    000h 00m 01.723s,    000h 17m 08.695s
649,    1622,    1030317,    000h 00m 01.622s,    000h 17m 10.317s
650,    1740,    1032057,    000h 00m 01.740s,    000h 17m 12.057s
651,    1718,    1033775,    000h 00m 01.718s,    000h 17m 13.775s
652,    1446,    1035221,    000h 00m 01.446s,    000h 17m 15.221s
653,    1583,    1036804,    000h 00m 01.583s,    000h 17m 16.804s
654,    1449,    1038253,    000h 00m 01.449s,    000h 17m 18.253s
655,    1532,    1039785,    000h 00m 01.532s,    000h 17m 19.785s
656,    1464,    1041249,    000h 00m 01.464s,    000h 17m 21.249s
657,    1676,    1042925,    000h 00m 01.676s,    000h 17m 22.925s
658,    1440,    1044365,    000h 00m 01.440s,    000h 17m 24.365s
659,    1641,    1046006,    000h 00m 01.641s,    000h 17m 26.006s
660,    1478,    1047484,    000h 00m 01.478s,    000h 17m 27.484s
661,    1599,    1049083,    000h 00m 01.599s,    000h 17m 29.083s
662,    1457,    1050540,    000h 00m 01.457s,    000h 17m 30.540s
663,    1501,    1052041,    000h 00m 01.501s,    000h 17m 32.041s
664,    1736,    1053777,    000h 00m 01.736s,    000h 17m 33.777s
665,    1428,    1055205,    000h 00m 01.428s,    000h 17m 35.205s
666,    1433,    1056638,    000h 00m 01.433s,    000h 17m 36.638s
667,    1637,    1058275,    000h 00m 01.637s,    000h 17m 38.275s
668,    1498,    1059773,    000h 00m 01.498s,    000h 17m 39.773s
669,    1727,    1061500,    000h 00m 01.727s,    000h 17m 41.500s
670,    1591,    1063091,    000h 00m 01.591s,    000h 17m 43.091s
671,    1598,    1064689,    000h 00m 01.598s,    000h 17m 44.689s
672,    1435,    1066124,    000h 00m 01.435s,    000h 17m 46.124s
673,    1497,    1067621,    000h 00m 01.497s,    000h 17m 47.621s
674,    1563,    1069184,    000h 00m 01.563s,    000h 17m 49.184s
675,    1530,    1070714,    000h 00m 01.530s,    000h 17m 50.714s
676,    1594,    1072308,    000h 00m 01.594s,    000h 17m 52.308s
677,    1560,    1073868,    000h 00m 01.560s,    000h 17m 53.868s
678,    1655,    1075523,    000h 00m 01.655s,    000h 17m 55.523s
679,    1690,    1077213,    000h 00m 01.690s,    000h 17m 57.213s
680,    1703,    1078916,    000h 00m 01.703s,    000h 17m 58.916s
681,    1575,    1080491,    000h 00m 01.575s,    000h 18m 00.491s
682,    1613,    1082104,    000h 00m 01.613s,    000h 18m 02.104s
683,    1734,    1083838,    000h 00m 01.734s,    000h 18m 03.838s
684,    1693,    1085531,    000h 00m 01.693s,    000h 18m 05.531s
685,    1515,    1087046,    000h 00m 01.515s,    000h 18m 07.046s
686,    1464,    1088510,    000h 00m 01.464s,    000h 18m 08.510s
687,    1623,    1090133,    000h 00m 01.623s,    000h 18m 10.133s
688,    1665,    1091798,    000h 00m 01.665s,    000h 18m 11.798s
689,    1623,    1093421,    000h 00m 01.623s,    000h 18m 13.421s
690,    1481,    1094902,    000h 00m 01.481s,    000h 18m 14.902s
691,    1595,    1096497,    000h 00m 01.595s,    000h 18m 16.497s
692,    1589,    1098086,    000h 00m 01.589s,    000h 18m 18.086s
693,    1563,    1099649,    000h 00m 01.563s,    000h 18m 19.649s
694,    1551,    1101200,    000h 00m 01.551s,    000h 18m 21.200s
695,    1690,    1102890,    000h 00m 01.690s,    000h 18m 22.890s
696,    1578,    1104468,    000h 00m 01.578s,    000h 18m 24.468s
697,    1432,    1105900,    000h 00m 01.432s,    000h 18m 25.900s
698,    1640,    1107540,    000h 00m 01.640s,    000h 18m 27.540s
699,    1511,    1109051,    000h 00m 01.511s,    000h 18m 29.051s
700,    1428,    1110479,    000h 00m 01.428s,    000h 18m 30.479s
701,    1573,    1112052,    000h 00m 01.573s,    000h 18m 32.052s
702,    1679,    1113731,    000h 00m 01.679s,    000h 18m 33.731s
703,    1490,    1115221,    000h 00m 01.490s,    000h 18m 35.221s
704,    1667,    1116888,    000h 00m 01.667s,    000h 18m 36.888s
705,    1639,    1118527,    000h 00m 01.639s,    000h 18m 38.527s
706,    1631,    1120158,    000h 00m 01.631s,    000h 18m 40.158s
707,    1626,    1121784,    000h 00m 01.626s,    000h 18m 41.784s
708,    1613,    1123397,    000h 00m 01.613s,    000h 18m 43.397s
709,    1625,    1125022,    000h 00m 01.625s,    000h 18m 45.022s
710,    1630,    1126652,    000h 00m 01.630s,    000h 18m 46.652s
711,    1598,    1128250,    000h 00m 01.598s,    000h 18m 48.250s
712,    1580,    1129830,    000h 00m 01.580s,    000h 18m 49.830s
713,    1449,    1131279,    000h 00m 01.449s,    000h 18m 51.279s
714,    1701,    1132980,    000h 00m 01.701s,    000h 18m 52.980s
715,    1471,    1134451,    000h 00m 01.471s,    000h 18m 54.451s
716,    1592,    1136043,    000h 00m 01.592s,    000h 18m 56.043s
717,    1433,    1137476,    000h 00m 01.433s,    000h 18m 57.476s
718,    1697,    1139173,    000h 00m 01.697s,    000h 18m 59.173s
719,    1551,    1140724,    000h 00m 01.551s,    000h 19m 00.724s
720,    1582,    1142306,    000h 00m 01.582s,    000h 19m 02.306s
721,    1492,    1143798,    000h 00m 01.492s,    000h 19m 03.798s
722,    1629,    1145427,    000h 00m 01.629s,    000h 19m 05.427s
723,    1731,    1147158,    000h 00m 01.731s,    000h 19m 07.158s
724,    1392,    1148550,    000h 00m 01.392s,    000h 19m 08.550s
725,    1677,    1150227,    000h 00m 01.677s,    000h 19m 10.227s
726,    1683,    1151910,    000h 00m 01.683s,    000h 19m 11.910s
727,    1486,    1153396,    000h 00m 01.486s,    000h 19m 13.396s
728,    1695,    1155091,    000h 00m 01.695s,    000h 19m 15.091s
729,    1557,    1156648,    000h 00m 01.557s,    000h 19m 16.648s
730,    1722,    1158370,    000h 00m 01.722s,    000h 19m 18.370s
731,    1560,    1159930,    000h 00m 01.560s,    000h 19m 19.930s
732,    1622,    1161552,    000h 00m 01.622s,    000h 19m 21.552s
733,    1622,    1163174,    000h 00m 01.622s,    000h 19m 23.174s
734,    1738,    1164912,    000h 00m 01.738s,    000h 19m 24.912s
735,    1484,    1166396,    000h 00m 01.484s,    000h 19m 26.396s
736,    1653,    1168049,    000h 00m 01.653s,    000h 19m 28.049s
737,    1400,    1169449,    000h 00m 01.400s,    000h 19m 29.449s
738,    1635,    1171084,    000h 00m 01.635s,    000h 19m 31.084s
739,    1705,    1172789,    000h 00m 01.705s,    000h 19m 32.789s
740,    1495,    1174284,    000h 00m 01.495s,    000h 19m 34.284s
741,    1748,    1176032,    000h 00m 01.748s,    000h 19m 36.032s
742,    1625,    1177657,    000h 00m 01.625s,    000h 19m 37.657s
743,    1611,    1179268,    000h 00m 01.611s,    000h 19m 39.268s
744,    1603,    1180871,    000h 00m 01.603s,    000h 19m 40.871s
745,    1699,    1182570,    000h 00m 01.699s,    000h 19m 42.570s
746,    1616,    1184186,    000h 00m 01.616s,    000h 19m 44.186s
747,    1530,    1185716,    000h 00m 01.530s,    000h 19m 45.716s
748,    1629,    1187345,    000h 00m 01.629s,    000h 19m 47.345s
749,    1669,    1189014,    000h 00m 01.669s,    000h 19m 49.014s
750,    1743,    1190757,    000h 00m 01.743s,    000h 19m 50.757s
751,    1451,    1192208,    000h 00m 01.451s,    000h 19m 52.208s
752,    1620,    1193828,    000h 00m 01.620s,    000h 19m 53.828s
753,    1561,    1195389,    000h 00m 01.561s,    000h 19m 55.389s
754,    1545,    1196934,    000h 00m 01.545s,    000h 19m 56.934s
755,    1548,    1198482,    000h 00m 01.548s,    000h 19m 58.482s
756,    1568,    1200050,    000h 00m 01.568s,    000h 20m 00.050s
757,    1512,    1201562,    000h 00m 01.512s,    000h 20m 01.562s
758,    1677,    1203239,    000h 00m 01.677s,    000h 20m 03.239s
759,    1675,    1204914,    000h 00m 01.675s,    000h 20m 04.914s
760,    1602,    1206516,    000h 00m 01.602s,    000h 20m 06.516s
761,    1506,    1208022,    000h 00m 01.506s,    000h 20m 08.022s
762,    1387,    1209409,    000h 00m 01.387s,    000h 20m 09.409s
763,    1689,    1211098,    000h 00m 01.689s,    000h 20m 11.098s
764,    1473,    1212571,    000h 00m 01.473s,    000h 20m 12.571s
765,    1639,    1214210,    000h 00m 01.639s,    000h 20m 14.210s
766,    1559,    1215769,    000h 00m 01.559s,    000h 20m 15.769s
767,    1578,    1217347,    000h 00m 01.578s,    000h 20m 17.347s
768,    1624,    1218971,    000h 00m 01.624s,    000h 20m 18.971s
769,    1450,    1220421,    000h 00m 01.450s,    000h 20m 20.421s
770,    1617,    1222038,    000h 00m 01.617s,    000h 20m 22.038s
771,    1682,    1223720,    000h 00m 01.682s,    000h 20m 23.720s
772,    1474,    1225194,    000h 00m 01.474s,    000h 20m 25.194s
773,    1478,    1226672,    000h 00m 01.478s,    000h 20m 26.672s
774,    1741,    1228413,    000h 00m 01.741s,    000h 20m 28.413s
775,    1530,    1229943,    000h 00m 01.530s,    000h 20m 29.943s
776,    1531,    1231474,    000h 00m 01.531s,    000h 20m 31.474s
777,    1443,    1232917,    000h 00m 01.443s,    000h 20m 32.917s
778,    1614,    1234531,    000h 00m 01.614s,    000h 20m 34.531s
779,    1700,    1236231,    000h 00m 01.700s,    000h 20m 36.231s
780,    1575,    1237806,    000h 00m 01.575s,    000h 20m 37.806s
781,    1414,    1239220,    000h 00m 01.414s,    000h 20m 39.220s
782,    1486,    1240706,    000h 00m 01.486s,    000h 20m 40.706s
783,    1567,    1242273,    000h 00m 01.567s,    000h 20m 42.273s
784,    1438,    1243711,    000h 00m 01.438s,    000h 20m 43.711s
785,    1632,    1245343,    000h 00m 01.632s,    000h 20m 45.343s
786,    1476,    1246819,    000h 00m 01.476s,    000h 20m 46.819s
787,    1485,    1248304,    000h 00m 01.485s,    000h 20m 48.304s
788,    1667,    1249971,    000h 00m 01.667s,    000h 20m 49.971s
789,    1693,    1251664,    000h 00m 01.693s,    000h 20m 51.664s
790,    1522,    1253186,    000h 00m 01.522s,    000h 20m 53.186s
791,    1546,    1254732,    000h 00m 01.546s,    000h 20m 54.732s
792,    1577,    1256309,    000h 00m 01.577s,    000h 20m 56.309s
793,    1675,    1257984,    000h 00m 01.675s,    000h 20m 57.984s
794,    1634,    1259618,    000h 00m 01.634s,    000h 20m 59.618s
795,    1480,    1261098,    000h 00m 01.480s,    000h 21m 01.098s
796,    1701,    1262799,    000h 00m 01.701s,    000h 21m 02.799s
797,    1571,    1264370,    000h 00m 01.571s,    000h 21m 04.370s
798,    1447,    1265817,    000h 00m 01.447s,    000h 21m 05.817s
799,    1678,    1267495,    000h 00m 01.678s,    000h 21m 07.495s
800,    1435,    1268930,    000h 00m 01.435s,    000h 21m 08.930s
801,    1546,    1270476,    000h 00m 01.546s,    000h 21m 10.476s
802,    1634,    1272110,    000h 00m 01.634s,    000h 21m 12.110s
803,    1585,    1273695,    000h 00m 01.585s,    000h 21m 13.695s
804,    1454,    1275149,    000h 00m 01.454s,    000h 21m 15.149s
805,    1458,    1276607,    000h 00m 01.458s,    000h 21m 16.607s
806,    1619,    1278226,    000h 00m 01.619s,    000h 21m 18.226s
807,    1681,    1279907,    000h 00m 01.681s,    000h 21m 19.907s
808,    1602,    1281509,    000h 00m 01.602s,    000h 21m 21.509s
809,    1585,    1283094,    000h 00m 01.585s,    000h 21m 23.094s
810,    1476,    1284570,    000h 00m 01.476s,    000h 21m 24.570s
811,    1422,    1285992,    000h 00m 01.422s,    000h 21m 25.992s
812,    1568,    1287560,    000h 00m 01.568s,    000h 21m 27.560s
813,    1489,    1289049,    000h 00m 01.489s,    000h 21m 29.049s
814,    1617,    1290666,    000h 00m 01.617s,    000h 21m 30.666s
815,    1655,    1292321,    000h 00m 01.655s,    000h 21m 32.321s
816,    1705,    1294026,    000h 00m 01.705s,    000h 21m 34.026s
817,    1468,    1295494,    000h 00m 01.468s,    000h 21m 35.494s
818,    1546,    1297040,    000h 00m 01.546s,    000h 21m 37.040s
819,    1624,    1298664,    000h 00m 01.624s,    000h 21m 38.664s
820,    1684,    1300348,    000h 00m 01.684s,    000h 21m 40.348s
821,    1619,    1301967,    000h 00m 01.619s,    000h 21m 41.967s
822,    1652,    1303619,    000h 00m 01.652s,    000h 21m 43.619s
823,    1439,    1305058,    000h 00m 01.439s,    000h 21m 45.058s
824,    1460,    1306518,    000h 00m 01.460s,    000h 21m 46.518s
825,    1593,    1308111,    000h 00m 01.593s,    000h 21m 48.111s
826,    1585,    1309696,    000h 00m 01.585s,    000h 21m 49.696s
827,    1709,    1311405,    000h 00m 01.709s,    000h 21m 51.405s
828,    1371,    1312776,    000h 00m 01.371s,    000h 21m 52.776s
829,    1628,    1314404,    000h 00m 01.628s,    000h 21m 54.404s
830,    1724,    1316128,    000h 00m 01.724s,    000h 21m 56.128s
831,    1560,    1317688,    000h 00m 01.560s,    000h 21m 57.688s
832,    1480,    1319168,    000h 00m 01.480s,    000h 21m 59.168s
833,    1675,    1320843,    000h 00m 01.675s,    000h 22m 00.843s
834,    1549,    1322392,    000h 00m 01.549s,    000h 22m 02.392s
835,    1534,    1323926,    000h 00m 01.534s,    000h 22m 03.926s
836,    1621,    1325547,    000h 00m 01.621s,    000h 22m 05.547s
837,    1452,    1326999,    000h 00m 01.452s,    000h 22m 06.999s
838,    1664,    1328663,    000h 00m 01.664s,    000h 22m 08.663s
839,    1541,    1330204,    000h 00m 01.541s,    000h 22m 10.204s
840,    1638,    1331842,    000h 00m 01.638s,    000h 22m 11.842s
841,    1507,    1333349,    000h 00m 01.507s,    000h 22m 13.349s
842,    1431,    1334780,    000h 00m 01.431s,    000h 22m 14.780s
843,    1646,    1336426,    000h 00m 01.646s,    000h 22m 16.426s
844,    1678,    1338104,    000h 00m 01.678s,    000h 22m 18.104s
845,    1428,    1339532,    000h 00m 01.428s,    000h 22m 19.532s
846,    1590,    1341122,    000h 00m 01.590s,    000h 22m 21.122s
847,    1465,    1342587,    000h 00m 01.465s,    000h 22m 22.587s
848,    1481,    1344068,    000h 00m 01.481s,    000h 22m 24.068s
849,    1710,    1345778,    000h 00m 01.710s,    000h 22m 25.778s
850,    1607,    1347385,    000h 00m 01.607s,    000h 22m 27.385s
851,    1408,    1348793,    000h 00m 01.408s,    000h 22m 28.793s
852,    1696,    1350489,    000h 00m 01.696s,    000h 22m 30.489s
853,    1432,    1351921,    000h 00m 01.432s,    000h 22m 31.921s
854,    1483,    1353404,    000h 00m 01.483s,    000h 22m 33.404s
855,    1552,    1354956,    000h 00m 01.552s,    000h 22m 34.956s
856,    1584,    1356540,    000h 00m 01.584s,    000h 22m 36.540s
857,    1612,    1358152,    000h 00m 01.612s,    000h 22m 38.152s
858,    1509,    1359661,    000h 00m 01.509s,    000h 22m 39.661s
859,    1573,    1361234,    000h 00m 01.573s,    000h 22m 41.234s
860,    1479,    1362713,    000h 00m 01.479s,    000h 22m 42.713s
861,    1483,    1364196,    000h 00m 01.483s,    000h 22m 44.196s
862,    1554,    1365750,    000h 00m 01.554s,    000h 22m 45.750s
863,    1536,    1367286,    000h 00m 01.536s,    000h 22m 47.286s
864,    1687,    1368973,    000h 00m 01.687s,    000h 22m 48.973s
865,    1623,    1370596,    000h 00m 01.623s,    000h 22m 50.596s
866,    1437,    1372033,    000h 00m 01.437s,    000h 22m 52.033s
867,    1443,    1373476,    000h 00m 01.443s,    000h 22m 53.476s
868,    1746,    1375222,    000h 00m 01.746s,    000h 22m 55.222s
869,    1405,    1376627,    000h 00m 01.405s,    000h 22m 56.627s
870,    1472,    1378099,    000h 00m 01.472s,    000h 22m 58.099s
871,    1582,    1379681,    000h 00m 01.582s,    000h 22m 59.681s
872,    1747,    1381428,    000h 00m 01.747s,    000h 23m 01.428s
873,    1434,    1382862,    000h 00m 01.434s,    000h 23m 02.862s
874,    1615,    1384477,    000h 00m 01.615s,    000h 23m 04.477s
875,    1587,    1386064,    000h 00m 01.587s,    000h 23m 06.064s
876,    1693,    1387757,    000h 00m 01.693s,    000h 23m 07.757s
877,    1552,    1389309,    000h 00m 01.552s,    000h 23m 09.309s
878,    1531,    1390840,    000h 00m 01.531s,    000h 23m 10.840s
879,    1424,    1392264,    000h 00m 01.424s,    000h 23m 12.264s
880,    1407,    1393671,    000h 00m 01.407s,    000h 23m 13.671s
881,    1518,    1395189,    000h 00m 01.518s,    000h 23m 15.189s
882,    1712,    1396901,    000h 00m 01.712s,    000h 23m 16.901s
883,    1663,    1398564,    000h 00m 01.663s,    000h 23m 18.564s
884,    1521,    1400085,    000h 00m 01.521s,    000h 23m 20.085s
885,    1449,    1401534,    000h 00m 01.449s,    000h 23m 21.534s
886,    1634,    1403168,    000h 00m 01.634s,    000h 23m 23.168s
887,    1501,    1404669,    000h 00m 01.501s,    000h 23m 24.669s
888,    1642,    1406311,    000h 00m 01.642s,    000h 23m 26.311s
889,    1706,    1408017,    000h 00m 01.706s,    000h 23m 28.017s
890,    1739,    1409756,    000h 00m 01.739s,    000h 23m 29.756s
891,    1383,    1411139,    000h 00m 01.383s,    000h 23m 31.139s
892,    1660,    1412799,    000h 00m 01.660s,    000h 23m 32.799s
893,    1567,    1414366,    000h 00m 01.567s,    000h 23m 34.366s
894,    1593,    1415959,    000h 00m 01.593s,    000h 23m 35.959s
895,    1435,    1417394,    000h 00m 01.435s,    000h 23m 37.394s
896,    1624,    1419018,    000h 00m 01.624s,    000h 23m 39.018s
897,    1587,    1420605,    000h 00m 01.587s,    000h 23m 40.605s
898,    1667,    1422272,    000h 00m 01.667s,    000h 23m 42.272s
899,    1510,    1423782,    000h 00m 01.510s,    000h 23m 43.782s
900,    1626,    1425408,    000h 00m 01.626s,    000h 23m 45.408s
901,    1488,    1426896,    000h 00m 01.488s,    000h 23m 46.896s
902,    1450,    1428346,    000h 00m 01.450s,    000h 23m 48.346s
903,    1675,    1430021,    000h 00m 01.675s,    000h 23m 50.021s
904,    1667,    1431688,    000h 00m 01.667s,    000h 23m 51.688s
905,    1454,    1433142,    000h 00m 01.454s,    000h 23m 53.142s
906,    1746,    1434888,    000h 00m 01.746s,    000h 23m 54.888s
907,    1584,    1436472,    000h 00m 01.584s,    000h 23m 56.472s
908,    1614,    1438086,    000h 00m 01.614s,    000h 23m 58.086s
909,    1598,    1439684,    000h 00m 01.598s,    000h 23m 59.684s
910,    1527,    1441211,    000h 00m 01.527s,    000h 24m 01.211s
911,    1636,    1442847,    000h 00m 01.636s,    000h 24m 02.847s
912,    1537,    1444384,    000h 00m 01.537s,    000h 24m 04.384s
913,    1454,    1445838,    000h 00m 01.454s,    000h 24m 05.838s
914,    1483,    1447321,    000h 00m 01.483s,    000h 24m 07.321s
915,    1568,    1448889,    000h 00m 01.568s,    000h 24m 08.889s
916,    1659,    1450548,    000h 00m 01.659s,    000h 24m 10.548s
917,    1422,    1451970,    000h 00m 01.422s,    000h 24m 11.970s
918,    1530,    1453500,    000h 00m 01.530s,    000h 24m 13.500s
919,    1644,    1455144,    000h 00m 01.644s,    000h 24m 15.144s
920,    1540,    1456684,    000h 00m 01.540s,    000h 24m 16.684s
921,    1653,    1458337,    000h 00m 01.653s,    000h 24m 18.337s
922,    1611,    1459948,    000h 00m 01.611s,    000h 24m 19.948s
923,    1590,    1461538,    000h 00m 01.590s,    000h 24m 21.538s
924,    1721,    1463259,    000h 00m 01.721s,    000h 24m 23.259s
925,    1575,    1464834,    000h 00m 01.575s,    000h 24m 24.834s
926,    1440,    1466274,    000h 00m 01.440s,    000h 24m 26.274s
927,    1631,    1467905,    000h 00m 01.631s,    000h 24m 27.905s
928,    1566,    1469471,    000h 00m 01.566s,    000h 24m 29.471s
929,    1557,    1471028,    000h 00m 01.557s,    000h 24m 31.028s
930,    1667,    1472695,    000h 00m 01.667s,    000h 24m 32.695s
931,    1592,    1474287,    000h 00m 01.592s,    000h 24m 34.287s
932,    1451,    1475738,    000h 00m 01.451s,    000h 24m 35.738s
933,    1515,    1477253,    000h 00m 01.515s,    000h 24m 37.253s
934,    1647,    1478900,    000h 00m 01.647s,    000h 24m 38.900s
935,    1600,    1480500,    000h 00m 01.600s,    000h 24m 40.500s
936,    1567,    1482067,    000h 00m 01.567s,    000h 24m 42.067s
937,    1753,    1483820,    000h 00m 01.753s,    000h 24m 43.820s
938,    1477,    1485297,    000h 00m 01.477s,    000h 24m 45.297s
939,    1445,    1486742,    000h 00m 01.445s,    000h 24m 46.742s
940,    1685,    1488427,    000h 00m 01.685s,    000h 24m 48.427s
941,    1671,    1490098,    000h 00m 01.671s,    000h 24m 50.098s
942,    1571,    1491669,    000h 00m 01.571s,    000h 24m 51.669s
943,    1622,    1493291,    000h 00m 01.622s,    000h 24m 53.291s
944,    1745,    1495036,    000h 00m 01.745s,    000h 24m 55.036s
945,    1572,    1496608,    000h 00m 01.572s,    000h 24m 56.608s
946,    1686,    1498294,    000h 00m 01.686s,    000h 24m 58.294s
947,    1581,    1499875,    000h 00m 01.581s,    000h 24m 59.875s
948,    1668,    1501543,    000h 00m 01.668s,    000h 25m 01.543s
949,    1604,    1503147,    000h 00m 01.604s,    000h 25m 03.147s
950,    1649,    1504796,    000h 00m 01.649s,    000h 25m 04.796s
951,    1721,    1506517,    000h 00m 01.721s,    000h 25m 06.517s
952,    1676,    1508193,    000h 00m 01.676s,    000h 25m 08.193s
953,    1702,    1509895,    000h 00m 01.702s,    000h 25m 09.895s
954,    1555,    1511450,    000h 00m 01.555s,    000h 25m 11.450s
955,    1669,    1513119,    000h 00m 01.669s,    000h 25m 13.119s
956,    1449,    1514568,    000h 00m 01.449s,    000h 25m 14.568s
957,    1738,    1516306,    000h 00m 01.738s,    000h 25m 16.306s
958,    1635,    1517941,    000h 00m 01.635s,    000h 25m 17.941s
959,    1726,    1519667,    000h 00m 01.726s,    000h 25m 19.667s
960,    1670,    1521337,    000h 00m 01.670s,    000h 25m 21.337s
961,    1509,    1522846,    000h 00m 01.509s,    000h 25m 22.846s
962,    1410,    1524256,    000h 00m 01.410s,    000h 25m 24.256s
963,    1540,    1525796,    000h 00m 01.540s,    000h 25m 25.796s
964,    1616,    1527412,    000h 00m 01.616s,    000h 25m 27.412s
965,    1627,    1529039,    000h 00m 01.627s,    000h 25m 29.039s
966,    1481,    1530520,    000h 00m 01.481s,    000h 25m 30.520s
967,    1451,    1531971,    000h 00m 01.451s,    000h 25m 31.971s
968,    1703,    1533674,    000h 00m 01.703s,    000h 25m 33.674s
969,    1481,    1535155,    000h 00m 01.481s,    000h 25m 35.155s
970,    1686,    1536841,    000h 00m 01.686s,    000h 25m 36.841s
971,    1402,    1538243,    000h 00m 01.402s,    000h 25m 38.243s
972,    1725,    1539968,    000h 00m 01.725s,    000h 25m 39.968s
973,    1561,    1541529,    000h 00m 01.561s,    000h 25m 41.529s
974,    1638,    1543167,    000h 00m 01.638s,    000h 25m 43.167s
975,    1469,    1544636,    000h 00m 01.469s,    000h 25m 44.636s
976,    1607,    1546243,    000h 00m 01.607s,    000h 25m 46.243s
977,    1570,    1547813,    000h 00m 01.570s,    000h 25m 47.813s
978,    1678,    1549491,    000h 00m 01.678s,    000h 25m 49.491s
979,    1678,    1551169,    000h 00m 01.678s,    000h 25m 51.169s
980,    1766,    1552935,    000h 00m 01.766s,    000h 25m 52.935s
981,    1601,    1554536,    000h 00m 01.601s,    000h 25m 54.536s
982,    1644,    1556180,    000h 00m 01.644s,    000h 25m 56.180s
983,    1649,    1557829,    000h 00m 01.649s,    000h 25m 57.829s
984,    1435,    1559264,    000h 00m 01.435s,    000h 25m 59.264s
985,    1749,    1561013,    000h 00m 01.749s,    000h 26m 01.013s
986,    1602,    1562615,    000h 00m 01.602s,    000h 26m 02.615s
987,    1692,    1564307,    000h 00m 01.692s,    000h 26m 04.307s
988,    1389,    1565696,    000h 00m 01.389s,    000h 26m 05.696s
989,    1534,    1567230,    000h 00m 01.534s,    000h 26m 07.230s
990,    1651,    1568881,    000h 00m 01.651s,    000h 26m 08.881s
991,    1555,    1570436,    000h 00m 01.555s,    000h 26m 10.436s
992,    1718,    1572154,    000h 00m 01.718s,    000h 26m 12.154s
993,    1554,    1573708,    000h 00m 01.554s,    000h 26m 13.708s
994,    1700,    1575408,    000h 00m 01.700s,    000h 26m 15.408s
995,    1526,    1576934,    000h 00m 01.526s,    000h 26m 16.934s
996,    1723,    1578657,    000h 00m 01.723s,    000h 26m 18.657s
997,    1698,    1580355,    000h 00m 01.698s,    000h 26m 20.355s
998,    1585,    1581940,    000h 00m 01.585s,    000h 26m 21.940s
999,    1924,    1583864,    000h 00m 01.924s,    000h 26m 23.864s
1000,    1953,    1585817,    000h 00m 01.953s,    000h 26m 25.817s
1001,    1819,    1587636,    000h 00m 01.819s,    000h 26m 27.636s
1002,    1974,    1589610,    000h 00m 01.974s,    000h 26m 29.610s
1003,    1974,    1591584,    000h 00m 01.974s,    000h 26m 31.584s
1004,    1817,    1593401,    000h 00m 01.817s,    000h 26m 33.401s
1005,    1759,    1595160,    000h 00m 01.759s,    000h 26m 35.160s
1006,    2075,    1597235,    000h 00m 02.075s,    000h 26m 37.235s
1007,    2103,    1599338,    000h 00m 02.103s,    000h 26m 39.338s
1008,    1750,    1601088,    000h 00m 01.750s,    000h 26m 41.088s
1009,    2091,    1603179,    000h 00m 02.091s,    000h 26m 43.179s
1010,    1993,    1605172,    000h 00m 01.993s,    000h 26m 45.172s
1011,    1876,    1607048,    000h 00m 01.876s,    000h 26m 47.048s
1012,    2079,    1609127,    000h 00m 02.079s,    000h 26m 49.127s
1013,    2002,    1611129,    000h 00m 02.002s,    000h 26m 51.129s
1014,    2120,    1613249,    000h 00m 02.120s,    000h 26m 53.249s
1015,    1884,    1615133,    000h 00m 01.884s,    000h 26m 55.133s
1016,    1940,    1617073,    000h 00m 01.940s,    000h 26m 57.073s
1017,    1915,    1618988,    000h 00m 01.915s,    000h 26m 58.988s
1018,    1973,    1620961,    000h 00m 01.973s,    000h 27m 00.961s
1019,    2003,    1622964,    000h 00m 02.003s,    000h 27m 02.964s
1020,    1979,    1624943,    000h 00m 01.979s,    000h 27m 04.943s
1021,    2091,    1627034,    000h 00m 02.091s,    000h 27m 07.034s
1022,    1943,    1628977,    000h 00m 01.943s,    000h 27m 08.977s
1023,    1825,    1630802,    000h 00m 01.825s,    000h 27m 10.802s
1024,    1989,    1632791,    000h 00m 01.989s,    000h 27m 12.791s
1025,    2165,    1634956,    000h 00m 02.165s,    000h 27m 14.956s
