pass,    time (ms),    total time (ms),    time,     total_time
1,    4316,    4316,    000h 00m 04.316s,    000h 00m 04.316s
2,    4706,    9022,    000h 00m 04.706s,    000h 00m 09.022s
3,    4072,    13094,    000h 00m 04.072s,    000h 00m 13.094s
4,    4180,    17274,    000h 00m 04.180s,    000h 00m 17.274s
5,    4321,    21595,    000h 00m 04.321s,    000h 00m 21.595s
6,    4183,    25778,    000h 00m 04.183s,    000h 00m 25.778s
7,    4533,    30311,    000h 00m 04.533s,    000h 00m 30.311s
8,    4335,    34646,    000h 00m 04.335s,    000h 00m 34.646s
9,    4553,    39199,    000h 00m 04.553s,    000h 00m 39.199s
10,    4708,    43907,    000h 00m 04.708s,    000h 00m 43.907s
11,    4652,    48559,    000h 00m 04.652s,    000h 00m 48.559s
12,    4621,    53180,    000h 00m 04.621s,    000h 00m 53.180s
13,    4694,    57874,    000h 00m 04.694s,    000h 00m 57.874s
14,    4612,    62486,    000h 00m 04.612s,    000h 01m 02.486s
15,    4167,    66653,    000h 00m 04.167s,    000h 01m 06.653s
16,    4146,    70799,    000h 00m 04.146s,    000h 01m 10.799s
17,    4439,    75238,    000h 00m 04.439s,    000h 01m 15.238s
18,    4145,    79383,    000h 00m 04.145s,    000h 01m 19.383s
19,    4663,    84046,    000h 00m 04.663s,    000h 01m 24.046s
20,    4561,    88607,    000h 00m 04.561s,    000h 01m 28.607s
21,    4249,    92856,    000h 00m 04.249s,    000h 01m 32.856s
22,    4664,    97520,    000h 00m 04.664s,    000h 01m 37.520s
23,    4163,    101683,    000h 00m 04.163s,    000h 01m 41.683s
24,    4579,    106262,    000h 00m 04.579s,    000h 01m 46.262s
25,    4280,    110542,    000h 00m 04.280s,    000h 01m 50.542s
26,    4386,    114928,    000h 00m 04.386s,    000h 01m 54.928s
27,    4682,    119610,    000h 00m 04.682s,    000h 01m 59.610s
28,    4558,    124168,    000h 00m 04.558s,    000h 02m 04.168s
29,    4127,    128295,    000h 00m 04.127s,    000h 02m 08.295s
30,    4331,    132626,    000h 00m 04.331s,    000h 02m 12.626s
31,    3381,    136007,    000h 00m 03.381s,    000h 02m 16.007s
32,    4849,    140856,    000h 00m 04.849s,    000h 02m 20.856s
33,    4748,    145604,    000h 00m 04.748s,    000h 02m 25.604s
34,    4587,    150191,    000h 00m 04.587s,    000h 02m 30.191s
35,    4213,    154404,    000h 00m 04.213s,    000h 02m 34.404s
36,    4312,    158716,    000h 00m 04.312s,    000h 02m 38.716s
37,    4662,    163378,    000h 00m 04.662s,    000h 02m 43.378s
38,    4664,    168042,    000h 00m 04.664s,    000h 02m 48.042s
39,    4313,    172355,    000h 00m 04.313s,    000h 02m 52.355s
40,    4495,    176850,    000h 00m 04.495s,    000h 02m 56.850s
41,    4543,    181393,    000h 00m 04.543s,    000h 03m 01.393s
42,    4394,    185787,    000h 00m 04.394s,    000h 03m 05.787s
43,    4441,    190228,    000h 00m 04.441s,    000h 03m 10.228s
44,    4079,    194307,    000h 00m 04.079s,    000h 03m 14.307s
45,    4651,    198958,    000h 00m 04.651s,    000h 03m 18.958s
46,    4680,    203638,    000h 00m 04.680s,    000h 03m 23.638s
47,    4096,    207734,    000h 00m 04.096s,    000h 03m 27.734s
48,    3649,    211383,    000h 00m 03.649s,    000h 03m 31.383s
49,    3735,    215118,    000h 00m 03.735s,    000h 03m 35.118s
50,    4643,    219761,    000h 00m 04.643s,    000h 03m 39.761s
51,    4659,    224420,    000h 00m 04.659s,    000h 03m 44.420s
52,    4204,    228624,    000h 00m 04.204s,    000h 03m 48.624s
53,    4745,    233369,    000h 00m 04.745s,    000h 03m 53.369s
54,    4335,    237704,    000h 00m 04.335s,    000h 03m 57.704s
55,    4648,    242352,    000h 00m 04.648s,    000h 04m 02.352s
56,    3255,    245607,    000h 00m 03.255s,    000h 04m 05.607s
57,    4176,    249783,    000h 00m 04.176s,    000h 04m 09.783s
58,    4284,    254067,    000h 00m 04.284s,    000h 04m 14.067s
59,    4391,    258458,    000h 00m 04.391s,    000h 04m 18.458s
60,    4737,    263195,    000h 00m 04.737s,    000h 04m 23.195s
61,    4545,    267740,    000h 00m 04.545s,    000h 04m 27.740s
62,    4390,    272130,    000h 00m 04.390s,    000h 04m 32.130s
63,    4506,    276636,    000h 00m 04.506s,    000h 04m 36.636s
64,    4500,    281136,    000h 00m 04.500s,    000h 04m 41.136s
65,    4591,    285727,    000h 00m 04.591s,    000h 04m 45.727s
66,    4305,    290032,    000h 00m 04.305s,    000h 04m 50.032s
67,    4393,    294425,    000h 00m 04.393s,    000h 04m 54.425s
68,    4478,    298903,    000h 00m 04.478s,    000h 04m 58.903s
69,    4222,    303125,    000h 00m 04.222s,    000h 05m 03.125s
70,    4703,    307828,    000h 00m 04.703s,    000h 05m 07.828s
71,    4584,    312412,    000h 00m 04.584s,    000h 05m 12.412s
72,    4696,    317108,    000h 00m 04.696s,    000h 05m 17.108s
73,    4174,    321282,    000h 00m 04.174s,    000h 05m 21.282s
74,    4099,    325381,    000h 00m 04.099s,    000h 05m 25.381s
75,    4640,    330021,    000h 00m 04.640s,    000h 05m 30.021s
76,    4441,    334462,    000h 00m 04.441s,    000h 05m 34.462s
77,    4257,    338719,    000h 00m 04.257s,    000h 05m 38.719s
78,    4512,    343231,    000h 00m 04.512s,    000h 05m 43.231s
79,    4675,    347906,    000h 00m 04.675s,    000h 05m 47.906s
80,    4546,    352452,    000h 00m 04.546s,    000h 05m 52.452s
81,    4353,    356805,    000h 00m 04.353s,    000h 05m 56.805s
82,    4693,    361498,    000h 00m 04.693s,    000h 06m 01.498s
83,    4233,    365731,    000h 00m 04.233s,    000h 06m 05.731s
84,    4225,    369956,    000h 00m 04.225s,    000h 06m 09.956s
85,    4665,    374621,    000h 00m 04.665s,    000h 06m 14.621s
86,    4712,    379333,    000h 00m 04.712s,    000h 06m 19.333s
87,    4477,    383810,    000h 00m 04.477s,    000h 06m 23.810s
88,    4545,    388355,    000h 00m 04.545s,    000h 06m 28.355s
89,    4425,    392780,    000h 00m 04.425s,    000h 06m 32.780s
90,    4121,    396901,    000h 00m 04.121s,    000h 06m 36.901s
91,    4100,    401001,    000h 00m 04.100s,    000h 06m 41.001s
92,    4137,    405138,    000h 00m 04.137s,    000h 06m 45.138s
93,    4523,    409661,    000h 00m 04.523s,    000h 06m 49.661s
94,    4185,    413846,    000h 00m 04.185s,    000h 06m 53.846s
95,    4838,    418684,    000h 00m 04.838s,    000h 06m 58.684s
96,    4303,    422987,    000h 00m 04.303s,    000h 07m 02.987s
97,    4364,    427351,    000h 00m 04.364s,    000h 07m 07.351s
98,    4737,    432088,    000h 00m 04.737s,    000h 07m 12.088s
99,    4518,    436606,    000h 00m 04.518s,    000h 07m 16.606s
100,    4749,    441355,    000h 00m 04.749s,    000h 07m 21.355s
101,    4414,    445769,    000h 00m 04.414s,    000h 07m 25.769s
102,    4280,    450049,    000h 00m 04.280s,    000h 07m 30.049s
103,    4667,    454716,    000h 00m 04.667s,    000h 07m 34.716s
104,    4495,    459211,    000h 00m 04.495s,    000h 07m 39.211s
105,    4262,    463473,    000h 00m 04.262s,    000h 07m 43.473s
106,    4530,    468003,    000h 00m 04.530s,    000h 07m 48.003s
107,    4304,    472307,    000h 00m 04.304s,    000h 07m 52.307s
108,    4653,    476960,    000h 00m 04.653s,    000h 07m 56.960s
109,    4731,    481691,    000h 00m 04.731s,    000h 08m 01.691s
110,    4602,    486293,    000h 00m 04.602s,    000h 08m 06.293s
111,    4211,    490504,    000h 00m 04.211s,    000h 08m 10.504s
112,    4133,    494637,    000h 00m 04.133s,    000h 08m 14.637s
113,    4602,    499239,    000h 00m 04.602s,    000h 08m 19.239s
114,    4113,    503352,    000h 00m 04.113s,    000h 08m 23.352s
115,    4159,    507511,    000h 00m 04.159s,    000h 08m 27.511s
116,    4700,    512211,    000h 00m 04.700s,    000h 08m 32.211s
117,    4482,    516693,    000h 00m 04.482s,    000h 08m 36.693s
118,    3950,    520643,    000h 00m 03.950s,    000h 08m 40.643s
119,    4756,    525399,    000h 00m 04.756s,    000h 08m 45.399s
120,    4414,    529813,    000h 00m 04.414s,    000h 08m 49.813s
121,    4562,    534375,    000h 00m 04.562s,    000h 08m 54.375s
122,    4690,    539065,    000h 00m 04.690s,    000h 08m 59.065s
123,    4296,    543361,    000h 00m 04.296s,    000h 09m 03.361s
124,    4432,    547793,    000h 00m 04.432s,    000h 09m 07.793s
125,    4147,    551940,    000h 00m 04.147s,    000h 09m 11.940s
126,    4610,    556550,    000h 00m 04.610s,    000h 09m 16.550s
127,    4572,    561122,    000h 00m 04.572s,    000h 09m 21.122s
128,    3697,    564819,    000h 00m 03.697s,    000h 09m 24.819s
129,    4479,    569298,    000h 00m 04.479s,    000h 09m 29.298s
130,    4394,    573692,    000h 00m 04.394s,    000h 09m 33.692s
131,    4098,    577790,    000h 00m 04.098s,    000h 09m 37.790s
132,    4079,    581869,    000h 00m 04.079s,    000h 09m 41.869s
133,    4405,    586274,    000h 00m 04.405s,    000h 09m 46.274s
134,    4221,    590495,    000h 00m 04.221s,    000h 09m 50.495s
135,    4491,    594986,    000h 00m 04.491s,    000h 09m 54.986s
136,    4267,    599253,    000h 00m 04.267s,    000h 09m 59.253s
137,    4626,    603879,    000h 00m 04.626s,    000h 10m 03.879s
138,    4516,    608395,    000h 00m 04.516s,    000h 10m 08.395s
139,    4365,    612760,    000h 00m 04.365s,    000h 10m 12.760s
140,    4162,    616922,    000h 00m 04.162s,    000h 10m 16.922s
141,    4679,    621601,    000h 00m 04.679s,    000h 10m 21.601s
142,    4570,    626171,    000h 00m 04.570s,    000h 10m 26.171s
143,    4112,    630283,    000h 00m 04.112s,    000h 10m 30.283s
144,    4183,    634466,    000h 00m 04.183s,    000h 10m 34.466s
145,    4121,    638587,    000h 00m 04.121s,    000h 10m 38.587s
146,    4596,    643183,    000h 00m 04.596s,    000h 10m 43.183s
147,    4679,    647862,    000h 00m 04.679s,    000h 10m 47.862s
148,    4161,    652023,    000h 00m 04.161s,    000h 10m 52.023s
149,    4667,    656690,    000h 00m 04.667s,    000h 10m 56.690s
150,    4635,    661325,    000h 00m 04.635s,    000h 11m 01.325s
151,    4420,    665745,    000h 00m 04.420s,    000h 11m 05.745s
152,    4194,    669939,    000h 00m 04.194s,    000h 11m 09.939s
153,    4597,    674536,    000h 00m 04.597s,    000h 11m 14.536s
154,    4623,    679159,    000h 00m 04.623s,    000h 11m 19.159s
155,    4724,    683883,    000h 00m 04.724s,    000h 11m 23.883s
156,    4472,    688355,    000h 00m 04.472s,    000h 11m 28.355s
157,    4159,    692514,    000h 00m 04.159s,    000h 11m 32.514s
158,    4637,    697151,    000h 00m 04.637s,    000h 11m 37.151s
159,    4543,    701694,    000h 00m 04.543s,    000h 11m 41.694s
160,    4673,    706367,    000h 00m 04.673s,    000h 11m 46.367s
161,    4503,    710870,    000h 00m 04.503s,    000h 11m 50.870s
162,    4534,    715404,    000h 00m 04.534s,    000h 11m 55.404s
163,    4233,    719637,    000h 00m 04.233s,    000h 11m 59.637s
164,    4610,    724247,    000h 00m 04.610s,    000h 12m 04.247s
165,    3806,    728053,    000h 00m 03.806s,    000h 12m 08.053s
166,    4647,    732700,    000h 00m 04.647s,    000h 12m 12.700s
167,    4306,    737006,    000h 00m 04.306s,    000h 12m 17.006s
168,    4623,    741629,    000h 00m 04.623s,    000h 12m 21.629s
169,    4268,    745897,    000h 00m 04.268s,    000h 12m 25.897s
170,    4669,    750566,    000h 00m 04.669s,    000h 12m 30.566s
171,    4534,    755100,    000h 00m 04.534s,    000h 12m 35.100s
172,    4612,    759712,    000h 00m 04.612s,    000h 12m 39.712s
173,    4156,    763868,    000h 00m 04.156s,    000h 12m 43.868s
174,    4116,    767984,    000h 00m 04.116s,    000h 12m 47.984s
175,    4730,    772714,    000h 00m 04.730s,    000h 12m 52.714s
176,    4402,    777116,    000h 00m 04.402s,    000h 12m 57.116s
177,    4509,    781625,    000h 00m 04.509s,    000h 13m 01.625s
178,    4236,    785861,    000h 00m 04.236s,    000h 13m 05.861s
179,    4655,    790516,    000h 00m 04.655s,    000h 13m 10.516s
180,    4332,    794848,    000h 00m 04.332s,    000h 13m 14.848s
181,    4515,    799363,    000h 00m 04.515s,    000h 13m 19.363s
182,    4548,    803911,    000h 00m 04.548s,    000h 13m 23.911s
183,    4828,    808739,    000h 00m 04.828s,    000h 13m 28.739s
184,    4342,    813081,    000h 00m 04.342s,    000h 13m 33.081s
185,    4613,    817694,    000h 00m 04.613s,    000h 13m 37.694s
186,    4569,    822263,    000h 00m 04.569s,    000h 13m 42.263s
187,    4712,    826975,    000h 00m 04.712s,    000h 13m 46.975s
188,    4414,    831389,    000h 00m 04.414s,    000h 13m 51.389s
189,    4258,    835647,    000h 00m 04.258s,    000h 13m 55.647s
190,    4643,    840290,    000h 00m 04.643s,    000h 14m 00.290s
191,    4684,    844974,    000h 00m 04.684s,    000h 14m 04.974s
192,    4487,    849461,    000h 00m 04.487s,    000h 14m 09.461s
193,    4315,    853776,    000h 00m 04.315s,    000h 14m 13.776s
194,    4310,    858086,    000h 00m 04.310s,    000h 14m 18.086s
195,    4645,    862731,    000h 00m 04.645s,    000h 14m 22.731s
196,    4489,    867220,    000h 00m 04.489s,    000h 14m 27.220s
197,    4350,    871570,    000h 00m 04.350s,    000h 14m 31.570s
198,    4664,    876234,    000h 00m 04.664s,    000h 14m 36.234s
199,    4367,    880601,    000h 00m 04.367s,    000h 14m 40.601s
200,    4760,    885361,    000h 00m 04.760s,    000h 14m 45.361s
201,    4601,    889962,    000h 00m 04.601s,    000h 14m 49.962s
202,    4215,    894177,    000h 00m 04.215s,    000h 14m 54.177s
203,    4140,    898317,    000h 00m 04.140s,    000h 14m 58.317s
204,    4215,    902532,    000h 00m 04.215s,    000h 15m 02.532s
205,    4452,    906984,    000h 00m 04.452s,    000h 15m 06.984s
206,    4672,    911656,    000h 00m 04.672s,    000h 15m 11.656s
207,    4309,    915965,    000h 00m 04.309s,    000h 15m 15.965s
208,    4584,    920549,    000h 00m 04.584s,    000h 15m 20.549s
209,    4041,    924590,    000h 00m 04.041s,    000h 15m 24.590s
210,    4760,    929350,    000h 00m 04.760s,    000h 15m 29.350s
211,    4715,    934065,    000h 00m 04.715s,    000h 15m 34.065s
212,    4336,    938401,    000h 00m 04.336s,    000h 15m 38.401s
213,    4794,    943195,    000h 00m 04.794s,    000h 15m 43.195s
214,    4704,    947899,    000h 00m 04.704s,    000h 15m 47.899s
215,    4722,    952621,    000h 00m 04.722s,    000h 15m 52.621s
216,    4076,    956697,    000h 00m 04.076s,    000h 15m 56.697s
217,    4608,    961305,    000h 00m 04.608s,    000h 16m 01.305s
218,    4620,    965925,    000h 00m 04.620s,    000h 16m 05.925s
219,    4553,    970478,    000h 00m 04.553s,    000h 16m 10.478s
220,    3448,    973926,    000h 00m 03.448s,    000h 16m 13.926s
221,    3876,    977802,    000h 00m 03.876s,    000h 16m 17.802s
222,    4565,    982367,    000h 00m 04.565s,    000h 16m 22.367s
223,    4547,    986914,    000h 00m 04.547s,    000h 16m 26.914s
224,    4562,    991476,    000h 00m 04.562s,    000h 16m 31.476s
225,    4129,    995605,    000h 00m 04.129s,    000h 16m 35.605s
226,    4623,    1000228,    000h 00m 04.623s,    000h 16m 40.228s
227,    4473,    1004701,    000h 00m 04.473s,    000h 16m 44.701s
228,    4384,    1009085,    000h 00m 04.384s,    000h 16m 49.085s
229,    4647,    1013732,    000h 00m 04.647s,    000h 16m 53.732s
230,    4374,    1018106,    000h 00m 04.374s,    000h 16m 58.106s
231,    4157,    1022263,    000h 00m 04.157s,    000h 17m 02.263s
232,    4688,    1026951,    000h 00m 04.688s,    000h 17m 06.951s
233,    4562,    1031513,    000h 00m 04.562s,    000h 17m 11.513s
234,    3679,    1035192,    000h 00m 03.679s,    000h 17m 15.192s
235,    4150,    1039342,    000h 00m 04.150s,    000h 17m 19.342s
236,    4186,    1043528,    000h 00m 04.186s,    000h 17m 23.528s
237,    4159,    1047687,    000h 00m 04.159s,    000h 17m 27.687s
238,    4689,    1052376,    000h 00m 04.689s,    000h 17m 32.376s
239,    4409,    1056785,    000h 00m 04.409s,    000h 17m 36.785s
240,    4532,    1061317,    000h 00m 04.532s,    000h 17m 41.317s
241,    4388,    1065705,    000h 00m 04.388s,    000h 17m 45.705s
242,    4664,    1070369,    000h 00m 04.664s,    000h 17m 50.369s
243,    4380,    1074749,    000h 00m 04.380s,    000h 17m 54.749s
244,    4679,    1079428,    000h 00m 04.679s,    000h 17m 59.428s
245,    4596,    1084024,    000h 00m 04.596s,    000h 18m 04.024s
246,    4552,    1088576,    000h 00m 04.552s,    000h 18m 08.576s
247,    3972,    1092548,    000h 00m 03.972s,    000h 18m 12.548s
248,    4626,    1097174,    000h 00m 04.626s,    000h 18m 17.174s
249,    4385,    1101559,    000h 00m 04.385s,    000h 18m 21.559s
250,    4683,    1106242,    000h 00m 04.683s,    000h 18m 26.242s
251,    4149,    1110391,    000h 00m 04.149s,    000h 18m 30.391s
252,    4257,    1114648,    000h 00m 04.257s,    000h 18m 34.648s
253,    4751,    1119399,    000h 00m 04.751s,    000h 18m 39.399s
254,    4700,    1124099,    000h 00m 04.700s,    000h 18m 44.099s
255,    4317,    1128416,    000h 00m 04.317s,    000h 18m 48.416s
256,    4648,    1133064,    000h 00m 04.648s,    000h 18m 53.064s
257,    4485,    1137549,    000h 00m 04.485s,    000h 18m 57.549s
258,    4643,    1142192,    000h 00m 04.643s,    000h 19m 02.192s
259,    4560,    1146752,    000h 00m 04.560s,    000h 19m 06.752s
260,    4605,    1151357,    000h 00m 04.605s,    000h 19m 11.357s
261,    4221,    1155578,    000h 00m 04.221s,    000h 19m 15.578s
262,    4649,    1160227,    000h 00m 04.649s,    000h 19m 20.227s
263,    3546,    1163773,    000h 00m 03.546s,    000h 19m 23.773s
264,    4461,    1168234,    000h 00m 04.461s,    000h 19m 28.234s
265,    3376,    1171610,    000h 00m 03.376s,    000h 19m 31.610s
266,    4703,    1176313,    000h 00m 04.703s,    000h 19m 36.313s
267,    4670,    1180983,    000h 00m 04.670s,    000h 19m 40.983s
268,    3975,    1184958,    000h 00m 03.975s,    000h 19m 44.958s
269,    4051,    1189009,    000h 00m 04.051s,    000h 19m 49.009s
270,    4503,    1193512,    000h 00m 04.503s,    000h 19m 53.512s
271,    4182,    1197694,    000h 00m 04.182s,    000h 19m 57.694s
272,    3717,    1201411,    000h 00m 03.717s,    000h 20m 01.411s
273,    4646,    1206057,    000h 00m 04.646s,    000h 20m 06.057s
274,    4164,    1210221,    000h 00m 04.164s,    000h 20m 10.221s
275,    4216,    1214437,    000h 00m 04.216s,    000h 20m 14.437s
276,    4616,    1219053,    000h 00m 04.616s,    000h 20m 19.053s
277,    4309,    1223362,    000h 00m 04.309s,    000h 20m 23.362s
278,    4688,    1228050,    000h 00m 04.688s,    000h 20m 28.050s
279,    4673,    1232723,    000h 00m 04.673s,    000h 20m 32.723s
280,    4602,    1237325,    000h 00m 04.602s,    000h 20m 37.325s
281,    4135,    1241460,    000h 00m 04.135s,    000h 20m 41.460s
282,    4708,    1246168,    000h 00m 04.708s,    000h 20m 46.168s
283,    4153,    1250321,    000h 00m 04.153s,    000h 20m 50.321s
284,    4251,    1254572,    000h 00m 04.251s,    000h 20m 54.572s
285,    4283,    1258855,    000h 00m 04.283s,    000h 20m 58.855s
286,    4540,    1263395,    000h 00m 04.540s,    000h 21m 03.395s
287,    4196,    1267591,    000h 00m 04.196s,    000h 21m 07.591s
288,    4520,    1272111,    000h 00m 04.520s,    000h 21m 12.111s
289,    4515,    1276626,    000h 00m 04.515s,    000h 21m 16.626s
290,    4693,    1281319,    000h 00m 04.693s,    000h 21m 21.319s
291,    4349,    1285668,    000h 00m 04.349s,    000h 21m 25.668s
292,    4445,    1290113,    000h 00m 04.445s,    000h 21m 30.113s
293,    4782,    1294895,    000h 00m 04.782s,    000h 21m 34.895s
294,    4728,    1299623,    000h 00m 04.728s,    000h 21m 39.623s
295,    4180,    1303803,    000h 00m 04.180s,    000h 21m 43.803s
296,    4113,    1307916,    000h 00m 04.113s,    000h 21m 47.916s
297,    4855,    1312771,    000h 00m 04.855s,    000h 21m 52.771s
298,    4075,    1316846,    000h 00m 04.075s,    000h 21m 56.846s
299,    4622,    1321468,    000h 00m 04.622s,    000h 22m 01.468s
300,    4581,    1326049,    000h 00m 04.581s,    000h 22m 06.049s
301,    4113,    1330162,    000h 00m 04.113s,    000h 22m 10.162s
302,    4562,    1334724,    000h 00m 04.562s,    000h 22m 14.724s
303,    3901,    1338625,    000h 00m 03.901s,    000h 22m 18.625s
304,    4600,    1343225,    000h 00m 04.600s,    000h 22m 23.225s
305,    4210,    1347435,    000h 00m 04.210s,    000h 22m 27.435s
306,    3897,    1351332,    000h 00m 03.897s,    000h 22m 31.332s
307,    4562,    1355894,    000h 00m 04.562s,    000h 22m 35.894s
308,    4509,    1360403,    000h 00m 04.509s,    000h 22m 40.403s
309,    4151,    1364554,    000h 00m 04.151s,    000h 22m 44.554s
310,    4387,    1368941,    000h 00m 04.387s,    000h 22m 48.941s
311,    3967,    1372908,    000h 00m 03.967s,    000h 22m 52.908s
312,    4533,    1377441,    000h 00m 04.533s,    000h 22m 57.441s
313,    4554,    1381995,    000h 00m 04.554s,    000h 23m 01.995s
314,    4092,    1386087,    000h 00m 04.092s,    000h 23m 06.087s
315,    4677,    1390764,    000h 00m 04.677s,    000h 23m 10.764s
316,    3926,    1394690,    000h 00m 03.926s,    000h 23m 14.690s
317,    4261,    1398951,    000h 00m 04.261s,    000h 23m 18.951s
318,    4603,    1403554,    000h 00m 04.603s,    000h 23m 23.554s
319,    4484,    1408038,    000h 00m 04.484s,    000h 23m 28.038s
320,    4664,    1412702,    000h 00m 04.664s,    000h 23m 32.702s
321,    4450,    1417152,    000h 00m 04.450s,    000h 23m 37.152s
322,    4015,    1421167,    000h 00m 04.015s,    000h 23m 41.167s
323,    4321,    1425488,    000h 00m 04.321s,    000h 23m 45.488s
324,    4355,    1429843,    000h 00m 04.355s,    000h 23m 49.843s
325,    4133,    1433976,    000h 00m 04.133s,    000h 23m 53.976s
326,    4166,    1438142,    000h 00m 04.166s,    000h 23m 58.142s
327,    4775,    1442917,    000h 00m 04.775s,    000h 24m 02.917s
328,    4578,    1447495,    000h 00m 04.578s,    000h 24m 07.495s
329,    4507,    1452002,    000h 00m 04.507s,    000h 24m 12.002s
330,    4485,    1456487,    000h 00m 04.485s,    000h 24m 16.487s
331,    4117,    1460604,    000h 00m 04.117s,    000h 24m 20.604s
332,    4610,    1465214,    000h 00m 04.610s,    000h 24m 25.214s
333,    4561,    1469775,    000h 00m 04.561s,    000h 24m 29.775s
334,    4507,    1474282,    000h 00m 04.507s,    000h 24m 34.282s
335,    4479,    1478761,    000h 00m 04.479s,    000h 24m 38.761s
336,    3563,    1482324,    000h 00m 03.563s,    000h 24m 42.324s
337,    4585,    1486909,    000h 00m 04.585s,    000h 24m 46.909s
338,    4367,    1491276,    000h 00m 04.367s,    000h 24m 51.276s
339,    4207,    1495483,    000h 00m 04.207s,    000h 24m 55.483s
340,    4774,    1500257,    000h 00m 04.774s,    000h 25m 00.257s
341,    4657,    1504914,    000h 00m 04.657s,    000h 25m 04.914s
342,    4642,    1509556,    000h 00m 04.642s,    000h 25m 09.556s
343,    4119,    1513675,    000h 00m 04.119s,    000h 25m 13.675s
344,    4587,    1518262,    000h 00m 04.587s,    000h 25m 18.262s
345,    3988,    1522250,    000h 00m 03.988s,    000h 25m 22.250s
346,    3437,    1525687,    000h 00m 03.437s,    000h 25m 25.687s
347,    4384,    1530071,    000h 00m 04.384s,    000h 25m 30.071s
348,    4160,    1534231,    000h 00m 04.160s,    000h 25m 34.231s
349,    4624,    1538855,    000h 00m 04.624s,    000h 25m 38.855s
350,    4318,    1543173,    000h 00m 04.318s,    000h 25m 43.173s
351,    4720,    1547893,    000h 00m 04.720s,    000h 25m 47.893s
352,    4617,    1552510,    000h 00m 04.617s,    000h 25m 52.510s
353,    4674,    1557184,    000h 00m 04.674s,    000h 25m 57.184s
354,    4112,    1561296,    000h 00m 04.112s,    000h 26m 01.296s
355,    4141,    1565437,    000h 00m 04.141s,    000h 26m 05.437s
356,    4152,    1569589,    000h 00m 04.152s,    000h 26m 09.589s
357,    4418,    1574007,    000h 00m 04.418s,    000h 26m 14.007s
358,    4623,    1578630,    000h 00m 04.623s,    000h 26m 18.630s
359,    4628,    1583258,    000h 00m 04.628s,    000h 26m 23.258s
360,    4414,    1587672,    000h 00m 04.414s,    000h 26m 27.672s
361,    4134,    1591806,    000h 00m 04.134s,    000h 26m 31.806s
362,    4092,    1595898,    000h 00m 04.092s,    000h 26m 35.898s
363,    4654,    1600552,    000h 00m 04.654s,    000h 26m 40.552s
364,    4248,    1604800,    000h 00m 04.248s,    000h 26m 44.800s
365,    4524,    1609324,    000h 00m 04.524s,    000h 26m 49.324s
366,    3572,    1612896,    000h 00m 03.572s,    000h 26m 52.896s
367,    4426,    1617322,    000h 00m 04.426s,    000h 26m 57.322s
368,    4360,    1621682,    000h 00m 04.360s,    000h 27m 01.682s
369,    4804,    1626486,    000h 00m 04.804s,    000h 27m 06.486s
370,    4594,    1631080,    000h 00m 04.594s,    000h 27m 11.080s
371,    4152,    1635232,    000h 00m 04.152s,    000h 27m 15.232s
372,    4797,    1640029,    000h 00m 04.797s,    000h 27m 20.029s
373,    4609,    1644638,    000h 00m 04.609s,    000h 27m 24.638s
374,    4453,    1649091,    000h 00m 04.453s,    000h 27m 29.091s
375,    4444,    1653535,    000h 00m 04.444s,    000h 27m 33.535s
376,    4783,    1658318,    000h 00m 04.783s,    000h 27m 38.318s
377,    4494,    1662812,    000h 00m 04.494s,    000h 27m 42.812s
378,    4761,    1667573,    000h 00m 04.761s,    000h 27m 47.573s
379,    4398,    1671971,    000h 00m 04.398s,    000h 27m 51.971s
380,    4155,    1676126,    000h 00m 04.155s,    000h 27m 56.126s
381,    4645,    1680771,    000h 00m 04.645s,    000h 28m 00.771s
382,    4471,    1685242,    000h 00m 04.471s,    000h 28m 05.242s
383,    4324,    1689566,    000h 00m 04.324s,    000h 28m 09.566s
384,    4220,    1693786,    000h 00m 04.220s,    000h 28m 13.786s
385,    4200,    1697986,    000h 00m 04.200s,    000h 28m 17.986s
386,    4584,    1702570,    000h 00m 04.584s,    000h 28m 22.570s
387,    4218,    1706788,    000h 00m 04.218s,    000h 28m 26.788s
388,    4235,    1711023,    000h 00m 04.235s,    000h 28m 31.023s
389,    3840,    1714863,    000h 00m 03.840s,    000h 28m 34.863s
390,    4227,    1719090,    000h 00m 04.227s,    000h 28m 39.090s
391,    4689,    1723779,    000h 00m 04.689s,    000h 28m 43.779s
392,    4408,    1728187,    000h 00m 04.408s,    000h 28m 48.187s
393,    4368,    1732555,    000h 00m 04.368s,    000h 28m 52.555s
394,    4536,    1737091,    000h 00m 04.536s,    000h 28m 57.091s
395,    3963,    1741054,    000h 00m 03.963s,    000h 29m 01.054s
396,    4569,    1745623,    000h 00m 04.569s,    000h 29m 05.623s
397,    4278,    1749901,    000h 00m 04.278s,    000h 29m 09.901s
398,    4665,    1754566,    000h 00m 04.665s,    000h 29m 14.566s
399,    4603,    1759169,    000h 00m 04.603s,    000h 29m 19.169s
400,    4356,    1763525,    000h 00m 04.356s,    000h 29m 23.525s
401,    4718,    1768243,    000h 00m 04.718s,    000h 29m 28.243s
402,    4522,    1772765,    000h 00m 04.522s,    000h 29m 32.765s
403,    4661,    1777426,    000h 00m 04.661s,    000h 29m 37.426s
404,    4763,    1782189,    000h 00m 04.763s,    000h 29m 42.189s
405,    4660,    1786849,    000h 00m 04.660s,    000h 29m 46.849s
406,    4714,    1791563,    000h 00m 04.714s,    000h 29m 51.563s
407,    4158,    1795721,    000h 00m 04.158s,    000h 29m 55.721s
408,    4692,    1800413,    000h 00m 04.692s,    000h 30m 00.413s
409,    4164,    1804577,    000h 00m 04.164s,    000h 30m 04.577s
410,    4490,    1809067,    000h 00m 04.490s,    000h 30m 09.067s
411,    4618,    1813685,    000h 00m 04.618s,    000h 30m 13.685s
412,    4422,    1818107,    000h 00m 04.422s,    000h 30m 18.107s
413,    4636,    1822743,    000h 00m 04.636s,    000h 30m 22.743s
414,    4195,    1826938,    000h 00m 04.195s,    000h 30m 26.938s
415,    4702,    1831640,    000h 00m 04.702s,    000h 30m 31.640s
416,    4447,    1836087,    000h 00m 04.447s,    000h 30m 36.087s
417,    4544,    1840631,    000h 00m 04.544s,    000h 30m 40.631s
418,    4408,    1845039,    000h 00m 04.408s,    000h 30m 45.039s
419,    4644,    1849683,    000h 00m 04.644s,    000h 30m 49.683s
420,    4685,    1854368,    000h 00m 04.685s,    000h 30m 54.368s
421,    4575,    1858943,    000h 00m 04.575s,    000h 30m 58.943s
422,    4384,    1863327,    000h 00m 04.384s,    000h 31m 03.327s
423,    4617,    1867944,    000h 00m 04.617s,    000h 31m 07.944s
424,    4560,    1872504,    000h 00m 04.560s,    000h 31m 12.504s
425,    4793,    1877297,    000h 00m 04.793s,    000h 31m 17.297s
426,    4378,    1881675,    000h 00m 04.378s,    000h 31m 21.675s
427,    4194,    1885869,    000h 00m 04.194s,    000h 31m 25.869s
428,    4214,    1890083,    000h 00m 04.214s,    000h 31m 30.083s
429,    4264,    1894347,    000h 00m 04.264s,    000h 31m 34.347s
430,    4676,    1899023,    000h 00m 04.676s,    000h 31m 39.023s
431,    4277,    1903300,    000h 00m 04.277s,    000h 31m 43.300s
432,    4201,    1907501,    000h 00m 04.201s,    000h 31m 47.501s
433,    4606,    1912107,    000h 00m 04.606s,    000h 31m 52.107s
434,    4638,    1916745,    000h 00m 04.638s,    000h 31m 56.745s
435,    4162,    1920907,    000h 00m 04.162s,    000h 32m 00.907s
436,    4435,    1925342,    000h 00m 04.435s,    000h 32m 05.342s
437,    3962,    1929304,    000h 00m 03.962s,    000h 32m 09.304s
438,    4464,    1933768,    000h 00m 04.464s,    000h 32m 13.768s
439,    4272,    1938040,    000h 00m 04.272s,    000h 32m 18.040s
440,    4196,    1942236,    000h 00m 04.196s,    000h 32m 22.236s
441,    3505,    1945741,    000h 00m 03.505s,    000h 32m 25.741s
442,    4638,    1950379,    000h 00m 04.638s,    000h 32m 30.379s
443,    4406,    1954785,    000h 00m 04.406s,    000h 32m 34.785s
444,    4298,    1959083,    000h 00m 04.298s,    000h 32m 39.083s
445,    4778,    1963861,    000h 00m 04.778s,    000h 32m 43.861s
446,    4093,    1967954,    000h 00m 04.093s,    000h 32m 47.954s
447,    4342,    1972296,    000h 00m 04.342s,    000h 32m 52.296s
448,    4715,    1977011,    000h 00m 04.715s,    000h 32m 57.011s
449,    4477,    1981488,    000h 00m 04.477s,    000h 33m 01.488s
450,    3517,    1985005,    000h 00m 03.517s,    000h 33m 05.005s
451,    4649,    1989654,    000h 00m 04.649s,    000h 33m 09.654s
452,    4228,    1993882,    000h 00m 04.228s,    000h 33m 13.882s
453,    4341,    1998223,    000h 00m 04.341s,    000h 33m 18.223s
454,    4358,    2002581,    000h 00m 04.358s,    000h 33m 22.581s
455,    4674,    2007255,    000h 00m 04.674s,    000h 33m 27.255s
456,    4405,    2011660,    000h 00m 04.405s,    000h 33m 31.660s
457,    4239,    2015899,    000h 00m 04.239s,    000h 33m 35.899s
458,    4740,    2020639,    000h 00m 04.740s,    000h 33m 40.639s
459,    4551,    2025190,    000h 00m 04.551s,    000h 33m 45.190s
460,    4124,    2029314,    000h 00m 04.124s,    000h 33m 49.314s
461,    4577,    2033891,    000h 00m 04.577s,    000h 33m 53.891s
462,    4413,    2038304,    000h 00m 04.413s,    000h 33m 58.304s
463,    4555,    2042859,    000h 00m 04.555s,    000h 34m 02.859s
464,    4262,    2047121,    000h 00m 04.262s,    000h 34m 07.121s
465,    4258,    2051379,    000h 00m 04.258s,    000h 34m 11.379s
466,    4695,    2056074,    000h 00m 04.695s,    000h 34m 16.074s
467,    4723,    2060797,    000h 00m 04.723s,    000h 34m 20.797s
468,    4169,    2064966,    000h 00m 04.169s,    000h 34m 24.966s
469,    4265,    2069231,    000h 00m 04.265s,    000h 34m 29.231s
470,    4344,    2073575,    000h 00m 04.344s,    000h 34m 33.575s
471,    4274,    2077849,    000h 00m 04.274s,    000h 34m 37.849s
472,    4443,    2082292,    000h 00m 04.443s,    000h 34m 42.292s
473,    4539,    2086831,    000h 00m 04.539s,    000h 34m 46.831s
474,    4636,    2091467,    000h 00m 04.636s,    000h 34m 51.467s
475,    4679,    2096146,    000h 00m 04.679s,    000h 34m 56.146s
476,    4716,    2100862,    000h 00m 04.716s,    000h 35m 00.862s
477,    4389,    2105251,    000h 00m 04.389s,    000h 35m 05.251s
478,    4689,    2109940,    000h 00m 04.689s,    000h 35m 09.940s
479,    4486,    2114426,    000h 00m 04.486s,    000h 35m 14.426s
480,    4648,    2119074,    000h 00m 04.648s,    000h 35m 19.074s
481,    4674,    2123748,    000h 00m 04.674s,    000h 35m 23.748s
482,    4138,    2127886,    000h 00m 04.138s,    000h 35m 27.886s
483,    4521,    2132407,    000h 00m 04.521s,    000h 35m 32.407s
484,    4086,    2136493,    000h 00m 04.086s,    000h 35m 36.493s
485,    4732,    2141225,    000h 00m 04.732s,    000h 35m 41.225s
486,    4628,    2145853,    000h 00m 04.628s,    000h 35m 45.853s
487,    4681,    2150534,    000h 00m 04.681s,    000h 35m 50.534s
488,    3866,    2154400,    000h 00m 03.866s,    000h 35m 54.400s
489,    4282,    2158682,    000h 00m 04.282s,    000h 35m 58.682s
490,    4228,    2162910,    000h 00m 04.228s,    000h 36m 02.910s
491,    4684,    2167594,    000h 00m 04.684s,    000h 36m 07.594s
492,    4523,    2172117,    000h 00m 04.523s,    000h 36m 12.117s
493,    4067,    2176184,    000h 00m 04.067s,    000h 36m 16.184s
494,    4583,    2180767,    000h 00m 04.583s,    000h 36m 20.767s
495,    4796,    2185563,    000h 00m 04.796s,    000h 36m 25.563s
496,    4147,    2189710,    000h 00m 04.147s,    000h 36m 29.710s
497,    4189,    2193899,    000h 00m 04.189s,    000h 36m 33.899s
498,    4526,    2198425,    000h 00m 04.526s,    000h 36m 38.425s
499,    4606,    2203031,    000h 00m 04.606s,    000h 36m 43.031s
500,    4646,    2207677,    000h 00m 04.646s,    000h 36m 47.677s
501,    4277,    2211954,    000h 00m 04.277s,    000h 36m 51.954s
502,    4622,    2216576,    000h 00m 04.622s,    000h 36m 56.576s
503,    4687,    2221263,    000h 00m 04.687s,    000h 37m 01.263s
504,    4172,    2225435,    000h 00m 04.172s,    000h 37m 05.435s
505,    3518,    2228953,    000h 00m 03.518s,    000h 37m 08.953s
506,    4561,    2233514,    000h 00m 04.561s,    000h 37m 13.514s
507,    4705,    2238219,    000h 00m 04.705s,    000h 37m 18.219s
508,    4748,    2242967,    000h 00m 04.748s,    000h 37m 22.967s
509,    4590,    2247557,    000h 00m 04.590s,    000h 37m 27.557s
510,    4618,    2252175,    000h 00m 04.618s,    000h 37m 32.175s
511,    4562,    2256737,    000h 00m 04.562s,    000h 37m 36.737s
512,    4552,    2261289,    000h 00m 04.552s,    000h 37m 41.289s
513,    4615,    2265904,    000h 00m 04.615s,    000h 37m 45.904s
514,    4792,    2270696,    000h 00m 04.792s,    000h 37m 50.696s
515,    4426,    2275122,    000h 00m 04.426s,    000h 37m 55.122s
516,    4621,    2279743,    000h 00m 04.621s,    000h 37m 59.743s
517,    4671,    2284414,    000h 00m 04.671s,    000h 38m 04.414s
518,    4722,    2289136,    000h 00m 04.722s,    000h 38m 09.136s
519,    4490,    2293626,    000h 00m 04.490s,    000h 38m 13.626s
520,    4354,    2297980,    000h 00m 04.354s,    000h 38m 17.980s
521,    4568,    2302548,    000h 00m 04.568s,    000h 38m 22.548s
522,    4596,    2307144,    000h 00m 04.596s,    000h 38m 27.144s
523,    4668,    2311812,    000h 00m 04.668s,    000h 38m 31.812s
524,    4448,    2316260,    000h 00m 04.448s,    000h 38m 36.260s
525,    4633,    2320893,    000h 00m 04.633s,    000h 38m 40.893s
526,    4750,    2325643,    000h 00m 04.750s,    000h 38m 45.643s
527,    4516,    2330159,    000h 00m 04.516s,    000h 38m 50.159s
528,    4175,    2334334,    000h 00m 04.175s,    000h 38m 54.334s
529,    4754,    2339088,    000h 00m 04.754s,    000h 38m 59.088s
530,    4419,    2343507,    000h 00m 04.419s,    000h 39m 03.507s
531,    4565,    2348072,    000h 00m 04.565s,    000h 39m 08.072s
532,    4140,    2352212,    000h 00m 04.140s,    000h 39m 12.212s
533,    4460,    2356672,    000h 00m 04.460s,    000h 39m 16.672s
534,    3505,    2360177,    000h 00m 03.505s,    000h 39m 20.177s
535,    4631,    2364808,    000h 00m 04.631s,    000h 39m 24.808s
536,    4661,    2369469,    000h 00m 04.661s,    000h 39m 29.469s
537,    4362,    2373831,    000h 00m 04.362s,    000h 39m 33.831s
538,    4560,    2378391,    000h 00m 04.560s,    000h 39m 38.391s
539,    4685,    2383076,    000h 00m 04.685s,    000h 39m 43.076s
540,    4204,    2387280,    000h 00m 04.204s,    000h 39m 47.280s
541,    4678,    2391958,    000h 00m 04.678s,    000h 39m 51.958s
542,    4690,    2396648,    000h 00m 04.690s,    000h 39m 56.648s
543,    4636,    2401284,    000h 00m 04.636s,    000h 40m 01.284s
544,    4254,    2405538,    000h 00m 04.254s,    000h 40m 05.538s
545,    4460,    2409998,    000h 00m 04.460s,    000h 40m 09.998s
546,    4436,    2414434,    000h 00m 04.436s,    000h 40m 14.434s
547,    4139,    2418573,    000h 00m 04.139s,    000h 40m 18.573s
548,    4776,    2423349,    000h 00m 04.776s,    000h 40m 23.349s
549,    4554,    2427903,    000h 00m 04.554s,    000h 40m 27.903s
550,    4720,    2432623,    000h 00m 04.720s,    000h 40m 32.623s
551,    4246,    2436869,    000h 00m 04.246s,    000h 40m 36.869s
552,    4175,    2441044,    000h 00m 04.175s,    000h 40m 41.044s
553,    4495,    2445539,    000h 00m 04.495s,    000h 40m 45.539s
554,    4241,    2449780,    000h 00m 04.241s,    000h 40m 49.780s
555,    4453,    2454233,    000h 00m 04.453s,    000h 40m 54.233s
556,    3272,    2457505,    000h 00m 03.272s,    000h 40m 57.505s
557,    4619,    2462124,    000h 00m 04.619s,    000h 41m 02.124s
558,    4546,    2466670,    000h 00m 04.546s,    000h 41m 06.670s
559,    4219,    2470889,    000h 00m 04.219s,    000h 41m 10.889s
560,    4278,    2475167,    000h 00m 04.278s,    000h 41m 15.167s
561,    4233,    2479400,    000h 00m 04.233s,    000h 41m 19.400s
562,    4381,    2483781,    000h 00m 04.381s,    000h 41m 23.781s
563,    4600,    2488381,    000h 00m 04.600s,    000h 41m 28.381s
564,    4125,    2492506,    000h 00m 04.125s,    000h 41m 32.506s
565,    4687,    2497193,    000h 00m 04.687s,    000h 41m 37.193s
566,    4660,    2501853,    000h 00m 04.660s,    000h 41m 41.853s
567,    4410,    2506263,    000h 00m 04.410s,    000h 41m 46.263s
568,    4671,    2510934,    000h 00m 04.671s,    000h 41m 50.934s
569,    4440,    2515374,    000h 00m 04.440s,    000h 41m 55.374s
570,    4553,    2519927,    000h 00m 04.553s,    000h 41m 59.927s
571,    4333,    2524260,    000h 00m 04.333s,    000h 42m 04.260s
572,    4580,    2528840,    000h 00m 04.580s,    000h 42m 08.840s
573,    4648,    2533488,    000h 00m 04.648s,    000h 42m 13.488s
574,    4476,    2537964,    000h 00m 04.476s,    000h 42m 17.964s
575,    4384,    2542348,    000h 00m 04.384s,    000h 42m 22.348s
576,    4326,    2546674,    000h 00m 04.326s,    000h 42m 26.674s
577,    4340,    2551014,    000h 00m 04.340s,    000h 42m 31.014s
578,    4259,    2555273,    000h 00m 04.259s,    000h 42m 35.273s
579,    4201,    2559474,    000h 00m 04.201s,    000h 42m 39.474s
580,    4668,    2564142,    000h 00m 04.668s,    000h 42m 44.142s
581,    4552,    2568694,    000h 00m 04.552s,    000h 42m 48.694s
582,    4404,    2573098,    000h 00m 04.404s,    000h 42m 53.098s
583,    4094,    2577192,    000h 00m 04.094s,    000h 42m 57.192s
584,    4458,    2581650,    000h 00m 04.458s,    000h 43m 01.650s
585,    4685,    2586335,    000h 00m 04.685s,    000h 43m 06.335s
586,    4544,    2590879,    000h 00m 04.544s,    000h 43m 10.879s
587,    4706,    2595585,    000h 00m 04.706s,    000h 43m 15.585s
588,    4488,    2600073,    000h 00m 04.488s,    000h 43m 20.073s
589,    4659,    2604732,    000h 00m 04.659s,    000h 43m 24.732s
590,    4625,    2609357,    000h 00m 04.625s,    000h 43m 29.357s
591,    4241,    2613598,    000h 00m 04.241s,    000h 43m 33.598s
592,    4594,    2618192,    000h 00m 04.594s,    000h 43m 38.192s
593,    4679,    2622871,    000h 00m 04.679s,    000h 43m 42.871s
594,    4529,    2627400,    000h 00m 04.529s,    000h 43m 47.400s
595,    4103,    2631503,    000h 00m 04.103s,    000h 43m 51.503s
596,    4789,    2636292,    000h 00m 04.789s,    000h 43m 56.292s
597,    4522,    2640814,    000h 00m 04.522s,    000h 44m 00.814s
598,    4242,    2645056,    000h 00m 04.242s,    000h 44m 05.056s
599,    4177,    2649233,    000h 00m 04.177s,    000h 44m 09.233s
600,    4744,    2653977,    000h 00m 04.744s,    000h 44m 13.977s
601,    3447,    2657424,    000h 00m 03.447s,    000h 44m 17.424s
602,    4298,    2661722,    000h 00m 04.298s,    000h 44m 21.722s
603,    4311,    2666033,    000h 00m 04.311s,    000h 44m 26.033s
604,    4010,    2670043,    000h 00m 04.010s,    000h 44m 30.043s
605,    4431,    2674474,    000h 00m 04.431s,    000h 44m 34.474s
606,    4662,    2679136,    000h 00m 04.662s,    000h 44m 39.136s
607,    4266,    2683402,    000h 00m 04.266s,    000h 44m 43.402s
608,    4171,    2687573,    000h 00m 04.171s,    000h 44m 47.573s
609,    4616,    2692189,    000h 00m 04.616s,    000h 44m 52.189s
610,    4135,    2696324,    000h 00m 04.135s,    000h 44m 56.324s
611,    4520,    2700844,    000h 00m 04.520s,    000h 45m 00.844s
612,    3627,    2704471,    000h 00m 03.627s,    000h 45m 04.471s
613,    4480,    2708951,    000h 00m 04.480s,    000h 45m 08.951s
614,    4569,    2713520,    000h 00m 04.569s,    000h 45m 13.520s
615,    4527,    2718047,    000h 00m 04.527s,    000h 45m 18.047s
616,    4608,    2722655,    000h 00m 04.608s,    000h 45m 22.655s
617,    4749,    2727404,    000h 00m 04.749s,    000h 45m 27.404s
618,    4574,    2731978,    000h 00m 04.574s,    000h 45m 31.978s
619,    4653,    2736631,    000h 00m 04.653s,    000h 45m 36.631s
620,    4583,    2741214,    000h 00m 04.583s,    000h 45m 41.214s
621,    4593,    2745807,    000h 00m 04.593s,    000h 45m 45.807s
622,    3430,    2749237,    000h 00m 03.430s,    000h 45m 49.237s
623,    4311,    2753548,    000h 00m 04.311s,    000h 45m 53.548s
624,    4616,    2758164,    000h 00m 04.616s,    000h 45m 58.164s
625,    4639,    2762803,    000h 00m 04.639s,    000h 46m 02.803s
626,    4578,    2767381,    000h 00m 04.578s,    000h 46m 07.381s
627,    4294,    2771675,    000h 00m 04.294s,    000h 46m 11.675s
628,    4623,    2776298,    000h 00m 04.623s,    000h 46m 16.298s
629,    4390,    2780688,    000h 00m 04.390s,    000h 46m 20.688s
630,    4587,    2785275,    000h 00m 04.587s,    000h 46m 25.275s
631,    4323,    2789598,    000h 00m 04.323s,    000h 46m 29.598s
632,    4820,    2794418,    000h 00m 04.820s,    000h 46m 34.418s
633,    4700,    2799118,    000h 00m 04.700s,    000h 46m 39.118s
634,    4177,    2803295,    000h 00m 04.177s,    000h 46m 43.295s
635,    4299,    2807594,    000h 00m 04.299s,    000h 46m 47.594s
636,    4836,    2812430,    000h 00m 04.836s,    000h 46m 52.430s
637,    4613,    2817043,    000h 00m 04.613s,    000h 46m 57.043s
638,    4253,    2821296,    000h 00m 04.253s,    000h 47m 01.296s
639,    4159,    2825455,    000h 00m 04.159s,    000h 47m 05.455s
640,    4272,    2829727,    000h 00m 04.272s,    000h 47m 09.727s
641,    4593,    2834320,    000h 00m 04.593s,    000h 47m 14.320s
642,    4671,    2838991,    000h 00m 04.671s,    000h 47m 18.991s
643,    4152,    2843143,    000h 00m 04.152s,    000h 47m 23.143s
644,    4378,    2847521,    000h 00m 04.378s,    000h 47m 27.521s
645,    4509,    2852030,    000h 00m 04.509s,    000h 47m 32.030s
646,    4169,    2856199,    000h 00m 04.169s,    000h 47m 36.199s
647,    4613,    2860812,    000h 00m 04.613s,    000h 47m 40.812s
648,    4636,    2865448,    000h 00m 04.636s,    000h 47m 45.448s
649,    4622,    2870070,    000h 00m 04.622s,    000h 47m 50.070s
650,    4463,    2874533,    000h 00m 04.463s,    000h 47m 54.533s
651,    4636,    2879169,    000h 00m 04.636s,    000h 47m 59.169s
652,    4365,    2883534,    000h 00m 04.365s,    000h 48m 03.534s
653,    4380,    2887914,    000h 00m 04.380s,    000h 48m 07.914s
654,    4228,    2892142,    000h 00m 04.228s,    000h 48m 12.142s
655,    4678,    2896820,    000h 00m 04.678s,    000h 48m 16.820s
656,    4170,    2900990,    000h 00m 04.170s,    000h 48m 20.990s
657,    4383,    2905373,    000h 00m 04.383s,    000h 48m 25.373s
658,    4326,    2909699,    000h 00m 04.326s,    000h 48m 29.699s
659,    4538,    2914237,    000h 00m 04.538s,    000h 48m 34.237s
660,    4635,    2918872,    000h 00m 04.635s,    000h 48m 38.872s
661,    4175,    2923047,    000h 00m 04.175s,    000h 48m 43.047s
662,    4110,    2927157,    000h 00m 04.110s,    000h 48m 47.157s
663,    4534,    2931691,    000h 00m 04.534s,    000h 48m 51.691s
664,    4560,    2936251,    000h 00m 04.560s,    000h 48m 56.251s
665,    4448,    2940699,    000h 00m 04.448s,    000h 49m 00.699s
666,    4624,    2945323,    000h 00m 04.624s,    000h 49m 05.323s
667,    4129,    2949452,    000h 00m 04.129s,    000h 49m 09.452s
668,    4355,    2953807,    000h 00m 04.355s,    000h 49m 13.807s
669,    4345,    2958152,    000h 00m 04.345s,    000h 49m 18.152s
670,    4724,    2962876,    000h 00m 04.724s,    000h 49m 22.876s
671,    4683,    2967559,    000h 00m 04.683s,    000h 49m 27.559s
672,    3487,    2971046,    000h 00m 03.487s,    000h 49m 31.046s
673,    4133,    2975179,    000h 00m 04.133s,    000h 49m 35.179s
674,    4534,    2979713,    000h 00m 04.534s,    000h 49m 39.713s
675,    4523,    2984236,    000h 00m 04.523s,    000h 49m 44.236s
676,    4166,    2988402,    000h 00m 04.166s,    000h 49m 48.402s
677,    4396,    2992798,    000h 00m 04.396s,    000h 49m 52.798s
678,    4286,    2997084,    000h 00m 04.286s,    000h 49m 57.084s
679,    4193,    3001277,    000h 00m 04.193s,    000h 50m 01.277s
680,    4516,    3005793,    000h 00m 04.516s,    000h 50m 05.793s
681,    4714,    3010507,    000h 00m 04.714s,    000h 50m 10.507s
682,    4649,    3015156,    000h 00m 04.649s,    000h 50m 15.156s
683,    4331,    3019487,    000h 00m 04.331s,    000h 50m 19.487s
684,    4716,    3024203,    000h 00m 04.716s,    000h 50m 24.203s
685,    4151,    3028354,    000h 00m 04.151s,    000h 50m 28.354s
686,    4297,    3032651,    000h 00m 04.297s,    000h 50m 32.651s
687,    4383,    3037034,    000h 00m 04.383s,    000h 50m 37.034s
688,    4434,    3041468,    000h 00m 04.434s,    000h 50m 41.468s
689,    4712,    3046180,    000h 00m 04.712s,    000h 50m 46.180s
690,    4667,    3050847,    000h 00m 04.667s,    000h 50m 50.847s
691,    4428,    3055275,    000h 00m 04.428s,    000h 50m 55.275s
692,    4096,    3059371,    000h 00m 04.096s,    000h 50m 59.371s
693,    4130,    3063501,    000h 00m 04.130s,    000h 51m 03.501s
694,    4630,    3068131,    000h 00m 04.630s,    000h 51m 08.131s
695,    3641,    3071772,    000h 00m 03.641s,    000h 51m 11.772s
696,    4435,    3076207,    000h 00m 04.435s,    000h 51m 16.207s
697,    4025,    3080232,    000h 00m 04.025s,    000h 51m 20.232s
698,    4541,    3084773,    000h 00m 04.541s,    000h 51m 24.773s
699,    4566,    3089339,    000h 00m 04.566s,    000h 51m 29.339s
700,    4705,    3094044,    000h 00m 04.705s,    000h 51m 34.044s
701,    4322,    3098366,    000h 00m 04.322s,    000h 51m 38.366s
702,    4715,    3103081,    000h 00m 04.715s,    000h 51m 43.081s
703,    4679,    3107760,    000h 00m 04.679s,    000h 51m 47.760s
704,    4534,    3112294,    000h 00m 04.534s,    000h 51m 52.294s
705,    4507,    3116801,    000h 00m 04.507s,    000h 51m 56.801s
706,    4364,    3121165,    000h 00m 04.364s,    000h 52m 01.165s
707,    4699,    3125864,    000h 00m 04.699s,    000h 52m 05.864s
708,    4173,    3130037,    000h 00m 04.173s,    000h 52m 10.037s
709,    4582,    3134619,    000h 00m 04.582s,    000h 52m 14.619s
710,    4557,    3139176,    000h 00m 04.557s,    000h 52m 19.176s
711,    4634,    3143810,    000h 00m 04.634s,    000h 52m 23.810s
712,    4266,    3148076,    000h 00m 04.266s,    000h 52m 28.076s
713,    4646,    3152722,    000h 00m 04.646s,    000h 52m 32.722s
714,    4406,    3157128,    000h 00m 04.406s,    000h 52m 37.128s
715,    4286,    3161414,    000h 00m 04.286s,    000h 52m 41.414s
716,    4511,    3165925,    000h 00m 04.511s,    000h 52m 45.925s
717,    4502,    3170427,    000h 00m 04.502s,    000h 52m 50.427s
718,    4225,    3174652,    000h 00m 04.225s,    000h 52m 54.652s
719,    4476,    3179128,    000h 00m 04.476s,    000h 52m 59.128s
720,    4208,    3183336,    000h 00m 04.208s,    000h 53m 03.336s
721,    4459,    3187795,    000h 00m 04.459s,    000h 53m 07.795s
722,    4109,    3191904,    000h 00m 04.109s,    000h 53m 11.904s
723,    4160,    3196064,    000h 00m 04.160s,    000h 53m 16.064s
724,    4308,    3200372,    000h 00m 04.308s,    000h 53m 20.372s
725,    4555,    3204927,    000h 00m 04.555s,    000h 53m 24.927s
726,    4545,    3209472,    000h 00m 04.545s,    000h 53m 29.472s
727,    4534,    3214006,    000h 00m 04.534s,    000h 53m 34.006s
728,    4525,    3218531,    000h 00m 04.525s,    000h 53m 38.531s
729,    3940,    3222471,    000h 00m 03.940s,    000h 53m 42.471s
730,    4433,    3226904,    000h 00m 04.433s,    000h 53m 46.904s
731,    4353,    3231257,    000h 00m 04.353s,    000h 53m 51.257s
732,    4606,    3235863,    000h 00m 04.606s,    000h 53m 55.863s
733,    4172,    3240035,    000h 00m 04.172s,    000h 54m 00.035s
734,    4395,    3244430,    000h 00m 04.395s,    000h 54m 04.430s
735,    4766,    3249196,    000h 00m 04.766s,    000h 54m 09.196s
736,    4324,    3253520,    000h 00m 04.324s,    000h 54m 13.520s
737,    4654,    3258174,    000h 00m 04.654s,    000h 54m 18.174s
738,    4673,    3262847,    000h 00m 04.673s,    000h 54m 22.847s
739,    4437,    3267284,    000h 00m 04.437s,    000h 54m 27.284s
740,    4498,    3271782,    000h 00m 04.498s,    000h 54m 31.782s
741,    4356,    3276138,    000h 00m 04.356s,    000h 54m 36.138s
742,    4633,    3280771,    000h 00m 04.633s,    000h 54m 40.771s
743,    4406,    3285177,    000h 00m 04.406s,    000h 54m 45.177s
744,    4399,    3289576,    000h 00m 04.399s,    000h 54m 49.576s
745,    4212,    3293788,    000h 00m 04.212s,    000h 54m 53.788s
746,    4526,    3298314,    000h 00m 04.526s,    000h 54m 58.314s
747,    4546,    3302860,    000h 00m 04.546s,    000h 55m 02.860s
748,    4470,    3307330,    000h 00m 04.470s,    000h 55m 07.330s
749,    4413,    3311743,    000h 00m 04.413s,    000h 55m 11.743s
750,    4197,    3315940,    000h 00m 04.197s,    000h 55m 15.940s
751,    4676,    3320616,    000h 00m 04.676s,    000h 55m 20.616s
752,    4346,    3324962,    000h 00m 04.346s,    000h 55m 24.962s
753,    4275,    3329237,    000h 00m 04.275s,    000h 55m 29.237s
754,    4365,    3333602,    000h 00m 04.365s,    000h 55m 33.602s
755,    4649,    3338251,    000h 00m 04.649s,    000h 55m 38.251s
756,    3522,    3341773,    000h 00m 03.522s,    000h 55m 41.773s
757,    4730,    3346503,    000h 00m 04.730s,    000h 55m 46.503s
758,    4559,    3351062,    000h 00m 04.559s,    000h 55m 51.062s
759,    4654,    3355716,    000h 00m 04.654s,    000h 55m 55.716s
760,    4228,    3359944,    000h 00m 04.228s,    000h 55m 59.944s
761,    4385,    3364329,    000h 00m 04.385s,    000h 56m 04.329s
762,    4288,    3368617,    000h 00m 04.288s,    000h 56m 08.617s
763,    4460,    3373077,    000h 00m 04.460s,    000h 56m 13.077s
764,    4768,    3377845,    000h 00m 04.768s,    000h 56m 17.845s
765,    4123,    3381968,    000h 00m 04.123s,    000h 56m 21.968s
766,    4264,    3386232,    000h 00m 04.264s,    000h 56m 26.232s
767,    4663,    3390895,    000h 00m 04.663s,    000h 56m 30.895s
768,    4448,    3395343,    000h 00m 04.448s,    000h 56m 35.343s
769,    4220,    3399563,    000h 00m 04.220s,    000h 56m 39.563s
770,    4693,    3404256,    000h 00m 04.693s,    000h 56m 44.256s
771,    4417,    3408673,    000h 00m 04.417s,    000h 56m 48.673s
772,    4285,    3412958,    000h 00m 04.285s,    000h 56m 52.958s
773,    4310,    3417268,    000h 00m 04.310s,    000h 56m 57.268s
774,    4177,    3421445,    000h 00m 04.177s,    000h 57m 01.445s
775,    4417,    3425862,    000h 00m 04.417s,    000h 57m 05.862s
776,    4134,    3429996,    000h 00m 04.134s,    000h 57m 09.996s
777,    4399,    3434395,    000h 00m 04.399s,    000h 57m 14.395s
778,    4473,    3438868,    000h 00m 04.473s,    000h 57m 18.868s
779,    4675,    3443543,    000h 00m 04.675s,    000h 57m 23.543s
780,    4619,    3448162,    000h 00m 04.619s,    000h 57m 28.162s
781,    4264,    3452426,    000h 00m 04.264s,    000h 57m 32.426s
782,    4310,    3456736,    000h 00m 04.310s,    000h 57m 36.736s
783,    4440,    3461176,    000h 00m 04.440s,    000h 57m 41.176s
784,    4638,    3465814,    000h 00m 04.638s,    000h 57m 45.814s
785,    4364,    3470178,    000h 00m 04.364s,    000h 57m 50.178s
786,    4793,    3474971,    000h 00m 04.793s,    000h 57m 54.971s
787,    4328,    3479299,    000h 00m 04.328s,    000h 57m 59.299s
788,    4392,    3483691,    000h 00m 04.392s,    000h 58m 03.691s
789,    4263,    3487954,    000h 00m 04.263s,    000h 58m 07.954s
790,    4353,    3492307,    000h 00m 04.353s,    000h 58m 12.307s
791,    4356,    3496663,    000h 00m 04.356s,    000h 58m 16.663s
792,    4590,    3501253,    000h 00m 04.590s,    000h 58m 21.253s
793,    4704,    3505957,    000h 00m 04.704s,    000h 58m 25.957s
794,    4574,    3510531,    000h 00m 04.574s,    000h 58m 30.531s
795,    4151,    3514682,    000h 00m 04.151s,    000h 58m 34.682s
796,    4275,    3518957,    000h 00m 04.275s,    000h 58m 38.957s
797,    4514,    3523471,    000h 00m 04.514s,    000h 58m 43.471s
798,    4764,    3528235,    000h 00m 04.764s,    000h 58m 48.235s
799,    4509,    3532744,    000h 00m 04.509s,    000h 58m 52.744s
800,    4369,    3537113,    000h 00m 04.369s,    000h 58m 57.113s
801,    4544,    3541657,    000h 00m 04.544s,    000h 59m 01.657s
802,    4425,    3546082,    000h 00m 04.425s,    000h 59m 06.082s
803,    4662,    3550744,    000h 00m 04.662s,    000h 59m 10.744s
804,    4457,    3555201,    000h 00m 04.457s,    000h 59m 15.201s
805,    4486,    3559687,    000h 00m 04.486s,    000h 59m 19.687s
806,    4151,    3563838,    000h 00m 04.151s,    000h 59m 23.838s
807,    4410,    3568248,    000h 00m 04.410s,    000h 59m 28.248s
808,    4421,    3572669,    000h 00m 04.421s,    000h 59m 32.669s
809,    4334,    3577003,    000h 00m 04.334s,    000h 59m 37.003s
810,    4186,    3581189,    000h 00m 04.186s,    000h 59m 41.189s
811,    4314,    3585503,    000h 00m 04.314s,    000h 59m 45.503s
812,    4354,    3589857,    000h 00m 04.354s,    000h 59m 49.857s
813,    4433,    3594290,    000h 00m 04.433s,    000h 59m 54.290s
814,    4361,    3598651,    000h 00m 04.361s,    000h 59m 58.651s
815,    4509,    3603160,    000h 00m 04.509s,    001h 00m 03.160s
816,    4631,    3607791,    000h 00m 04.631s,    001h 00m 07.791s
817,    4196,    3611987,    000h 00m 04.196s,    001h 00m 11.987s
818,    4563,    3616550,    000h 00m 04.563s,    001h 00m 16.550s
819,    4503,    3621053,    000h 00m 04.503s,    001h 00m 21.053s
820,    4952,    3626005,    000h 00m 04.952s,    001h 00m 26.005s
821,    4544,    3630549,    000h 00m 04.544s,    001h 00m 30.549s
822,    4640,    3635189,    000h 00m 04.640s,    001h 00m 35.189s
823,    4433,    3639622,    000h 00m 04.433s,    001h 00m 39.622s
824,    4594,    3644216,    000h 00m 04.594s,    001h 00m 44.216s
825,    4562,    3648778,    000h 00m 04.562s,    001h 00m 48.778s
826,    3506,    3652284,    000h 00m 03.506s,    001h 00m 52.284s
827,    4618,    3656902,    000h 00m 04.618s,    001h 00m 56.902s
828,    4331,    3661233,    000h 00m 04.331s,    001h 01m 01.233s
829,    4220,    3665453,    000h 00m 04.220s,    001h 01m 05.453s
830,    4585,    3670038,    000h 00m 04.585s,    001h 01m 10.038s
831,    4214,    3674252,    000h 00m 04.214s,    001h 01m 14.252s
832,    4615,    3678867,    000h 00m 04.615s,    001h 01m 18.867s
833,    4202,    3683069,    000h 00m 04.202s,    001h 01m 23.069s
834,    3476,    3686545,    000h 00m 03.476s,    001h 01m 26.545s
835,    4670,    3691215,    000h 00m 04.670s,    001h 01m 31.215s
836,    4724,    3695939,    000h 00m 04.724s,    001h 01m 35.939s
837,    4696,    3700635,    000h 00m 04.696s,    001h 01m 40.635s
838,    4336,    3704971,    000h 00m 04.336s,    001h 01m 44.971s
839,    4661,    3709632,    000h 00m 04.661s,    001h 01m 49.632s
840,    4631,    3714263,    000h 00m 04.631s,    001h 01m 54.263s
841,    4044,    3718307,    000h 00m 04.044s,    001h 01m 58.307s
842,    4399,    3722706,    000h 00m 04.399s,    001h 02m 02.706s
843,    4240,    3726946,    000h 00m 04.240s,    001h 02m 06.946s
844,    4327,    3731273,    000h 00m 04.327s,    001h 02m 11.273s
845,    4307,    3735580,    000h 00m 04.307s,    001h 02m 15.580s
846,    4592,    3740172,    000h 00m 04.592s,    001h 02m 20.172s
847,    4088,    3744260,    000h 00m 04.088s,    001h 02m 24.260s
848,    4594,    3748854,    000h 00m 04.594s,    001h 02m 28.854s
849,    4545,    3753399,    000h 00m 04.545s,    001h 02m 33.399s
850,    4171,    3757570,    000h 00m 04.171s,    001h 02m 37.570s
851,    4545,    3762115,    000h 00m 04.545s,    001h 02m 42.115s
852,    4687,    3766802,    000h 00m 04.687s,    001h 02m 46.802s
853,    4729,    3771531,    000h 00m 04.729s,    001h 02m 51.531s
854,    4330,    3775861,    000h 00m 04.330s,    001h 02m 55.861s
855,    3684,    3779545,    000h 00m 03.684s,    001h 02m 59.545s
856,    4398,    3783943,    000h 00m 04.398s,    001h 03m 03.943s
857,    3554,    3787497,    000h 00m 03.554s,    001h 03m 07.497s
858,    4365,    3791862,    000h 00m 04.365s,    001h 03m 11.862s
859,    4017,    3795879,    000h 00m 04.017s,    001h 03m 15.879s
860,    4603,    3800482,    000h 00m 04.603s,    001h 03m 20.482s
861,    4237,    3804719,    000h 00m 04.237s,    001h 03m 24.719s
862,    4681,    3809400,    000h 00m 04.681s,    001h 03m 29.400s
863,    4171,    3813571,    000h 00m 04.171s,    001h 03m 33.571s
864,    4285,    3817856,    000h 00m 04.285s,    001h 03m 37.856s
865,    4174,    3822030,    000h 00m 04.174s,    001h 03m 42.030s
866,    4589,    3826619,    000h 00m 04.589s,    001h 03m 46.619s
867,    4242,    3830861,    000h 00m 04.242s,    001h 03m 50.861s
868,    4602,    3835463,    000h 00m 04.602s,    001h 03m 55.463s
869,    3490,    3838953,    000h 00m 03.490s,    001h 03m 58.953s
870,    4693,    3843646,    000h 00m 04.693s,    001h 04m 03.646s
871,    4777,    3848423,    000h 00m 04.777s,    001h 04m 08.423s
872,    4501,    3852924,    000h 00m 04.501s,    001h 04m 12.924s
873,    4734,    3857658,    000h 00m 04.734s,    001h 04m 17.658s
874,    4132,    3861790,    000h 00m 04.132s,    001h 04m 21.790s
875,    4609,    3866399,    000h 00m 04.609s,    001h 04m 26.399s
876,    4355,    3870754,    000h 00m 04.355s,    001h 04m 30.754s
877,    4683,    3875437,    000h 00m 04.683s,    001h 04m 35.437s
878,    4081,    3879518,    000h 00m 04.081s,    001h 04m 39.518s
879,    4306,    3883824,    000h 00m 04.306s,    001h 04m 43.824s
880,    4497,    3888321,    000h 00m 04.497s,    001h 04m 48.321s
881,    4601,    3892922,    000h 00m 04.601s,    001h 04m 52.922s
882,    4612,    3897534,    000h 00m 04.612s,    001h 04m 57.534s
883,    4542,    3902076,    000h 00m 04.542s,    001h 05m 02.076s
884,    4557,    3906633,    000h 00m 04.557s,    001h 05m 06.633s
885,    4426,    3911059,    000h 00m 04.426s,    001h 05m 11.059s
886,    4490,    3915549,    000h 00m 04.490s,    001h 05m 15.549s
887,    4588,    3920137,    000h 00m 04.588s,    001h 05m 20.137s
888,    4663,    3924800,    000h 00m 04.663s,    001h 05m 24.800s
889,    4681,    3929481,    000h 00m 04.681s,    001h 05m 29.481s
890,    4444,    3933925,    000h 00m 04.444s,    001h 05m 33.925s
891,    4158,    3938083,    000h 00m 04.158s,    001h 05m 38.083s
892,    4100,    3942183,    000h 00m 04.100s,    001h 05m 42.183s
893,    4675,    3946858,    000h 00m 04.675s,    001h 05m 46.858s
894,    4607,    3951465,    000h 00m 04.607s,    001h 05m 51.465s
895,    4276,    3955741,    000h 00m 04.276s,    001h 05m 55.741s
896,    4597,    3960338,    000h 00m 04.597s,    001h 06m 00.338s
897,    4656,    3964994,    000h 00m 04.656s,    001h 06m 04.994s
898,    4453,    3969447,    000h 00m 04.453s,    001h 06m 09.447s
899,    4618,    3974065,    000h 00m 04.618s,    001h 06m 14.065s
900,    4557,    3978622,    000h 00m 04.557s,    001h 06m 18.622s
901,    4408,    3983030,    000h 00m 04.408s,    001h 06m 23.030s
902,    4291,    3987321,    000h 00m 04.291s,    001h 06m 27.321s
903,    4611,    3991932,    000h 00m 04.611s,    001h 06m 31.932s
904,    4021,    3995953,    000h 00m 04.021s,    001h 06m 35.953s
905,    4611,    4000564,    000h 00m 04.611s,    001h 06m 40.564s
906,    4648,    4005212,    000h 00m 04.648s,    001h 06m 45.212s
907,    4241,    4009453,    000h 00m 04.241s,    001h 06m 49.453s
908,    4180,    4013633,    000h 00m 04.180s,    001h 06m 53.633s
909,    4359,    4017992,    000h 00m 04.359s,    001h 06m 57.992s
910,    4160,    4022152,    000h 00m 04.160s,    001h 07m 02.152s
911,    4383,    4026535,    000h 00m 04.383s,    001h 07m 06.535s
912,    4658,    4031193,    000h 00m 04.658s,    001h 07m 11.193s
913,    4288,    4035481,    000h 00m 04.288s,    001h 07m 15.481s
914,    4644,    4040125,    000h 00m 04.644s,    001h 07m 20.125s
915,    4714,    4044839,    000h 00m 04.714s,    001h 07m 24.839s
916,    4642,    4049481,    000h 00m 04.642s,    001h 07m 29.481s
917,    4144,    4053625,    000h 00m 04.144s,    001h 07m 33.625s
918,    3394,    4057019,    000h 00m 03.394s,    001h 07m 37.019s
919,    4414,    4061433,    000h 00m 04.414s,    001h 07m 41.433s
920,    4290,    4065723,    000h 00m 04.290s,    001h 07m 45.723s
921,    4322,    4070045,    000h 00m 04.322s,    001h 07m 50.045s
922,    4591,    4074636,    000h 00m 04.591s,    001h 07m 54.636s
923,    4700,    4079336,    000h 00m 04.700s,    001h 07m 59.336s
924,    4427,    4083763,    000h 00m 04.427s,    001h 08m 03.763s
925,    4647,    4088410,    000h 00m 04.647s,    001h 08m 08.410s
926,    4085,    4092495,    000h 00m 04.085s,    001h 08m 12.495s
927,    4554,    4097049,    000h 00m 04.554s,    001h 08m 17.049s
928,    4658,    4101707,    000h 00m 04.658s,    001h 08m 21.707s
929,    4421,    4106128,    000h 00m 04.421s,    001h 08m 26.128s
930,    4727,    4110855,    000h 00m 04.727s,    001h 08m 30.855s
931,    4528,    4115383,    000h 00m 04.528s,    001h 08m 35.383s
932,    4144,    4119527,    000h 00m 04.144s,    001h 08m 39.527s
933,    4194,    4123721,    000h 00m 04.194s,    001h 08m 43.721s
934,    4567,    4128288,    000h 00m 04.567s,    001h 08m 48.288s
935,    4568,    4132856,    000h 00m 04.568s,    001h 08m 52.856s
936,    4230,    4137086,    000h 00m 04.230s,    001h 08m 57.086s
937,    4175,    4141261,    000h 00m 04.175s,    001h 09m 01.261s
938,    4499,    4145760,    000h 00m 04.499s,    001h 09m 05.760s
939,    4640,    4150400,    000h 00m 04.640s,    001h 09m 10.400s
940,    4265,    4154665,    000h 00m 04.265s,    001h 09m 14.665s
941,    4434,    4159099,    000h 00m 04.434s,    001h 09m 19.099s
942,    4753,    4163852,    000h 00m 04.753s,    001h 09m 23.852s
943,    4504,    4168356,    000h 00m 04.504s,    001h 09m 28.356s
944,    4580,    4172936,    000h 00m 04.580s,    001h 09m 32.936s
945,    4232,    4177168,    000h 00m 04.232s,    001h 09m 37.168s
946,    4072,    4181240,    000h 00m 04.072s,    001h 09m 41.240s
947,    4320,    4185560,    000h 00m 04.320s,    001h 09m 45.560s
948,    4517,    4190077,    000h 00m 04.517s,    001h 09m 50.077s
949,    4493,    4194570,    000h 00m 04.493s,    001h 09m 54.570s
950,    4686,    4199256,    000h 00m 04.686s,    001h 09m 59.256s
951,    4597,    4203853,    000h 00m 04.597s,    001h 10m 03.853s
952,    4617,    4208470,    000h 00m 04.617s,    001h 10m 08.470s
953,    4695,    4213165,    000h 00m 04.695s,    001h 10m 13.165s
954,    4098,    4217263,    000h 00m 04.098s,    001h 10m 17.263s
955,    4340,    4221603,    000h 00m 04.340s,    001h 10m 21.603s
956,    4670,    4226273,    000h 00m 04.670s,    001h 10m 26.273s
957,    4551,    4230824,    000h 00m 04.551s,    001h 10m 30.824s
958,    4377,    4235201,    000h 00m 04.377s,    001h 10m 35.201s
959,    4255,    4239456,    000h 00m 04.255s,    001h 10m 39.456s
960,    4169,    4243625,    000h 00m 04.169s,    001h 10m 43.625s
961,    4483,    4248108,    000h 00m 04.483s,    001h 10m 48.108s
962,    4147,    4252255,    000h 00m 04.147s,    001h 10m 52.255s
963,    4425,    4256680,    000h 00m 04.425s,    001h 10m 56.680s
964,    4123,    4260803,    000h 00m 04.123s,    001h 11m 00.803s
965,    3342,    4264145,    000h 00m 03.342s,    001h 11m 04.145s
966,    4434,    4268579,    000h 00m 04.434s,    001h 11m 08.579s
967,    4583,    4273162,    000h 00m 04.583s,    001h 11m 13.162s
968,    4672,    4277834,    000h 00m 04.672s,    001h 11m 17.834s
969,    4207,    4282041,    000h 00m 04.207s,    001h 11m 22.041s
970,    4169,    4286210,    000h 00m 04.169s,    001h 11m 26.210s
971,    4596,    4290806,    000h 00m 04.596s,    001h 11m 30.806s
972,    4475,    4295281,    000h 00m 04.475s,    001h 11m 35.281s
973,    4726,    4300007,    000h 00m 04.726s,    001h 11m 40.007s
974,    4099,    4304106,    000h 00m 04.099s,    001h 11m 44.106s
975,    4204,    4308310,    000h 00m 04.204s,    001h 11m 48.310s
976,    4521,    4312831,    000h 00m 04.521s,    001h 11m 52.831s
977,    4215,    4317046,    000h 00m 04.215s,    001h 11m 57.046s
978,    4505,    4321551,    000h 00m 04.505s,    001h 12m 01.551s
979,    4340,    4325891,    000h 00m 04.340s,    001h 12m 05.891s
980,    4755,    4330646,    000h 00m 04.755s,    001h 12m 10.646s
981,    4430,    4335076,    000h 00m 04.430s,    001h 12m 15.076s
982,    4454,    4339530,    000h 00m 04.454s,    001h 12m 19.530s
983,    4952,    4344482,    000h 00m 04.952s,    001h 12m 24.482s
984,    4681,    4349163,    000h 00m 04.681s,    001h 12m 29.163s
985,    4345,    4353508,    000h 00m 04.345s,    001h 12m 33.508s
986,    4633,    4358141,    000h 00m 04.633s,    001h 12m 38.141s
987,    3597,    4361738,    000h 00m 03.597s,    001h 12m 41.738s
988,    4842,    4366580,    000h 00m 04.842s,    001h 12m 46.580s
989,    4510,    4371090,    000h 00m 04.510s,    001h 12m 51.090s
990,    4628,    4375718,    000h 00m 04.628s,    001h 12m 55.718s
991,    4385,    4380103,    000h 00m 04.385s,    001h 13m 00.103s
992,    4544,    4384647,    000h 00m 04.544s,    001h 13m 04.647s
993,    4169,    4388816,    000h 00m 04.169s,    001h 13m 08.816s
994,    4305,    4393121,    000h 00m 04.305s,    001h 13m 13.121s
995,    4240,    4397361,    000h 00m 04.240s,    001h 13m 17.361s
996,    4445,    4401806,    000h 00m 04.445s,    001h 13m 21.806s
997,    18685,    4420491,    000h 00m 18.685s,    001h 13m 40.491s
998,    61641,    4482132,    000h 01m 01.641s,    001h 14m 42.132s
999,    67737,    4549869,    000h 01m 07.737s,    001h 15m 49.869s
1000,    66206,    4616075,    000h 01m 06.206s,    001h 16m 56.075s
1001,    68742,    4684817,    000h 01m 08.742s,    001h 18m 04.817s
1002,    69247,    4754064,    000h 01m 09.247s,    001h 19m 14.064s
1003,    53814,    4807878,    000h 00m 53.814s,    001h 20m 07.878s
1004,    67695,    4875573,    000h 01m 07.695s,    001h 21m 15.573s
1005,    70246,    4945819,    000h 01m 10.246s,    001h 22m 25.819s
1006,    65767,    5011586,    000h 01m 05.767s,    001h 23m 31.586s
1007,    70756,    5082342,    000h 01m 10.756s,    001h 24m 42.342s
1008,    69855,    5152197,    000h 01m 09.855s,    001h 25m 52.197s
1009,    67476,    5219673,    000h 01m 07.476s,    001h 26m 59.673s
1010,    83975,    5303648,    000h 01m 23.975s,    001h 28m 23.648s
1011,    69599,    5373247,    000h 01m 09.599s,    001h 29m 33.247s
1012,    68954,    5442201,    000h 01m 08.954s,    001h 30m 42.201s
1013,    63945,    5506146,    000h 01m 03.945s,    001h 31m 46.146s
1014,    60037,    5566183,    000h 01m 00.037s,    001h 32m 46.183s
1015,    36221,    5602404,    000h 00m 36.221s,    001h 33m 22.404s
1016,    58329,    5660733,    000h 00m 58.329s,    001h 34m 20.733s
1017,    33850,    5694583,    000h 00m 33.850s,    001h 34m 54.583s
1018,    30600,    5725183,    000h 00m 30.600s,    001h 35m 25.183s
1019,    34578,    5759761,    000h 00m 34.578s,    001h 35m 59.761s
1020,    13455,    5773216,    000h 00m 13.455s,    001h 36m 13.216s
1021,    2371,    5775587,    000h 00m 02.371s,    001h 36m 15.587s
1022,    2380,    5777967,    000h 00m 02.380s,    001h 36m 17.967s
1023,    2349,    5780316,    000h 00m 02.349s,    001h 36m 20.316s
1024,    2347,    5782663,    000h 00m 02.347s,    001h 36m 22.663s
1025,    2360,    5785023,    000h 00m 02.360s,    001h 36m 25.023s
