pass,    time (ms),    total time (ms),    time,     total_time
1,    2187,    2187,    000h 00m 02.187s,    000h 00m 02.187s
2,    2081,    4268,    000h 00m 02.081s,    000h 00m 04.268s
3,    2117,    6385,    000h 00m 02.117s,    000h 00m 06.385s
4,    2066,    8451,    000h 00m 02.066s,    000h 00m 08.451s
5,    2225,    10676,    000h 00m 02.225s,    000h 00m 10.676s
6,    2200,    12876,    000h 00m 02.200s,    000h 00m 12.876s
7,    2116,    14992,    000h 00m 02.116s,    000h 00m 14.992s
8,    2086,    17078,    000h 00m 02.086s,    000h 00m 17.078s
9,    2132,    19210,    000h 00m 02.132s,    000h 00m 19.210s
10,    1997,    21207,    000h 00m 01.997s,    000h 00m 21.207s
11,    2164,    23371,    000h 00m 02.164s,    000h 00m 23.371s
12,    2239,    25610,    000h 00m 02.239s,    000h 00m 25.610s
13,    1943,    27553,    000h 00m 01.943s,    000h 00m 27.553s
14,    2100,    29653,    000h 00m 02.100s,    000h 00m 29.653s
15,    2167,    31820,    000h 00m 02.167s,    000h 00m 31.820s
16,    2156,    33976,    000h 00m 02.156s,    000h 00m 33.976s
17,    2031,    36007,    000h 00m 02.031s,    000h 00m 36.007s
18,    2080,    38087,    000h 00m 02.080s,    000h 00m 38.087s
19,    1977,    40064,    000h 00m 01.977s,    000h 00m 40.064s
20,    2003,    42067,    000h 00m 02.003s,    000h 00m 42.067s
21,    2154,    44221,    000h 00m 02.154s,    000h 00m 44.221s
22,    2188,    46409,    000h 00m 02.188s,    000h 00m 46.409s
23,    2183,    48592,    000h 00m 02.183s,    000h 00m 48.592s
24,    2224,    50816,    000h 00m 02.224s,    000h 00m 50.816s
25,    1609,    52425,    000h 00m 01.609s,    000h 00m 52.425s
26,    2170,    54595,    000h 00m 02.170s,    000h 00m 54.595s
27,    2237,    56832,    000h 00m 02.237s,    000h 00m 56.832s
28,    2037,    58869,    000h 00m 02.037s,    000h 00m 58.869s
29,    1983,    60852,    000h 00m 01.983s,    000h 01m 00.852s
30,    2184,    63036,    000h 00m 02.184s,    000h 01m 03.036s
31,    2125,    65161,    000h 00m 02.125s,    000h 01m 05.161s
32,    2146,    67307,    000h 00m 02.146s,    000h 01m 07.307s
33,    2041,    69348,    000h 00m 02.041s,    000h 01m 09.348s
34,    2159,    71507,    000h 00m 02.159s,    000h 01m 11.507s
35,    2097,    73604,    000h 00m 02.097s,    000h 01m 13.604s
36,    2199,    75803,    000h 00m 02.199s,    000h 01m 15.803s
37,    2107,    77910,    000h 00m 02.107s,    000h 01m 17.910s
38,    1776,    79686,    000h 00m 01.776s,    000h 01m 19.686s
39,    2265,    81951,    000h 00m 02.265s,    000h 01m 21.951s
40,    2118,    84069,    000h 00m 02.118s,    000h 01m 24.069s
41,    1966,    86035,    000h 00m 01.966s,    000h 01m 26.035s
42,    2147,    88182,    000h 00m 02.147s,    000h 01m 28.182s
43,    1944,    90126,    000h 00m 01.944s,    000h 01m 30.126s
44,    2168,    92294,    000h 00m 02.168s,    000h 01m 32.294s
45,    2255,    94549,    000h 00m 02.255s,    000h 01m 34.549s
46,    2191,    96740,    000h 00m 02.191s,    000h 01m 36.740s
47,    2237,    98977,    000h 00m 02.237s,    000h 01m 38.977s
48,    2106,    101083,    000h 00m 02.106s,    000h 01m 41.083s
49,    2178,    103261,    000h 00m 02.178s,    000h 01m 43.261s
50,    2194,    105455,    000h 00m 02.194s,    000h 01m 45.455s
51,    2133,    107588,    000h 00m 02.133s,    000h 01m 47.588s
52,    2134,    109722,    000h 00m 02.134s,    000h 01m 49.722s
53,    2077,    111799,    000h 00m 02.077s,    000h 01m 51.799s
54,    1802,    113601,    000h 00m 01.802s,    000h 01m 53.601s
55,    1709,    115310,    000h 00m 01.709s,    000h 01m 55.310s
56,    1639,    116949,    000h 00m 01.639s,    000h 01m 56.949s
57,    1708,    118657,    000h 00m 01.708s,    000h 01m 58.657s
58,    1803,    120460,    000h 00m 01.803s,    000h 02m 00.460s
59,    1734,    122194,    000h 00m 01.734s,    000h 02m 02.194s
60,    1767,    123961,    000h 00m 01.767s,    000h 02m 03.961s
61,    1750,    125711,    000h 00m 01.750s,    000h 02m 05.711s
62,    1795,    127506,    000h 00m 01.795s,    000h 02m 07.506s
63,    1673,    129179,    000h 00m 01.673s,    000h 02m 09.179s
64,    1556,    130735,    000h 00m 01.556s,    000h 02m 10.735s
65,    1646,    132381,    000h 00m 01.646s,    000h 02m 12.381s
66,    1742,    134123,    000h 00m 01.742s,    000h 02m 14.123s
67,    1669,    135792,    000h 00m 01.669s,    000h 02m 15.792s
68,    1726,    137518,    000h 00m 01.726s,    000h 02m 17.518s
69,    1622,    139140,    000h 00m 01.622s,    000h 02m 19.140s
70,    1754,    140894,    000h 00m 01.754s,    000h 02m 20.894s
71,    1671,    142565,    000h 00m 01.671s,    000h 02m 22.565s
72,    1750,    144315,    000h 00m 01.750s,    000h 02m 24.315s
73,    1596,    145911,    000h 00m 01.596s,    000h 02m 25.911s
74,    1615,    147526,    000h 00m 01.615s,    000h 02m 27.526s
75,    1720,    149246,    000h 00m 01.720s,    000h 02m 29.246s
76,    1609,    150855,    000h 00m 01.609s,    000h 02m 30.855s
77,    1722,    152577,    000h 00m 01.722s,    000h 02m 32.577s
78,    1714,    154291,    000h 00m 01.714s,    000h 02m 34.291s
79,    1612,    155903,    000h 00m 01.612s,    000h 02m 35.903s
80,    1585,    157488,    000h 00m 01.585s,    000h 02m 37.488s
81,    1754,    159242,    000h 00m 01.754s,    000h 02m 39.242s
82,    1746,    160988,    000h 00m 01.746s,    000h 02m 40.988s
83,    1583,    162571,    000h 00m 01.583s,    000h 02m 42.571s
84,    1761,    164332,    000h 00m 01.761s,    000h 02m 44.332s
85,    1552,    165884,    000h 00m 01.552s,    000h 02m 45.884s
86,    1649,    167533,    000h 00m 01.649s,    000h 02m 47.533s
87,    1596,    169129,    000h 00m 01.596s,    000h 02m 49.129s
88,    1592,    170721,    000h 00m 01.592s,    000h 02m 50.721s
89,    1661,    172382,    000h 00m 01.661s,    000h 02m 52.382s
90,    1730,    174112,    000h 00m 01.730s,    000h 02m 54.112s
91,    1673,    175785,    000h 00m 01.673s,    000h 02m 55.785s
92,    1505,    177290,    000h 00m 01.505s,    000h 02m 57.290s
93,    1749,    179039,    000h 00m 01.749s,    000h 02m 59.039s
94,    1734,    180773,    000h 00m 01.734s,    000h 03m 00.773s
95,    1753,    182526,    000h 00m 01.753s,    000h 03m 02.526s
96,    1761,    184287,    000h 00m 01.761s,    000h 03m 04.287s
97,    1590,    185877,    000h 00m 01.590s,    000h 03m 05.877s
98,    1691,    187568,    000h 00m 01.691s,    000h 03m 07.568s
99,    1676,    189244,    000h 00m 01.676s,    000h 03m 09.244s
100,    1726,    190970,    000h 00m 01.726s,    000h 03m 10.970s
101,    1723,    192693,    000h 00m 01.723s,    000h 03m 12.693s
102,    1588,    194281,    000h 00m 01.588s,    000h 03m 14.281s
103,    1745,    196026,    000h 00m 01.745s,    000h 03m 16.026s
104,    1669,    197695,    000h 00m 01.669s,    000h 03m 17.695s
105,    1612,    199307,    000h 00m 01.612s,    000h 03m 19.307s
106,    1603,    200910,    000h 00m 01.603s,    000h 03m 20.910s
107,    1752,    202662,    000h 00m 01.752s,    000h 03m 22.662s
108,    1707,    204369,    000h 00m 01.707s,    000h 03m 24.369s
109,    1638,    206007,    000h 00m 01.638s,    000h 03m 26.007s
110,    1730,    207737,    000h 00m 01.730s,    000h 03m 27.737s
111,    1658,    209395,    000h 00m 01.658s,    000h 03m 29.395s
112,    1633,    211028,    000h 00m 01.633s,    000h 03m 31.028s
113,    1587,    212615,    000h 00m 01.587s,    000h 03m 32.615s
114,    1715,    214330,    000h 00m 01.715s,    000h 03m 34.330s
115,    1658,    215988,    000h 00m 01.658s,    000h 03m 35.988s
116,    1551,    217539,    000h 00m 01.551s,    000h 03m 37.539s
117,    1588,    219127,    000h 00m 01.588s,    000h 03m 39.127s
118,    1728,    220855,    000h 00m 01.728s,    000h 03m 40.855s
119,    1746,    222601,    000h 00m 01.746s,    000h 03m 42.601s
120,    1739,    224340,    000h 00m 01.739s,    000h 03m 44.340s
121,    1373,    225713,    000h 00m 01.373s,    000h 03m 45.713s
122,    1329,    227042,    000h 00m 01.329s,    000h 03m 47.042s
123,    1586,    228628,    000h 00m 01.586s,    000h 03m 48.628s
124,    1566,    230194,    000h 00m 01.566s,    000h 03m 50.194s
125,    1616,    231810,    000h 00m 01.616s,    000h 03m 51.810s
126,    1723,    233533,    000h 00m 01.723s,    000h 03m 53.533s
127,    1692,    235225,    000h 00m 01.692s,    000h 03m 55.225s
128,    1734,    236959,    000h 00m 01.734s,    000h 03m 56.959s
129,    1780,    238739,    000h 00m 01.780s,    000h 03m 58.739s
130,    1355,    240094,    000h 00m 01.355s,    000h 04m 00.094s
131,    1553,    241647,    000h 00m 01.553s,    000h 04m 01.647s
132,    1671,    243318,    000h 00m 01.671s,    000h 04m 03.318s
133,    1361,    244679,    000h 00m 01.361s,    000h 04m 04.679s
134,    1559,    246238,    000h 00m 01.559s,    000h 04m 06.238s
135,    1667,    247905,    000h 00m 01.667s,    000h 04m 07.905s
136,    1557,    249462,    000h 00m 01.557s,    000h 04m 09.462s
137,    1607,    251069,    000h 00m 01.607s,    000h 04m 11.069s
138,    1780,    252849,    000h 00m 01.780s,    000h 04m 12.849s
139,    1670,    254519,    000h 00m 01.670s,    000h 04m 14.519s
140,    1550,    256069,    000h 00m 01.550s,    000h 04m 16.069s
141,    1733,    257802,    000h 00m 01.733s,    000h 04m 17.802s
142,    1578,    259380,    000h 00m 01.578s,    000h 04m 19.380s
143,    1675,    261055,    000h 00m 01.675s,    000h 04m 21.055s
144,    1572,    262627,    000h 00m 01.572s,    000h 04m 22.627s
145,    1666,    264293,    000h 00m 01.666s,    000h 04m 24.293s
146,    1705,    265998,    000h 00m 01.705s,    000h 04m 25.998s
147,    1705,    267703,    000h 00m 01.705s,    000h 04m 27.703s
148,    1618,    269321,    000h 00m 01.618s,    000h 04m 29.321s
149,    1619,    270940,    000h 00m 01.619s,    000h 04m 30.940s
150,    1480,    272420,    000h 00m 01.480s,    000h 04m 32.420s
151,    1721,    274141,    000h 00m 01.721s,    000h 04m 34.141s
152,    1736,    275877,    000h 00m 01.736s,    000h 04m 35.877s
153,    1752,    277629,    000h 00m 01.752s,    000h 04m 37.629s
154,    1584,    279213,    000h 00m 01.584s,    000h 04m 39.213s
155,    1681,    280894,    000h 00m 01.681s,    000h 04m 40.894s
156,    1762,    282656,    000h 00m 01.762s,    000h 04m 42.656s
157,    1701,    284357,    000h 00m 01.701s,    000h 04m 44.357s
158,    1588,    285945,    000h 00m 01.588s,    000h 04m 45.945s
159,    1625,    287570,    000h 00m 01.625s,    000h 04m 47.570s
160,    1769,    289339,    000h 00m 01.769s,    000h 04m 49.339s
161,    1553,    290892,    000h 00m 01.553s,    000h 04m 50.892s
162,    1695,    292587,    000h 00m 01.695s,    000h 04m 52.587s
163,    1692,    294279,    000h 00m 01.692s,    000h 04m 54.279s
164,    1715,    295994,    000h 00m 01.715s,    000h 04m 55.994s
165,    1599,    297593,    000h 00m 01.599s,    000h 04m 57.593s
166,    1615,    299208,    000h 00m 01.615s,    000h 04m 59.208s
167,    1635,    300843,    000h 00m 01.635s,    000h 05m 00.843s
168,    1643,    302486,    000h 00m 01.643s,    000h 05m 02.486s
169,    1661,    304147,    000h 00m 01.661s,    000h 05m 04.147s
170,    1664,    305811,    000h 00m 01.664s,    000h 05m 05.811s
171,    1622,    307433,    000h 00m 01.622s,    000h 05m 07.433s
172,    1568,    309001,    000h 00m 01.568s,    000h 05m 09.001s
173,    1707,    310708,    000h 00m 01.707s,    000h 05m 10.708s
174,    1732,    312440,    000h 00m 01.732s,    000h 05m 12.440s
175,    1601,    314041,    000h 00m 01.601s,    000h 05m 14.041s
176,    1632,    315673,    000h 00m 01.632s,    000h 05m 15.673s
177,    1649,    317322,    000h 00m 01.649s,    000h 05m 17.322s
178,    1721,    319043,    000h 00m 01.721s,    000h 05m 19.043s
179,    1735,    320778,    000h 00m 01.735s,    000h 05m 20.778s
180,    1770,    322548,    000h 00m 01.770s,    000h 05m 22.548s
181,    1727,    324275,    000h 00m 01.727s,    000h 05m 24.275s
182,    1744,    326019,    000h 00m 01.744s,    000h 05m 26.019s
183,    1570,    327589,    000h 00m 01.570s,    000h 05m 27.589s
184,    1747,    329336,    000h 00m 01.747s,    000h 05m 29.336s
185,    1602,    330938,    000h 00m 01.602s,    000h 05m 30.938s
186,    1715,    332653,    000h 00m 01.715s,    000h 05m 32.653s
187,    1751,    334404,    000h 00m 01.751s,    000h 05m 34.404s
188,    1544,    335948,    000h 00m 01.544s,    000h 05m 35.948s
189,    1627,    337575,    000h 00m 01.627s,    000h 05m 37.575s
190,    1584,    339159,    000h 00m 01.584s,    000h 05m 39.159s
191,    1714,    340873,    000h 00m 01.714s,    000h 05m 40.873s
192,    1677,    342550,    000h 00m 01.677s,    000h 05m 42.550s
193,    1754,    344304,    000h 00m 01.754s,    000h 05m 44.304s
194,    1661,    345965,    000h 00m 01.661s,    000h 05m 45.965s
195,    1649,    347614,    000h 00m 01.649s,    000h 05m 47.614s
196,    1707,    349321,    000h 00m 01.707s,    000h 05m 49.321s
197,    1744,    351065,    000h 00m 01.744s,    000h 05m 51.065s
198,    1704,    352769,    000h 00m 01.704s,    000h 05m 52.769s
199,    1736,    354505,    000h 00m 01.736s,    000h 05m 54.505s
200,    1652,    356157,    000h 00m 01.652s,    000h 05m 56.157s
201,    1751,    357908,    000h 00m 01.751s,    000h 05m 57.908s
202,    1726,    359634,    000h 00m 01.726s,    000h 05m 59.634s
203,    1727,    361361,    000h 00m 01.727s,    000h 06m 01.361s
204,    1705,    363066,    000h 00m 01.705s,    000h 06m 03.066s
205,    1573,    364639,    000h 00m 01.573s,    000h 06m 04.639s
206,    1711,    366350,    000h 00m 01.711s,    000h 06m 06.350s
207,    1725,    368075,    000h 00m 01.725s,    000h 06m 08.075s
208,    1743,    369818,    000h 00m 01.743s,    000h 06m 09.818s
209,    1748,    371566,    000h 00m 01.748s,    000h 06m 11.566s
210,    1781,    373347,    000h 00m 01.781s,    000h 06m 13.347s
211,    1599,    374946,    000h 00m 01.599s,    000h 06m 14.946s
212,    1751,    376697,    000h 00m 01.751s,    000h 06m 16.697s
213,    1654,    378351,    000h 00m 01.654s,    000h 06m 18.351s
214,    1703,    380054,    000h 00m 01.703s,    000h 06m 20.054s
215,    1587,    381641,    000h 00m 01.587s,    000h 06m 21.641s
216,    1698,    383339,    000h 00m 01.698s,    000h 06m 23.339s
217,    1654,    384993,    000h 00m 01.654s,    000h 06m 24.993s
218,    1632,    386625,    000h 00m 01.632s,    000h 06m 26.625s
219,    1633,    388258,    000h 00m 01.633s,    000h 06m 28.258s
220,    1573,    389831,    000h 00m 01.573s,    000h 06m 29.831s
221,    1743,    391574,    000h 00m 01.743s,    000h 06m 31.574s
222,    1621,    393195,    000h 00m 01.621s,    000h 06m 33.195s
223,    1597,    394792,    000h 00m 01.597s,    000h 06m 34.792s
224,    1715,    396507,    000h 00m 01.715s,    000h 06m 36.507s
225,    1724,    398231,    000h 00m 01.724s,    000h 06m 38.231s
226,    1647,    399878,    000h 00m 01.647s,    000h 06m 39.878s
227,    1671,    401549,    000h 00m 01.671s,    000h 06m 41.549s
228,    1758,    403307,    000h 00m 01.758s,    000h 06m 43.307s
229,    1625,    404932,    000h 00m 01.625s,    000h 06m 44.932s
230,    1708,    406640,    000h 00m 01.708s,    000h 06m 46.640s
231,    1376,    408016,    000h 00m 01.376s,    000h 06m 48.016s
232,    1576,    409592,    000h 00m 01.576s,    000h 06m 49.592s
233,    1672,    411264,    000h 00m 01.672s,    000h 06m 51.264s
234,    1358,    412622,    000h 00m 01.358s,    000h 06m 52.622s
235,    1749,    414371,    000h 00m 01.749s,    000h 06m 54.371s
236,    1740,    416111,    000h 00m 01.740s,    000h 06m 56.111s
237,    1763,    417874,    000h 00m 01.763s,    000h 06m 57.874s
238,    1674,    419548,    000h 00m 01.674s,    000h 06m 59.548s
239,    1755,    421303,    000h 00m 01.755s,    000h 07m 01.303s
240,    1767,    423070,    000h 00m 01.767s,    000h 07m 03.070s
241,    1669,    424739,    000h 00m 01.669s,    000h 07m 04.739s
242,    1647,    426386,    000h 00m 01.647s,    000h 07m 06.386s
243,    1723,    428109,    000h 00m 01.723s,    000h 07m 08.109s
244,    1711,    429820,    000h 00m 01.711s,    000h 07m 09.820s
245,    1714,    431534,    000h 00m 01.714s,    000h 07m 11.534s
246,    1658,    433192,    000h 00m 01.658s,    000h 07m 13.192s
247,    1695,    434887,    000h 00m 01.695s,    000h 07m 14.887s
248,    1539,    436426,    000h 00m 01.539s,    000h 07m 16.426s
249,    1589,    438015,    000h 00m 01.589s,    000h 07m 18.015s
250,    1538,    439553,    000h 00m 01.538s,    000h 07m 19.553s
251,    1778,    441331,    000h 00m 01.778s,    000h 07m 21.331s
252,    1652,    442983,    000h 00m 01.652s,    000h 07m 22.983s
253,    1348,    444331,    000h 00m 01.348s,    000h 07m 24.331s
254,    1686,    446017,    000h 00m 01.686s,    000h 07m 26.017s
255,    1611,    447628,    000h 00m 01.611s,    000h 07m 27.628s
256,    1679,    449307,    000h 00m 01.679s,    000h 07m 29.307s
257,    1599,    450906,    000h 00m 01.599s,    000h 07m 30.906s
258,    1744,    452650,    000h 00m 01.744s,    000h 07m 32.650s
259,    1609,    454259,    000h 00m 01.609s,    000h 07m 34.259s
260,    1586,    455845,    000h 00m 01.586s,    000h 07m 35.845s
261,    1573,    457418,    000h 00m 01.573s,    000h 07m 37.418s
262,    1631,    459049,    000h 00m 01.631s,    000h 07m 39.049s
263,    1591,    460640,    000h 00m 01.591s,    000h 07m 40.640s
264,    1532,    462172,    000h 00m 01.532s,    000h 07m 42.172s
265,    1743,    463915,    000h 00m 01.743s,    000h 07m 43.915s
266,    1570,    465485,    000h 00m 01.570s,    000h 07m 45.485s
267,    1658,    467143,    000h 00m 01.658s,    000h 07m 47.143s
268,    1755,    468898,    000h 00m 01.755s,    000h 07m 48.898s
269,    1666,    470564,    000h 00m 01.666s,    000h 07m 50.564s
270,    1562,    472126,    000h 00m 01.562s,    000h 07m 52.126s
271,    1753,    473879,    000h 00m 01.753s,    000h 07m 53.879s
272,    1709,    475588,    000h 00m 01.709s,    000h 07m 55.588s
273,    1610,    477198,    000h 00m 01.610s,    000h 07m 57.198s
274,    1664,    478862,    000h 00m 01.664s,    000h 07m 58.862s
275,    1589,    480451,    000h 00m 01.589s,    000h 08m 00.451s
276,    1706,    482157,    000h 00m 01.706s,    000h 08m 02.157s
277,    1701,    483858,    000h 00m 01.701s,    000h 08m 03.858s
278,    1687,    485545,    000h 00m 01.687s,    000h 08m 05.545s
279,    1585,    487130,    000h 00m 01.585s,    000h 08m 07.130s
280,    1597,    488727,    000h 00m 01.597s,    000h 08m 08.727s
281,    1751,    490478,    000h 00m 01.751s,    000h 08m 10.478s
282,    1760,    492238,    000h 00m 01.760s,    000h 08m 12.238s
283,    1745,    493983,    000h 00m 01.745s,    000h 08m 13.983s
284,    1574,    495557,    000h 00m 01.574s,    000h 08m 15.557s
285,    1585,    497142,    000h 00m 01.585s,    000h 08m 17.142s
286,    1702,    498844,    000h 00m 01.702s,    000h 08m 18.844s
287,    1719,    500563,    000h 00m 01.719s,    000h 08m 20.563s
288,    1697,    502260,    000h 00m 01.697s,    000h 08m 22.260s
289,    1717,    503977,    000h 00m 01.717s,    000h 08m 23.977s
290,    1767,    505744,    000h 00m 01.767s,    000h 08m 25.744s
291,    1318,    507062,    000h 00m 01.318s,    000h 08m 27.062s
292,    1721,    508783,    000h 00m 01.721s,    000h 08m 28.783s
293,    1754,    510537,    000h 00m 01.754s,    000h 08m 30.537s
294,    1767,    512304,    000h 00m 01.767s,    000h 08m 32.304s
295,    1758,    514062,    000h 00m 01.758s,    000h 08m 34.062s
296,    1697,    515759,    000h 00m 01.697s,    000h 08m 35.759s
297,    1579,    517338,    000h 00m 01.579s,    000h 08m 37.338s
298,    1736,    519074,    000h 00m 01.736s,    000h 08m 39.074s
299,    1737,    520811,    000h 00m 01.737s,    000h 08m 40.811s
300,    1598,    522409,    000h 00m 01.598s,    000h 08m 42.409s
301,    1653,    524062,    000h 00m 01.653s,    000h 08m 44.062s
302,    1664,    525726,    000h 00m 01.664s,    000h 08m 45.726s
303,    1703,    527429,    000h 00m 01.703s,    000h 08m 47.429s
304,    1615,    529044,    000h 00m 01.615s,    000h 08m 49.044s
305,    1606,    530650,    000h 00m 01.606s,    000h 08m 50.650s
306,    1794,    532444,    000h 00m 01.794s,    000h 08m 52.444s
307,    1758,    534202,    000h 00m 01.758s,    000h 08m 54.202s
308,    1705,    535907,    000h 00m 01.705s,    000h 08m 55.907s
309,    1710,    537617,    000h 00m 01.710s,    000h 08m 57.617s
310,    1530,    539147,    000h 00m 01.530s,    000h 08m 59.147s
311,    1468,    540615,    000h 00m 01.468s,    000h 09m 00.615s
312,    1785,    542400,    000h 00m 01.785s,    000h 09m 02.400s
313,    1767,    544167,    000h 00m 01.767s,    000h 09m 04.167s
314,    1689,    545856,    000h 00m 01.689s,    000h 09m 05.856s
315,    1690,    547546,    000h 00m 01.690s,    000h 09m 07.546s
316,    1254,    548800,    000h 00m 01.254s,    000h 09m 08.800s
317,    1710,    550510,    000h 00m 01.710s,    000h 09m 10.510s
318,    1645,    552155,    000h 00m 01.645s,    000h 09m 12.155s
319,    1733,    553888,    000h 00m 01.733s,    000h 09m 13.888s
320,    1577,    555465,    000h 00m 01.577s,    000h 09m 15.465s
321,    1721,    557186,    000h 00m 01.721s,    000h 09m 17.186s
322,    1734,    558920,    000h 00m 01.734s,    000h 09m 18.920s
323,    1724,    560644,    000h 00m 01.724s,    000h 09m 20.644s
324,    1759,    562403,    000h 00m 01.759s,    000h 09m 22.403s
325,    1580,    563983,    000h 00m 01.580s,    000h 09m 23.983s
326,    1716,    565699,    000h 00m 01.716s,    000h 09m 25.699s
327,    1750,    567449,    000h 00m 01.750s,    000h 09m 27.449s
328,    1657,    569106,    000h 00m 01.657s,    000h 09m 29.106s
329,    1657,    570763,    000h 00m 01.657s,    000h 09m 30.763s
330,    1785,    572548,    000h 00m 01.785s,    000h 09m 32.548s
331,    1762,    574310,    000h 00m 01.762s,    000h 09m 34.310s
332,    1744,    576054,    000h 00m 01.744s,    000h 09m 36.054s
333,    1674,    577728,    000h 00m 01.674s,    000h 09m 37.728s
334,    1763,    579491,    000h 00m 01.763s,    000h 09m 39.491s
335,    1771,    581262,    000h 00m 01.771s,    000h 09m 41.262s
336,    1582,    582844,    000h 00m 01.582s,    000h 09m 42.844s
337,    1695,    584539,    000h 00m 01.695s,    000h 09m 44.539s
338,    1606,    586145,    000h 00m 01.606s,    000h 09m 46.145s
339,    1704,    587849,    000h 00m 01.704s,    000h 09m 47.849s
340,    1707,    589556,    000h 00m 01.707s,    000h 09m 49.556s
341,    1760,    591316,    000h 00m 01.760s,    000h 09m 51.316s
342,    1751,    593067,    000h 00m 01.751s,    000h 09m 53.067s
343,    1606,    594673,    000h 00m 01.606s,    000h 09m 54.673s
344,    1589,    596262,    000h 00m 01.589s,    000h 09m 56.262s
345,    1690,    597952,    000h 00m 01.690s,    000h 09m 57.952s
346,    1648,    599600,    000h 00m 01.648s,    000h 09m 59.600s
347,    1724,    601324,    000h 00m 01.724s,    000h 10m 01.324s
348,    1557,    602881,    000h 00m 01.557s,    000h 10m 02.881s
349,    1708,    604589,    000h 00m 01.708s,    000h 10m 04.589s
350,    1747,    606336,    000h 00m 01.747s,    000h 10m 06.336s
351,    1563,    607899,    000h 00m 01.563s,    000h 10m 07.899s
352,    1766,    609665,    000h 00m 01.766s,    000h 10m 09.665s
353,    1750,    611415,    000h 00m 01.750s,    000h 10m 11.415s
354,    1748,    613163,    000h 00m 01.748s,    000h 10m 13.163s
355,    1607,    614770,    000h 00m 01.607s,    000h 10m 14.770s
356,    1796,    616566,    000h 00m 01.796s,    000h 10m 16.566s
357,    1687,    618253,    000h 00m 01.687s,    000h 10m 18.253s
358,    1620,    619873,    000h 00m 01.620s,    000h 10m 19.873s
359,    1636,    621509,    000h 00m 01.636s,    000h 10m 21.509s
360,    1615,    623124,    000h 00m 01.615s,    000h 10m 23.124s
361,    1708,    624832,    000h 00m 01.708s,    000h 10m 24.832s
362,    1564,    626396,    000h 00m 01.564s,    000h 10m 26.396s
363,    1683,    628079,    000h 00m 01.683s,    000h 10m 28.079s
364,    1713,    629792,    000h 00m 01.713s,    000h 10m 29.792s
365,    1599,    631391,    000h 00m 01.599s,    000h 10m 31.391s
366,    1749,    633140,    000h 00m 01.749s,    000h 10m 33.140s
367,    1742,    634882,    000h 00m 01.742s,    000h 10m 34.882s
368,    1581,    636463,    000h 00m 01.581s,    000h 10m 36.463s
369,    1772,    638235,    000h 00m 01.772s,    000h 10m 38.235s
370,    1660,    639895,    000h 00m 01.660s,    000h 10m 39.895s
371,    1577,    641472,    000h 00m 01.577s,    000h 10m 41.472s
372,    1679,    643151,    000h 00m 01.679s,    000h 10m 43.151s
373,    1729,    644880,    000h 00m 01.729s,    000h 10m 44.880s
374,    1685,    646565,    000h 00m 01.685s,    000h 10m 46.565s
375,    1601,    648166,    000h 00m 01.601s,    000h 10m 48.166s
376,    1725,    649891,    000h 00m 01.725s,    000h 10m 49.891s
377,    1621,    651512,    000h 00m 01.621s,    000h 10m 51.512s
378,    1594,    653106,    000h 00m 01.594s,    000h 10m 53.106s
379,    1664,    654770,    000h 00m 01.664s,    000h 10m 54.770s
380,    1588,    656358,    000h 00m 01.588s,    000h 10m 56.358s
381,    1595,    657953,    000h 00m 01.595s,    000h 10m 57.953s
382,    1605,    659558,    000h 00m 01.605s,    000h 10m 59.558s
383,    1549,    661107,    000h 00m 01.549s,    000h 11m 01.107s
384,    1719,    662826,    000h 00m 01.719s,    000h 11m 02.826s
385,    1750,    664576,    000h 00m 01.750s,    000h 11m 04.576s
386,    1683,    666259,    000h 00m 01.683s,    000h 11m 06.259s
387,    1697,    667956,    000h 00m 01.697s,    000h 11m 07.956s
388,    1779,    669735,    000h 00m 01.779s,    000h 11m 09.735s
389,    1675,    671410,    000h 00m 01.675s,    000h 11m 11.410s
390,    1609,    673019,    000h 00m 01.609s,    000h 11m 13.019s
391,    1643,    674662,    000h 00m 01.643s,    000h 11m 14.662s
392,    1783,    676445,    000h 00m 01.783s,    000h 11m 16.445s
393,    1545,    677990,    000h 00m 01.545s,    000h 11m 17.990s
394,    1609,    679599,    000h 00m 01.609s,    000h 11m 19.599s
395,    1592,    681191,    000h 00m 01.592s,    000h 11m 21.191s
396,    1644,    682835,    000h 00m 01.644s,    000h 11m 22.835s
397,    1635,    684470,    000h 00m 01.635s,    000h 11m 24.470s
398,    1736,    686206,    000h 00m 01.736s,    000h 11m 26.206s
399,    1465,    687671,    000h 00m 01.465s,    000h 11m 27.671s
400,    1642,    689313,    000h 00m 01.642s,    000h 11m 29.313s
401,    1628,    690941,    000h 00m 01.628s,    000h 11m 30.941s
402,    1772,    692713,    000h 00m 01.772s,    000h 11m 32.713s
403,    1713,    694426,    000h 00m 01.713s,    000h 11m 34.426s
404,    1567,    695993,    000h 00m 01.567s,    000h 11m 35.993s
405,    1766,    697759,    000h 00m 01.766s,    000h 11m 37.759s
406,    1576,    699335,    000h 00m 01.576s,    000h 11m 39.335s
407,    1761,    701096,    000h 00m 01.761s,    000h 11m 41.096s
408,    1760,    702856,    000h 00m 01.760s,    000h 11m 42.856s
409,    1546,    704402,    000h 00m 01.546s,    000h 11m 44.402s
410,    1750,    706152,    000h 00m 01.750s,    000h 11m 46.152s
411,    1558,    707710,    000h 00m 01.558s,    000h 11m 47.710s
412,    1629,    709339,    000h 00m 01.629s,    000h 11m 49.339s
413,    1559,    710898,    000h 00m 01.559s,    000h 11m 50.898s
414,    1606,    712504,    000h 00m 01.606s,    000h 11m 52.504s
415,    1559,    714063,    000h 00m 01.559s,    000h 11m 54.063s
416,    1673,    715736,    000h 00m 01.673s,    000h 11m 55.736s
417,    1709,    717445,    000h 00m 01.709s,    000h 11m 57.445s
418,    1662,    719107,    000h 00m 01.662s,    000h 11m 59.107s
419,    1763,    720870,    000h 00m 01.763s,    000h 12m 00.870s
420,    1739,    722609,    000h 00m 01.739s,    000h 12m 02.609s
421,    1614,    724223,    000h 00m 01.614s,    000h 12m 04.223s
422,    1704,    725927,    000h 00m 01.704s,    000h 12m 05.927s
423,    1723,    727650,    000h 00m 01.723s,    000h 12m 07.650s
424,    1731,    729381,    000h 00m 01.731s,    000h 12m 09.381s
425,    1698,    731079,    000h 00m 01.698s,    000h 12m 11.079s
426,    1719,    732798,    000h 00m 01.719s,    000h 12m 12.798s
427,    1699,    734497,    000h 00m 01.699s,    000h 12m 14.497s
428,    1665,    736162,    000h 00m 01.665s,    000h 12m 16.162s
429,    1773,    737935,    000h 00m 01.773s,    000h 12m 17.935s
430,    1599,    739534,    000h 00m 01.599s,    000h 12m 19.534s
431,    1708,    741242,    000h 00m 01.708s,    000h 12m 21.242s
432,    1639,    742881,    000h 00m 01.639s,    000h 12m 22.881s
433,    1701,    744582,    000h 00m 01.701s,    000h 12m 24.582s
434,    1634,    746216,    000h 00m 01.634s,    000h 12m 26.216s
435,    1500,    747716,    000h 00m 01.500s,    000h 12m 27.716s
436,    1722,    749438,    000h 00m 01.722s,    000h 12m 29.438s
437,    1720,    751158,    000h 00m 01.720s,    000h 12m 31.158s
438,    1592,    752750,    000h 00m 01.592s,    000h 12m 32.750s
439,    1610,    754360,    000h 00m 01.610s,    000h 12m 34.360s
440,    1612,    755972,    000h 00m 01.612s,    000h 12m 35.972s
441,    1613,    757585,    000h 00m 01.613s,    000h 12m 37.585s
442,    1742,    759327,    000h 00m 01.742s,    000h 12m 39.327s
443,    1765,    761092,    000h 00m 01.765s,    000h 12m 41.092s
444,    1501,    762593,    000h 00m 01.501s,    000h 12m 42.593s
445,    1678,    764271,    000h 00m 01.678s,    000h 12m 44.271s
446,    1703,    765974,    000h 00m 01.703s,    000h 12m 45.974s
447,    1750,    767724,    000h 00m 01.750s,    000h 12m 47.724s
448,    1493,    769217,    000h 00m 01.493s,    000h 12m 49.217s
449,    1568,    770785,    000h 00m 01.568s,    000h 12m 50.785s
450,    1753,    772538,    000h 00m 01.753s,    000h 12m 52.538s
451,    1597,    774135,    000h 00m 01.597s,    000h 12m 54.135s
452,    1379,    775514,    000h 00m 01.379s,    000h 12m 55.514s
453,    1728,    777242,    000h 00m 01.728s,    000h 12m 57.242s
454,    1364,    778606,    000h 00m 01.364s,    000h 12m 58.606s
455,    1622,    780228,    000h 00m 01.622s,    000h 13m 00.228s
456,    1713,    781941,    000h 00m 01.713s,    000h 13m 01.941s
457,    1316,    783257,    000h 00m 01.316s,    000h 13m 03.257s
458,    1662,    784919,    000h 00m 01.662s,    000h 13m 04.919s
459,    1671,    786590,    000h 00m 01.671s,    000h 13m 06.590s
460,    1688,    788278,    000h 00m 01.688s,    000h 13m 08.278s
461,    1753,    790031,    000h 00m 01.753s,    000h 13m 10.031s
462,    1673,    791704,    000h 00m 01.673s,    000h 13m 11.704s
463,    1706,    793410,    000h 00m 01.706s,    000h 13m 13.410s
464,    1619,    795029,    000h 00m 01.619s,    000h 13m 15.029s
465,    1580,    796609,    000h 00m 01.580s,    000h 13m 16.609s
466,    1556,    798165,    000h 00m 01.556s,    000h 13m 18.165s
467,    1716,    799881,    000h 00m 01.716s,    000h 13m 19.881s
468,    1660,    801541,    000h 00m 01.660s,    000h 13m 21.541s
469,    1704,    803245,    000h 00m 01.704s,    000h 13m 23.245s
470,    1656,    804901,    000h 00m 01.656s,    000h 13m 24.901s
471,    1578,    806479,    000h 00m 01.578s,    000h 13m 26.479s
472,    1674,    808153,    000h 00m 01.674s,    000h 13m 28.153s
473,    1723,    809876,    000h 00m 01.723s,    000h 13m 29.876s
474,    1651,    811527,    000h 00m 01.651s,    000h 13m 31.527s
475,    1572,    813099,    000h 00m 01.572s,    000h 13m 33.099s
476,    1537,    814636,    000h 00m 01.537s,    000h 13m 34.636s
477,    1486,    816122,    000h 00m 01.486s,    000h 13m 36.122s
478,    1728,    817850,    000h 00m 01.728s,    000h 13m 37.850s
479,    1745,    819595,    000h 00m 01.745s,    000h 13m 39.595s
480,    1751,    821346,    000h 00m 01.751s,    000h 13m 41.346s
481,    1728,    823074,    000h 00m 01.728s,    000h 13m 43.074s
482,    1673,    824747,    000h 00m 01.673s,    000h 13m 44.747s
483,    1582,    826329,    000h 00m 01.582s,    000h 13m 46.329s
484,    1634,    827963,    000h 00m 01.634s,    000h 13m 47.963s
485,    1685,    829648,    000h 00m 01.685s,    000h 13m 49.648s
486,    1645,    831293,    000h 00m 01.645s,    000h 13m 51.293s
487,    1591,    832884,    000h 00m 01.591s,    000h 13m 52.884s
488,    1719,    834603,    000h 00m 01.719s,    000h 13m 54.603s
489,    1581,    836184,    000h 00m 01.581s,    000h 13m 56.184s
490,    1642,    837826,    000h 00m 01.642s,    000h 13m 57.826s
491,    1580,    839406,    000h 00m 01.580s,    000h 13m 59.406s
492,    1628,    841034,    000h 00m 01.628s,    000h 14m 01.034s
493,    1734,    842768,    000h 00m 01.734s,    000h 14m 02.768s
494,    1757,    844525,    000h 00m 01.757s,    000h 14m 04.525s
495,    1656,    846181,    000h 00m 01.656s,    000h 14m 06.181s
496,    1793,    847974,    000h 00m 01.793s,    000h 14m 07.974s
497,    1811,    849785,    000h 00m 01.811s,    000h 14m 09.785s
498,    1606,    851391,    000h 00m 01.606s,    000h 14m 11.391s
499,    1270,    852661,    000h 00m 01.270s,    000h 14m 12.661s
500,    1748,    854409,    000h 00m 01.748s,    000h 14m 14.409s
501,    1555,    855964,    000h 00m 01.555s,    000h 14m 15.964s
502,    1781,    857745,    000h 00m 01.781s,    000h 14m 17.745s
503,    1714,    859459,    000h 00m 01.714s,    000h 14m 19.459s
504,    1695,    861154,    000h 00m 01.695s,    000h 14m 21.154s
505,    1646,    862800,    000h 00m 01.646s,    000h 14m 22.800s
506,    1789,    864589,    000h 00m 01.789s,    000h 14m 24.589s
507,    1705,    866294,    000h 00m 01.705s,    000h 14m 26.294s
508,    1729,    868023,    000h 00m 01.729s,    000h 14m 28.023s
509,    1684,    869707,    000h 00m 01.684s,    000h 14m 29.707s
510,    1669,    871376,    000h 00m 01.669s,    000h 14m 31.376s
511,    1702,    873078,    000h 00m 01.702s,    000h 14m 33.078s
512,    1830,    874908,    000h 00m 01.830s,    000h 14m 34.908s
513,    1505,    876413,    000h 00m 01.505s,    000h 14m 36.413s
514,    1745,    878158,    000h 00m 01.745s,    000h 14m 38.158s
515,    1725,    879883,    000h 00m 01.725s,    000h 14m 39.883s
516,    1755,    881638,    000h 00m 01.755s,    000h 14m 41.638s
517,    1616,    883254,    000h 00m 01.616s,    000h 14m 43.254s
518,    1726,    884980,    000h 00m 01.726s,    000h 14m 44.980s
519,    1574,    886554,    000h 00m 01.574s,    000h 14m 46.554s
520,    1735,    888289,    000h 00m 01.735s,    000h 14m 48.289s
521,    1713,    890002,    000h 00m 01.713s,    000h 14m 50.002s
522,    1761,    891763,    000h 00m 01.761s,    000h 14m 51.763s
523,    1623,    893386,    000h 00m 01.623s,    000h 14m 53.386s
524,    1709,    895095,    000h 00m 01.709s,    000h 14m 55.095s
525,    1762,    896857,    000h 00m 01.762s,    000h 14m 56.857s
526,    1721,    898578,    000h 00m 01.721s,    000h 14m 58.578s
527,    1754,    900332,    000h 00m 01.754s,    000h 15m 00.332s
528,    1721,    902053,    000h 00m 01.721s,    000h 15m 02.053s
529,    1734,    903787,    000h 00m 01.734s,    000h 15m 03.787s
530,    1615,    905402,    000h 00m 01.615s,    000h 15m 05.402s
531,    1685,    907087,    000h 00m 01.685s,    000h 15m 07.087s
532,    1596,    908683,    000h 00m 01.596s,    000h 15m 08.683s
533,    1574,    910257,    000h 00m 01.574s,    000h 15m 10.257s
534,    1671,    911928,    000h 00m 01.671s,    000h 15m 11.928s
535,    1741,    913669,    000h 00m 01.741s,    000h 15m 13.669s
536,    1688,    915357,    000h 00m 01.688s,    000h 15m 15.357s
537,    1632,    916989,    000h 00m 01.632s,    000h 15m 16.989s
538,    1686,    918675,    000h 00m 01.686s,    000h 15m 18.675s
539,    1632,    920307,    000h 00m 01.632s,    000h 15m 20.307s
540,    1765,    922072,    000h 00m 01.765s,    000h 15m 22.072s
541,    1752,    923824,    000h 00m 01.752s,    000h 15m 23.824s
542,    1700,    925524,    000h 00m 01.700s,    000h 15m 25.524s
543,    1555,    927079,    000h 00m 01.555s,    000h 15m 27.079s
544,    1754,    928833,    000h 00m 01.754s,    000h 15m 28.833s
545,    1356,    930189,    000h 00m 01.356s,    000h 15m 30.189s
546,    1708,    931897,    000h 00m 01.708s,    000h 15m 31.897s
547,    1735,    933632,    000h 00m 01.735s,    000h 15m 33.632s
548,    1586,    935218,    000h 00m 01.586s,    000h 15m 35.218s
549,    1601,    936819,    000h 00m 01.601s,    000h 15m 36.819s
550,    1780,    938599,    000h 00m 01.780s,    000h 15m 38.599s
551,    1639,    940238,    000h 00m 01.639s,    000h 15m 40.238s
552,    1710,    941948,    000h 00m 01.710s,    000h 15m 41.948s
553,    1655,    943603,    000h 00m 01.655s,    000h 15m 43.603s
554,    1757,    945360,    000h 00m 01.757s,    000h 15m 45.360s
555,    1582,    946942,    000h 00m 01.582s,    000h 15m 46.942s
556,    1807,    948749,    000h 00m 01.807s,    000h 15m 48.749s
557,    1702,    950451,    000h 00m 01.702s,    000h 15m 50.451s
558,    1793,    952244,    000h 00m 01.793s,    000h 15m 52.244s
559,    1592,    953836,    000h 00m 01.592s,    000h 15m 53.836s
560,    1747,    955583,    000h 00m 01.747s,    000h 15m 55.583s
561,    1798,    957381,    000h 00m 01.798s,    000h 15m 57.381s
562,    1606,    958987,    000h 00m 01.606s,    000h 15m 58.987s
563,    1702,    960689,    000h 00m 01.702s,    000h 16m 00.689s
564,    1711,    962400,    000h 00m 01.711s,    000h 16m 02.400s
565,    1717,    964117,    000h 00m 01.717s,    000h 16m 04.117s
566,    1718,    965835,    000h 00m 01.718s,    000h 16m 05.835s
567,    1309,    967144,    000h 00m 01.309s,    000h 16m 07.144s
568,    1571,    968715,    000h 00m 01.571s,    000h 16m 08.715s
569,    1668,    970383,    000h 00m 01.668s,    000h 16m 10.383s
570,    1729,    972112,    000h 00m 01.729s,    000h 16m 12.112s
571,    1730,    973842,    000h 00m 01.730s,    000h 16m 13.842s
572,    1305,    975147,    000h 00m 01.305s,    000h 16m 15.147s
573,    1700,    976847,    000h 00m 01.700s,    000h 16m 16.847s
574,    1416,    978263,    000h 00m 01.416s,    000h 16m 18.263s
575,    1627,    979890,    000h 00m 01.627s,    000h 16m 19.890s
576,    1711,    981601,    000h 00m 01.711s,    000h 16m 21.601s
577,    1547,    983148,    000h 00m 01.547s,    000h 16m 23.148s
578,    1745,    984893,    000h 00m 01.745s,    000h 16m 24.893s
579,    1640,    986533,    000h 00m 01.640s,    000h 16m 26.533s
580,    1723,    988256,    000h 00m 01.723s,    000h 16m 28.256s
581,    1544,    989800,    000h 00m 01.544s,    000h 16m 29.800s
582,    1724,    991524,    000h 00m 01.724s,    000h 16m 31.524s
583,    1613,    993137,    000h 00m 01.613s,    000h 16m 33.137s
584,    1581,    994718,    000h 00m 01.581s,    000h 16m 34.718s
585,    1673,    996391,    000h 00m 01.673s,    000h 16m 36.391s
586,    1760,    998151,    000h 00m 01.760s,    000h 16m 38.151s
587,    1668,    999819,    000h 00m 01.668s,    000h 16m 39.819s
588,    1659,    1001478,    000h 00m 01.659s,    000h 16m 41.478s
589,    1666,    1003144,    000h 00m 01.666s,    000h 16m 43.144s
590,    1604,    1004748,    000h 00m 01.604s,    000h 16m 44.748s
591,    1713,    1006461,    000h 00m 01.713s,    000h 16m 46.461s
592,    1659,    1008120,    000h 00m 01.659s,    000h 16m 48.120s
593,    1572,    1009692,    000h 00m 01.572s,    000h 16m 49.692s
594,    1585,    1011277,    000h 00m 01.585s,    000h 16m 51.277s
595,    1547,    1012824,    000h 00m 01.547s,    000h 16m 52.824s
596,    1615,    1014439,    000h 00m 01.615s,    000h 16m 54.439s
597,    1335,    1015774,    000h 00m 01.335s,    000h 16m 55.774s
598,    1658,    1017432,    000h 00m 01.658s,    000h 16m 57.432s
599,    1556,    1018988,    000h 00m 01.556s,    000h 16m 58.988s
600,    1726,    1020714,    000h 00m 01.726s,    000h 17m 00.714s
601,    1637,    1022351,    000h 00m 01.637s,    000h 17m 02.351s
602,    1758,    1024109,    000h 00m 01.758s,    000h 17m 04.109s
603,    1602,    1025711,    000h 00m 01.602s,    000h 17m 05.711s
604,    1750,    1027461,    000h 00m 01.750s,    000h 17m 07.461s
605,    2036,    1029497,    000h 00m 02.036s,    000h 17m 09.497s
606,    2180,    1031677,    000h 00m 02.180s,    000h 17m 11.677s
607,    1635,    1033312,    000h 00m 01.635s,    000h 17m 13.312s
608,    2156,    1035468,    000h 00m 02.156s,    000h 17m 15.468s
609,    1931,    1037399,    000h 00m 01.931s,    000h 17m 17.399s
610,    2097,    1039496,    000h 00m 02.097s,    000h 17m 19.496s
611,    2039,    1041535,    000h 00m 02.039s,    000h 17m 21.535s
612,    2016,    1043551,    000h 00m 02.016s,    000h 17m 23.551s
613,    1707,    1045258,    000h 00m 01.707s,    000h 17m 25.258s
614,    2199,    1047457,    000h 00m 02.199s,    000h 17m 27.457s
615,    2013,    1049470,    000h 00m 02.013s,    000h 17m 29.470s
616,    2049,    1051519,    000h 00m 02.049s,    000h 17m 31.519s
617,    2182,    1053701,    000h 00m 02.182s,    000h 17m 33.701s
618,    1975,    1055676,    000h 00m 01.975s,    000h 17m 35.676s
619,    2159,    1057835,    000h 00m 02.159s,    000h 17m 37.835s
620,    2173,    1060008,    000h 00m 02.173s,    000h 17m 40.008s
621,    2271,    1062279,    000h 00m 02.271s,    000h 17m 42.279s
622,    1933,    1064212,    000h 00m 01.933s,    000h 17m 44.212s
623,    1979,    1066191,    000h 00m 01.979s,    000h 17m 46.191s
624,    1950,    1068141,    000h 00m 01.950s,    000h 17m 48.141s
625,    2043,    1070184,    000h 00m 02.043s,    000h 17m 50.184s
626,    2216,    1072400,    000h 00m 02.216s,    000h 17m 52.400s
627,    2227,    1074627,    000h 00m 02.227s,    000h 17m 54.627s
628,    1980,    1076607,    000h 00m 01.980s,    000h 17m 56.607s
629,    2035,    1078642,    000h 00m 02.035s,    000h 17m 58.642s
630,    2189,    1080831,    000h 00m 02.189s,    000h 18m 00.831s
631,    2188,    1083019,    000h 00m 02.188s,    000h 18m 03.019s
632,    2055,    1085074,    000h 00m 02.055s,    000h 18m 05.074s
633,    1915,    1086989,    000h 00m 01.915s,    000h 18m 06.989s
634,    2127,    1089116,    000h 00m 02.127s,    000h 18m 09.116s
635,    2063,    1091179,    000h 00m 02.063s,    000h 18m 11.179s
636,    1737,    1092916,    000h 00m 01.737s,    000h 18m 12.916s
637,    1968,    1094884,    000h 00m 01.968s,    000h 18m 14.884s
638,    1861,    1096745,    000h 00m 01.861s,    000h 18m 16.745s
639,    2041,    1098786,    000h 00m 02.041s,    000h 18m 18.786s
640,    2177,    1100963,    000h 00m 02.177s,    000h 18m 20.963s
641,    2178,    1103141,    000h 00m 02.178s,    000h 18m 23.141s
642,    2146,    1105287,    000h 00m 02.146s,    000h 18m 25.287s
643,    2036,    1107323,    000h 00m 02.036s,    000h 18m 27.323s
644,    2154,    1109477,    000h 00m 02.154s,    000h 18m 29.477s
645,    1982,    1111459,    000h 00m 01.982s,    000h 18m 31.459s
646,    2169,    1113628,    000h 00m 02.169s,    000h 18m 33.628s
647,    2166,    1115794,    000h 00m 02.166s,    000h 18m 35.794s
648,    2087,    1117881,    000h 00m 02.087s,    000h 18m 37.881s
649,    1992,    1119873,    000h 00m 01.992s,    000h 18m 39.873s
650,    2127,    1122000,    000h 00m 02.127s,    000h 18m 42.000s
651,    2035,    1124035,    000h 00m 02.035s,    000h 18m 44.035s
652,    2071,    1126106,    000h 00m 02.071s,    000h 18m 46.106s
653,    2067,    1128173,    000h 00m 02.067s,    000h 18m 48.173s
654,    2036,    1130209,    000h 00m 02.036s,    000h 18m 50.209s
655,    1966,    1132175,    000h 00m 01.966s,    000h 18m 52.175s
656,    2069,    1134244,    000h 00m 02.069s,    000h 18m 54.244s
657,    2132,    1136376,    000h 00m 02.132s,    000h 18m 56.376s
658,    2032,    1138408,    000h 00m 02.032s,    000h 18m 58.408s
659,    1902,    1140310,    000h 00m 01.902s,    000h 19m 00.310s
660,    2174,    1142484,    000h 00m 02.174s,    000h 19m 02.484s
661,    1954,    1144438,    000h 00m 01.954s,    000h 19m 04.438s
662,    2146,    1146584,    000h 00m 02.146s,    000h 19m 06.584s
663,    1975,    1148559,    000h 00m 01.975s,    000h 19m 08.559s
664,    2054,    1150613,    000h 00m 02.054s,    000h 19m 10.613s
665,    1971,    1152584,    000h 00m 01.971s,    000h 19m 12.584s
666,    1912,    1154496,    000h 00m 01.912s,    000h 19m 14.496s
667,    1920,    1156416,    000h 00m 01.920s,    000h 19m 16.416s
668,    1950,    1158366,    000h 00m 01.950s,    000h 19m 18.366s
669,    2062,    1160428,    000h 00m 02.062s,    000h 19m 20.428s
670,    2205,    1162633,    000h 00m 02.205s,    000h 19m 22.633s
671,    2122,    1164755,    000h 00m 02.122s,    000h 19m 24.755s
672,    2140,    1166895,    000h 00m 02.140s,    000h 19m 26.895s
673,    1958,    1168853,    000h 00m 01.958s,    000h 19m 28.853s
674,    1959,    1170812,    000h 00m 01.959s,    000h 19m 30.812s
675,    1716,    1172528,    000h 00m 01.716s,    000h 19m 32.528s
676,    1946,    1174474,    000h 00m 01.946s,    000h 19m 34.474s
677,    2136,    1176610,    000h 00m 02.136s,    000h 19m 36.610s
678,    1973,    1178583,    000h 00m 01.973s,    000h 19m 38.583s
679,    1952,    1180535,    000h 00m 01.952s,    000h 19m 40.535s
680,    2094,    1182629,    000h 00m 02.094s,    000h 19m 42.629s
681,    2073,    1184702,    000h 00m 02.073s,    000h 19m 44.702s
682,    2005,    1186707,    000h 00m 02.005s,    000h 19m 46.707s
683,    2203,    1188910,    000h 00m 02.203s,    000h 19m 48.910s
684,    1992,    1190902,    000h 00m 01.992s,    000h 19m 50.902s
685,    2162,    1193064,    000h 00m 02.162s,    000h 19m 53.064s
686,    2047,    1195111,    000h 00m 02.047s,    000h 19m 55.111s
687,    2086,    1197197,    000h 00m 02.086s,    000h 19m 57.197s
688,    2104,    1199301,    000h 00m 02.104s,    000h 19m 59.301s
689,    2185,    1201486,    000h 00m 02.185s,    000h 20m 01.486s
690,    2142,    1203628,    000h 00m 02.142s,    000h 20m 03.628s
691,    2052,    1205680,    000h 00m 02.052s,    000h 20m 05.680s
692,    2174,    1207854,    000h 00m 02.174s,    000h 20m 07.854s
693,    2013,    1209867,    000h 00m 02.013s,    000h 20m 09.867s
694,    2041,    1211908,    000h 00m 02.041s,    000h 20m 11.908s
695,    2092,    1214000,    000h 00m 02.092s,    000h 20m 14.000s
696,    1989,    1215989,    000h 00m 01.989s,    000h 20m 15.989s
697,    2113,    1218102,    000h 00m 02.113s,    000h 20m 18.102s
698,    2098,    1220200,    000h 00m 02.098s,    000h 20m 20.200s
699,    2093,    1222293,    000h 00m 02.093s,    000h 20m 22.293s
700,    2091,    1224384,    000h 00m 02.091s,    000h 20m 24.384s
701,    1693,    1226077,    000h 00m 01.693s,    000h 20m 26.077s
702,    2243,    1228320,    000h 00m 02.243s,    000h 20m 28.320s
703,    2003,    1230323,    000h 00m 02.003s,    000h 20m 30.323s
704,    2191,    1232514,    000h 00m 02.191s,    000h 20m 32.514s
705,    2219,    1234733,    000h 00m 02.219s,    000h 20m 34.733s
706,    2168,    1236901,    000h 00m 02.168s,    000h 20m 36.901s
707,    1949,    1238850,    000h 00m 01.949s,    000h 20m 38.850s
708,    1948,    1240798,    000h 00m 01.948s,    000h 20m 40.798s
709,    2175,    1242973,    000h 00m 02.175s,    000h 20m 42.973s
710,    2223,    1245196,    000h 00m 02.223s,    000h 20m 45.196s
711,    2069,    1247265,    000h 00m 02.069s,    000h 20m 47.265s
712,    1978,    1249243,    000h 00m 01.978s,    000h 20m 49.243s
713,    2185,    1251428,    000h 00m 02.185s,    000h 20m 51.428s
714,    2170,    1253598,    000h 00m 02.170s,    000h 20m 53.598s
715,    2100,    1255698,    000h 00m 02.100s,    000h 20m 55.698s
716,    2156,    1257854,    000h 00m 02.156s,    000h 20m 57.854s
717,    2187,    1260041,    000h 00m 02.187s,    000h 21m 00.041s
718,    2149,    1262190,    000h 00m 02.149s,    000h 21m 02.190s
719,    2091,    1264281,    000h 00m 02.091s,    000h 21m 04.281s
720,    2219,    1266500,    000h 00m 02.219s,    000h 21m 06.500s
721,    2150,    1268650,    000h 00m 02.150s,    000h 21m 08.650s
722,    2117,    1270767,    000h 00m 02.117s,    000h 21m 10.767s
723,    2074,    1272841,    000h 00m 02.074s,    000h 21m 12.841s
724,    2129,    1274970,    000h 00m 02.129s,    000h 21m 14.970s
725,    1967,    1276937,    000h 00m 01.967s,    000h 21m 16.937s
726,    2244,    1279181,    000h 00m 02.244s,    000h 21m 19.181s
727,    2121,    1281302,    000h 00m 02.121s,    000h 21m 21.302s
728,    2153,    1283455,    000h 00m 02.153s,    000h 21m 23.455s
729,    1694,    1285149,    000h 00m 01.694s,    000h 21m 25.149s
730,    2100,    1287249,    000h 00m 02.100s,    000h 21m 27.249s
731,    1940,    1289189,    000h 00m 01.940s,    000h 21m 29.189s
732,    1971,    1291160,    000h 00m 01.971s,    000h 21m 31.160s
733,    1971,    1293131,    000h 00m 01.971s,    000h 21m 33.131s
734,    2241,    1295372,    000h 00m 02.241s,    000h 21m 35.372s
735,    1946,    1297318,    000h 00m 01.946s,    000h 21m 37.318s
736,    2089,    1299407,    000h 00m 02.089s,    000h 21m 39.407s
737,    1985,    1301392,    000h 00m 01.985s,    000h 21m 41.392s
738,    2011,    1303403,    000h 00m 02.011s,    000h 21m 43.403s
739,    2019,    1305422,    000h 00m 02.019s,    000h 21m 45.422s
740,    1951,    1307373,    000h 00m 01.951s,    000h 21m 47.373s
741,    1957,    1309330,    000h 00m 01.957s,    000h 21m 49.330s
742,    2098,    1311428,    000h 00m 02.098s,    000h 21m 51.428s
743,    1971,    1313399,    000h 00m 01.971s,    000h 21m 53.399s
744,    2039,    1315438,    000h 00m 02.039s,    000h 21m 55.438s
745,    2019,    1317457,    000h 00m 02.019s,    000h 21m 57.457s
746,    2192,    1319649,    000h 00m 02.192s,    000h 21m 59.649s
747,    2164,    1321813,    000h 00m 02.164s,    000h 22m 01.813s
748,    2152,    1323965,    000h 00m 02.152s,    000h 22m 03.965s
749,    2144,    1326109,    000h 00m 02.144s,    000h 22m 06.109s
750,    2032,    1328141,    000h 00m 02.032s,    000h 22m 08.141s
751,    2137,    1330278,    000h 00m 02.137s,    000h 22m 10.278s
752,    2130,    1332408,    000h 00m 02.130s,    000h 22m 12.408s
753,    2002,    1334410,    000h 00m 02.002s,    000h 22m 14.410s
754,    1995,    1336405,    000h 00m 01.995s,    000h 22m 16.405s
755,    2163,    1338568,    000h 00m 02.163s,    000h 22m 18.568s
756,    2221,    1340789,    000h 00m 02.221s,    000h 22m 20.789s
757,    1964,    1342753,    000h 00m 01.964s,    000h 22m 22.753s
758,    2185,    1344938,    000h 00m 02.185s,    000h 22m 24.938s
759,    1985,    1346923,    000h 00m 01.985s,    000h 22m 26.923s
760,    2204,    1349127,    000h 00m 02.204s,    000h 22m 29.127s
761,    2092,    1351219,    000h 00m 02.092s,    000h 22m 31.219s
762,    2134,    1353353,    000h 00m 02.134s,    000h 22m 33.353s
763,    2140,    1355493,    000h 00m 02.140s,    000h 22m 35.493s
764,    2161,    1357654,    000h 00m 02.161s,    000h 22m 37.654s
765,    2012,    1359666,    000h 00m 02.012s,    000h 22m 39.666s
766,    2048,    1361714,    000h 00m 02.048s,    000h 22m 41.714s
767,    2052,    1363766,    000h 00m 02.052s,    000h 22m 43.766s
768,    2025,    1365791,    000h 00m 02.025s,    000h 22m 45.791s
769,    1970,    1367761,    000h 00m 01.970s,    000h 22m 47.761s
770,    2089,    1369850,    000h 00m 02.089s,    000h 22m 49.850s
771,    2145,    1371995,    000h 00m 02.145s,    000h 22m 51.995s
772,    1985,    1373980,    000h 00m 01.985s,    000h 22m 53.980s
773,    2185,    1376165,    000h 00m 02.185s,    000h 22m 56.165s
774,    1718,    1377883,    000h 00m 01.718s,    000h 22m 57.883s
775,    2125,    1380008,    000h 00m 02.125s,    000h 23m 00.008s
776,    2195,    1382203,    000h 00m 02.195s,    000h 23m 02.203s
777,    2022,    1384225,    000h 00m 02.022s,    000h 23m 04.225s
778,    2167,    1386392,    000h 00m 02.167s,    000h 23m 06.392s
779,    2177,    1388569,    000h 00m 02.177s,    000h 23m 08.569s
780,    2000,    1390569,    000h 00m 02.000s,    000h 23m 10.569s
781,    2052,    1392621,    000h 00m 02.052s,    000h 23m 12.621s
782,    2133,    1394754,    000h 00m 02.133s,    000h 23m 14.754s
783,    2159,    1396913,    000h 00m 02.159s,    000h 23m 16.913s
784,    2033,    1398946,    000h 00m 02.033s,    000h 23m 18.946s
785,    1962,    1400908,    000h 00m 01.962s,    000h 23m 20.908s
786,    2196,    1403104,    000h 00m 02.196s,    000h 23m 23.104s
787,    1932,    1405036,    000h 00m 01.932s,    000h 23m 25.036s
788,    1961,    1406997,    000h 00m 01.961s,    000h 23m 26.997s
789,    2171,    1409168,    000h 00m 02.171s,    000h 23m 29.168s
790,    2252,    1411420,    000h 00m 02.252s,    000h 23m 31.420s
791,    2007,    1413427,    000h 00m 02.007s,    000h 23m 33.427s
792,    2075,    1415502,    000h 00m 02.075s,    000h 23m 35.502s
793,    1968,    1417470,    000h 00m 01.968s,    000h 23m 37.470s
794,    2175,    1419645,    000h 00m 02.175s,    000h 23m 39.645s
795,    2149,    1421794,    000h 00m 02.149s,    000h 23m 41.794s
796,    1975,    1423769,    000h 00m 01.975s,    000h 23m 43.769s
797,    1966,    1425735,    000h 00m 01.966s,    000h 23m 45.735s
798,    2095,    1427830,    000h 00m 02.095s,    000h 23m 47.830s
799,    2052,    1429882,    000h 00m 02.052s,    000h 23m 49.882s
800,    2132,    1432014,    000h 00m 02.132s,    000h 23m 52.014s
801,    2157,    1434171,    000h 00m 02.157s,    000h 23m 54.171s
802,    1930,    1436101,    000h 00m 01.930s,    000h 23m 56.101s
803,    2180,    1438281,    000h 00m 02.180s,    000h 23m 58.281s
804,    2045,    1440326,    000h 00m 02.045s,    000h 24m 00.326s
805,    2013,    1442339,    000h 00m 02.013s,    000h 24m 02.339s
806,    2043,    1444382,    000h 00m 02.043s,    000h 24m 04.382s
807,    2017,    1446399,    000h 00m 02.017s,    000h 24m 06.399s
808,    2195,    1448594,    000h 00m 02.195s,    000h 24m 08.594s
809,    2170,    1450764,    000h 00m 02.170s,    000h 24m 10.764s
810,    2171,    1452935,    000h 00m 02.171s,    000h 24m 12.935s
811,    2109,    1455044,    000h 00m 02.109s,    000h 24m 15.044s
812,    2070,    1457114,    000h 00m 02.070s,    000h 24m 17.114s
813,    1985,    1459099,    000h 00m 01.985s,    000h 24m 19.099s
814,    2166,    1461265,    000h 00m 02.166s,    000h 24m 21.265s
815,    2011,    1463276,    000h 00m 02.011s,    000h 24m 23.276s
816,    2202,    1465478,    000h 00m 02.202s,    000h 24m 25.478s
817,    2086,    1467564,    000h 00m 02.086s,    000h 24m 27.564s
818,    2009,    1469573,    000h 00m 02.009s,    000h 24m 29.573s
819,    2039,    1471612,    000h 00m 02.039s,    000h 24m 31.612s
820,    1800,    1473412,    000h 00m 01.800s,    000h 24m 33.412s
821,    1733,    1475145,    000h 00m 01.733s,    000h 24m 35.145s
822,    1738,    1476883,    000h 00m 01.738s,    000h 24m 36.883s
823,    1800,    1478683,    000h 00m 01.800s,    000h 24m 38.683s
824,    1589,    1480272,    000h 00m 01.589s,    000h 24m 40.272s
825,    1721,    1481993,    000h 00m 01.721s,    000h 24m 41.993s
826,    1535,    1483528,    000h 00m 01.535s,    000h 24m 43.528s
827,    1648,    1485176,    000h 00m 01.648s,    000h 24m 45.176s
828,    1734,    1486910,    000h 00m 01.734s,    000h 24m 46.910s
829,    1665,    1488575,    000h 00m 01.665s,    000h 24m 48.575s
830,    1734,    1490309,    000h 00m 01.734s,    000h 24m 50.309s
831,    1723,    1492032,    000h 00m 01.723s,    000h 24m 52.032s
832,    1648,    1493680,    000h 00m 01.648s,    000h 24m 53.680s
833,    1697,    1495377,    000h 00m 01.697s,    000h 24m 55.377s
834,    1578,    1496955,    000h 00m 01.578s,    000h 24m 56.955s
835,    1748,    1498703,    000h 00m 01.748s,    000h 24m 58.703s
836,    1719,    1500422,    000h 00m 01.719s,    000h 25m 00.422s
837,    1605,    1502027,    000h 00m 01.605s,    000h 25m 02.027s
838,    1756,    1503783,    000h 00m 01.756s,    000h 25m 03.783s
839,    1749,    1505532,    000h 00m 01.749s,    000h 25m 05.532s
840,    1686,    1507218,    000h 00m 01.686s,    000h 25m 07.218s
841,    1687,    1508905,    000h 00m 01.687s,    000h 25m 08.905s
842,    1657,    1510562,    000h 00m 01.657s,    000h 25m 10.562s
843,    1662,    1512224,    000h 00m 01.662s,    000h 25m 12.224s
844,    1714,    1513938,    000h 00m 01.714s,    000h 25m 13.938s
845,    1619,    1515557,    000h 00m 01.619s,    000h 25m 15.557s
846,    1581,    1517138,    000h 00m 01.581s,    000h 25m 17.138s
847,    1607,    1518745,    000h 00m 01.607s,    000h 25m 18.745s
848,    1740,    1520485,    000h 00m 01.740s,    000h 25m 20.485s
849,    1722,    1522207,    000h 00m 01.722s,    000h 25m 22.207s
850,    1622,    1523829,    000h 00m 01.622s,    000h 25m 23.829s
851,    24477,    1548306,    000h 00m 24.477s,    000h 25m 48.306s
852,    24235,    1572541,    000h 00m 24.235s,    000h 26m 12.541s
853,    25195,    1597736,    000h 00m 25.195s,    000h 26m 37.736s
854,    23413,    1621149,    000h 00m 23.413s,    000h 27m 01.149s
855,    21131,    1642280,    000h 00m 21.131s,    000h 27m 22.280s
856,    24472,    1666752,    000h 00m 24.472s,    000h 27m 46.752s
857,    23788,    1690540,    000h 00m 23.788s,    000h 28m 10.540s
858,    23622,    1714162,    000h 00m 23.622s,    000h 28m 34.162s
859,    23356,    1737518,    000h 00m 23.356s,    000h 28m 57.518s
860,    11066,    1748584,    000h 00m 11.066s,    000h 29m 08.584s
861,    22372,    1770956,    000h 00m 22.372s,    000h 29m 30.956s
862,    24190,    1795146,    000h 00m 24.190s,    000h 29m 55.146s
863,    16150,    1811296,    000h 00m 16.150s,    000h 30m 11.296s
864,    1741,    1813037,    000h 00m 01.741s,    000h 30m 13.037s
865,    1674,    1814711,    000h 00m 01.674s,    000h 30m 14.711s
866,    1753,    1816464,    000h 00m 01.753s,    000h 30m 16.464s
867,    1551,    1818015,    000h 00m 01.551s,    000h 30m 18.015s
868,    1610,    1819625,    000h 00m 01.610s,    000h 30m 19.625s
869,    1576,    1821201,    000h 00m 01.576s,    000h 30m 21.201s
870,    1630,    1822831,    000h 00m 01.630s,    000h 30m 22.831s
871,    1681,    1824512,    000h 00m 01.681s,    000h 30m 24.512s
872,    1614,    1826126,    000h 00m 01.614s,    000h 30m 26.126s
873,    1553,    1827679,    000h 00m 01.553s,    000h 30m 27.679s
874,    1559,    1829238,    000h 00m 01.559s,    000h 30m 29.238s
875,    1744,    1830982,    000h 00m 01.744s,    000h 30m 30.982s
876,    1752,    1832734,    000h 00m 01.752s,    000h 30m 32.734s
877,    1580,    1834314,    000h 00m 01.580s,    000h 30m 34.314s
878,    1669,    1835983,    000h 00m 01.669s,    000h 30m 35.983s
879,    1770,    1837753,    000h 00m 01.770s,    000h 30m 37.753s
880,    1660,    1839413,    000h 00m 01.660s,    000h 30m 39.413s
881,    1586,    1840999,    000h 00m 01.586s,    000h 30m 40.999s
882,    1669,    1842668,    000h 00m 01.669s,    000h 30m 42.668s
883,    1633,    1844301,    000h 00m 01.633s,    000h 30m 44.301s
884,    1686,    1845987,    000h 00m 01.686s,    000h 30m 45.987s
885,    1752,    1847739,    000h 00m 01.752s,    000h 30m 47.739s
886,    1619,    1849358,    000h 00m 01.619s,    000h 30m 49.358s
887,    1689,    1851047,    000h 00m 01.689s,    000h 30m 51.047s
888,    1713,    1852760,    000h 00m 01.713s,    000h 30m 52.760s
889,    1539,    1854299,    000h 00m 01.539s,    000h 30m 54.299s
890,    1606,    1855905,    000h 00m 01.606s,    000h 30m 55.905s
891,    1728,    1857633,    000h 00m 01.728s,    000h 30m 57.633s
892,    1664,    1859297,    000h 00m 01.664s,    000h 30m 59.297s
893,    1705,    1861002,    000h 00m 01.705s,    000h 31m 01.002s
894,    1717,    1862719,    000h 00m 01.717s,    000h 31m 02.719s
895,    1755,    1864474,    000h 00m 01.755s,    000h 31m 04.474s
896,    1371,    1865845,    000h 00m 01.371s,    000h 31m 05.845s
897,    1529,    1867374,    000h 00m 01.529s,    000h 31m 07.374s
898,    1731,    1869105,    000h 00m 01.731s,    000h 31m 09.105s
899,    1619,    1870724,    000h 00m 01.619s,    000h 31m 10.724s
900,    1625,    1872349,    000h 00m 01.625s,    000h 31m 12.349s
901,    1586,    1873935,    000h 00m 01.586s,    000h 31m 13.935s
902,    1630,    1875565,    000h 00m 01.630s,    000h 31m 15.565s
903,    1504,    1877069,    000h 00m 01.504s,    000h 31m 17.069s
904,    1582,    1878651,    000h 00m 01.582s,    000h 31m 18.651s
905,    1530,    1880181,    000h 00m 01.530s,    000h 31m 20.181s
906,    1572,    1881753,    000h 00m 01.572s,    000h 31m 21.753s
907,    1755,    1883508,    000h 00m 01.755s,    000h 31m 23.508s
908,    1406,    1884914,    000h 00m 01.406s,    000h 31m 24.914s
909,    1771,    1886685,    000h 00m 01.771s,    000h 31m 26.685s
910,    1738,    1888423,    000h 00m 01.738s,    000h 31m 28.423s
911,    1681,    1890104,    000h 00m 01.681s,    000h 31m 30.104s
912,    1722,    1891826,    000h 00m 01.722s,    000h 31m 31.826s
913,    1681,    1893507,    000h 00m 01.681s,    000h 31m 33.507s
914,    1642,    1895149,    000h 00m 01.642s,    000h 31m 35.149s
915,    1725,    1896874,    000h 00m 01.725s,    000h 31m 36.874s
916,    1775,    1898649,    000h 00m 01.775s,    000h 31m 38.649s
917,    1358,    1900007,    000h 00m 01.358s,    000h 31m 40.007s
918,    1362,    1901369,    000h 00m 01.362s,    000h 31m 41.369s
919,    1759,    1903128,    000h 00m 01.759s,    000h 31m 43.128s
920,    1745,    1904873,    000h 00m 01.745s,    000h 31m 44.873s
921,    1673,    1906546,    000h 00m 01.673s,    000h 31m 46.546s
922,    1727,    1908273,    000h 00m 01.727s,    000h 31m 48.273s
923,    1733,    1910006,    000h 00m 01.733s,    000h 31m 50.006s
924,    1611,    1911617,    000h 00m 01.611s,    000h 31m 51.617s
925,    1689,    1913306,    000h 00m 01.689s,    000h 31m 53.306s
926,    1708,    1915014,    000h 00m 01.708s,    000h 31m 55.014s
927,    1675,    1916689,    000h 00m 01.675s,    000h 31m 56.689s
928,    1740,    1918429,    000h 00m 01.740s,    000h 31m 58.429s
929,    1598,    1920027,    000h 00m 01.598s,    000h 32m 00.027s
930,    1629,    1921656,    000h 00m 01.629s,    000h 32m 01.656s
931,    1747,    1923403,    000h 00m 01.747s,    000h 32m 03.403s
932,    1577,    1924980,    000h 00m 01.577s,    000h 32m 04.980s
933,    1734,    1926714,    000h 00m 01.734s,    000h 32m 06.714s
934,    1542,    1928256,    000h 00m 01.542s,    000h 32m 08.256s
935,    1736,    1929992,    000h 00m 01.736s,    000h 32m 09.992s
936,    1566,    1931558,    000h 00m 01.566s,    000h 32m 11.558s
937,    1697,    1933255,    000h 00m 01.697s,    000h 32m 13.255s
938,    1562,    1934817,    000h 00m 01.562s,    000h 32m 14.817s
939,    1656,    1936473,    000h 00m 01.656s,    000h 32m 16.473s
940,    1670,    1938143,    000h 00m 01.670s,    000h 32m 18.143s
941,    1756,    1939899,    000h 00m 01.756s,    000h 32m 19.899s
942,    1570,    1941469,    000h 00m 01.570s,    000h 32m 21.469s
943,    1609,    1943078,    000h 00m 01.609s,    000h 32m 23.078s
944,    1671,    1944749,    000h 00m 01.671s,    000h 32m 24.749s
945,    1702,    1946451,    000h 00m 01.702s,    000h 32m 26.451s
946,    1730,    1948181,    000h 00m 01.730s,    000h 32m 28.181s
947,    1682,    1949863,    000h 00m 01.682s,    000h 32m 29.863s
948,    1586,    1951449,    000h 00m 01.586s,    000h 32m 31.449s
949,    1730,    1953179,    000h 00m 01.730s,    000h 32m 33.179s
950,    1725,    1954904,    000h 00m 01.725s,    000h 32m 34.904s
951,    1711,    1956615,    000h 00m 01.711s,    000h 32m 36.615s
952,    1751,    1958366,    000h 00m 01.751s,    000h 32m 38.366s
953,    1714,    1960080,    000h 00m 01.714s,    000h 32m 40.080s
954,    1573,    1961653,    000h 00m 01.573s,    000h 32m 41.653s
955,    1779,    1963432,    000h 00m 01.779s,    000h 32m 43.432s
956,    1676,    1965108,    000h 00m 01.676s,    000h 32m 45.108s
957,    1398,    1966506,    000h 00m 01.398s,    000h 32m 46.506s
958,    1617,    1968123,    000h 00m 01.617s,    000h 32m 48.123s
959,    1704,    1969827,    000h 00m 01.704s,    000h 32m 49.827s
960,    1714,    1971541,    000h 00m 01.714s,    000h 32m 51.541s
961,    1570,    1973111,    000h 00m 01.570s,    000h 32m 53.111s
962,    1593,    1974704,    000h 00m 01.593s,    000h 32m 54.704s
963,    1730,    1976434,    000h 00m 01.730s,    000h 32m 56.434s
964,    1717,    1978151,    000h 00m 01.717s,    000h 32m 58.151s
965,    1732,    1979883,    000h 00m 01.732s,    000h 32m 59.883s
966,    1759,    1981642,    000h 00m 01.759s,    000h 33m 01.642s
967,    1725,    1983367,    000h 00m 01.725s,    000h 33m 03.367s
968,    1747,    1985114,    000h 00m 01.747s,    000h 33m 05.114s
969,    1542,    1986656,    000h 00m 01.542s,    000h 33m 06.656s
970,    1761,    1988417,    000h 00m 01.761s,    000h 33m 08.417s
971,    1569,    1989986,    000h 00m 01.569s,    000h 33m 09.986s
972,    1650,    1991636,    000h 00m 01.650s,    000h 33m 11.636s
973,    1685,    1993321,    000h 00m 01.685s,    000h 33m 13.321s
974,    1741,    1995062,    000h 00m 01.741s,    000h 33m 15.062s
975,    1574,    1996636,    000h 00m 01.574s,    000h 33m 16.636s
976,    1632,    1998268,    000h 00m 01.632s,    000h 33m 18.268s
977,    1680,    1999948,    000h 00m 01.680s,    000h 33m 19.948s
978,    1359,    2001307,    000h 00m 01.359s,    000h 33m 21.307s
979,    1699,    2003006,    000h 00m 01.699s,    000h 33m 23.006s
980,    1749,    2004755,    000h 00m 01.749s,    000h 33m 24.755s
981,    1780,    2006535,    000h 00m 01.780s,    000h 33m 26.535s
982,    1733,    2008268,    000h 00m 01.733s,    000h 33m 28.268s
983,    1687,    2009955,    000h 00m 01.687s,    000h 33m 29.955s
984,    1748,    2011703,    000h 00m 01.748s,    000h 33m 31.703s
985,    1774,    2013477,    000h 00m 01.774s,    000h 33m 33.477s
986,    1583,    2015060,    000h 00m 01.583s,    000h 33m 35.060s
987,    1613,    2016673,    000h 00m 01.613s,    000h 33m 36.673s
988,    1611,    2018284,    000h 00m 01.611s,    000h 33m 38.284s
989,    1558,    2019842,    000h 00m 01.558s,    000h 33m 39.842s
990,    1634,    2021476,    000h 00m 01.634s,    000h 33m 41.476s
991,    1711,    2023187,    000h 00m 01.711s,    000h 33m 43.187s
992,    1722,    2024909,    000h 00m 01.722s,    000h 33m 44.909s
993,    1747,    2026656,    000h 00m 01.747s,    000h 33m 46.656s
994,    1694,    2028350,    000h 00m 01.694s,    000h 33m 48.350s
995,    1745,    2030095,    000h 00m 01.745s,    000h 33m 50.095s
996,    1733,    2031828,    000h 00m 01.733s,    000h 33m 51.828s
997,    1555,    2033383,    000h 00m 01.555s,    000h 33m 53.383s
998,    1763,    2035146,    000h 00m 01.763s,    000h 33m 55.146s
999,    1636,    2036782,    000h 00m 01.636s,    000h 33m 56.782s
1000,    1752,    2038534,    000h 00m 01.752s,    000h 33m 58.534s
1001,    1750,    2040284,    000h 00m 01.750s,    000h 34m 00.284s
1002,    1734,    2042018,    000h 00m 01.734s,    000h 34m 02.018s
1003,    1758,    2043776,    000h 00m 01.758s,    000h 34m 03.776s
1004,    1731,    2045507,    000h 00m 01.731s,    000h 34m 05.507s
1005,    1575,    2047082,    000h 00m 01.575s,    000h 34m 07.082s
1006,    1531,    2048613,    000h 00m 01.531s,    000h 34m 08.613s
1007,    1710,    2050323,    000h 00m 01.710s,    000h 34m 10.323s
1008,    1750,    2052073,    000h 00m 01.750s,    000h 34m 12.073s
1009,    1726,    2053799,    000h 00m 01.726s,    000h 34m 13.799s
1010,    1761,    2055560,    000h 00m 01.761s,    000h 34m 15.560s
1011,    1627,    2057187,    000h 00m 01.627s,    000h 34m 17.187s
1012,    1597,    2058784,    000h 00m 01.597s,    000h 34m 18.784s
1013,    1582,    2060366,    000h 00m 01.582s,    000h 34m 20.366s
1014,    1663,    2062029,    000h 00m 01.663s,    000h 34m 22.029s
1015,    1642,    2063671,    000h 00m 01.642s,    000h 34m 23.671s
1016,    1758,    2065429,    000h 00m 01.758s,    000h 34m 25.429s
1017,    1560,    2066989,    000h 00m 01.560s,    000h 34m 26.989s
1018,    1731,    2068720,    000h 00m 01.731s,    000h 34m 28.720s
1019,    1776,    2070496,    000h 00m 01.776s,    000h 34m 30.496s
1020,    1531,    2072027,    000h 00m 01.531s,    000h 34m 32.027s
1021,    1733,    2073760,    000h 00m 01.733s,    000h 34m 33.760s
1022,    1649,    2075409,    000h 00m 01.649s,    000h 34m 35.409s
1023,    1494,    2076903,    000h 00m 01.494s,    000h 34m 36.903s
1024,    1596,    2078499,    000h 00m 01.596s,    000h 34m 38.499s
1025,    1766,    2080265,    000h 00m 01.766s,    000h 34m 40.265s
