pass,    time (ms),    total time (ms),    time,     total_time
1,    1711,    1711,    000h 00m 01.711s,    000h 00m 01.711s
2,    1742,    3453,    000h 00m 01.742s,    000h 00m 03.453s
3,    1738,    5191,    000h 00m 01.738s,    000h 00m 05.191s
4,    1756,    6947,    000h 00m 01.756s,    000h 00m 06.947s
5,    1717,    8664,    000h 00m 01.717s,    000h 00m 08.664s
6,    1717,    10381,    000h 00m 01.717s,    000h 00m 10.381s
7,    1719,    12100,    000h 00m 01.719s,    000h 00m 12.100s
8,    1545,    13645,    000h 00m 01.545s,    000h 00m 13.645s
9,    1576,    15221,    000h 00m 01.576s,    000h 00m 15.221s
10,    1652,    16873,    000h 00m 01.652s,    000h 00m 16.873s
11,    1654,    18527,    000h 00m 01.654s,    000h 00m 18.527s
12,    1546,    20073,    000h 00m 01.546s,    000h 00m 20.073s
13,    1684,    21757,    000h 00m 01.684s,    000h 00m 21.757s
14,    1708,    23465,    000h 00m 01.708s,    000h 00m 23.465s
15,    1729,    25194,    000h 00m 01.729s,    000h 00m 25.194s
16,    1774,    26968,    000h 00m 01.774s,    000h 00m 26.968s
17,    1713,    28681,    000h 00m 01.713s,    000h 00m 28.681s
18,    1705,    30386,    000h 00m 01.705s,    000h 00m 30.386s
19,    1700,    32086,    000h 00m 01.700s,    000h 00m 32.086s
20,    1752,    33838,    000h 00m 01.752s,    000h 00m 33.838s
21,    1714,    35552,    000h 00m 01.714s,    000h 00m 35.552s
22,    1681,    37233,    000h 00m 01.681s,    000h 00m 37.233s
23,    1672,    38905,    000h 00m 01.672s,    000h 00m 38.905s
24,    1545,    40450,    000h 00m 01.545s,    000h 00m 40.450s
25,    1715,    42165,    000h 00m 01.715s,    000h 00m 42.165s
26,    1553,    43718,    000h 00m 01.553s,    000h 00m 43.718s
27,    1725,    45443,    000h 00m 01.725s,    000h 00m 45.443s
28,    1599,    47042,    000h 00m 01.599s,    000h 00m 47.042s
29,    1640,    48682,    000h 00m 01.640s,    000h 00m 48.682s
30,    1535,    50217,    000h 00m 01.535s,    000h 00m 50.217s
31,    1731,    51948,    000h 00m 01.731s,    000h 00m 51.948s
32,    1714,    53662,    000h 00m 01.714s,    000h 00m 53.662s
33,    1651,    55313,    000h 00m 01.651s,    000h 00m 55.313s
34,    1774,    57087,    000h 00m 01.774s,    000h 00m 57.087s
35,    1754,    58841,    000h 00m 01.754s,    000h 00m 58.841s
36,    1739,    60580,    000h 00m 01.739s,    000h 01m 00.580s
37,    1742,    62322,    000h 00m 01.742s,    000h 01m 02.322s
38,    1739,    64061,    000h 00m 01.739s,    000h 01m 04.061s
39,    1679,    65740,    000h 00m 01.679s,    000h 01m 05.740s
40,    1567,    67307,    000h 00m 01.567s,    000h 01m 07.307s
41,    1598,    68905,    000h 00m 01.598s,    000h 01m 08.905s
42,    1629,    70534,    000h 00m 01.629s,    000h 01m 10.534s
43,    1778,    72312,    000h 00m 01.778s,    000h 01m 12.312s
44,    1605,    73917,    000h 00m 01.605s,    000h 01m 13.917s
45,    1729,    75646,    000h 00m 01.729s,    000h 01m 15.646s
46,    1699,    77345,    000h 00m 01.699s,    000h 01m 17.345s
47,    1576,    78921,    000h 00m 01.576s,    000h 01m 18.921s
48,    1746,    80667,    000h 00m 01.746s,    000h 01m 20.667s
49,    1474,    82141,    000h 00m 01.474s,    000h 01m 22.141s
50,    1709,    83850,    000h 00m 01.709s,    000h 01m 23.850s
51,    1682,    85532,    000h 00m 01.682s,    000h 01m 25.532s
52,    1777,    87309,    000h 00m 01.777s,    000h 01m 27.309s
53,    1579,    88888,    000h 00m 01.579s,    000h 01m 28.888s
54,    1708,    90596,    000h 00m 01.708s,    000h 01m 30.596s
55,    1724,    92320,    000h 00m 01.724s,    000h 01m 32.320s
56,    1767,    94087,    000h 00m 01.767s,    000h 01m 34.087s
57,    1670,    95757,    000h 00m 01.670s,    000h 01m 35.757s
58,    1694,    97451,    000h 00m 01.694s,    000h 01m 37.451s
59,    1710,    99161,    000h 00m 01.710s,    000h 01m 39.161s
60,    1688,    100849,    000h 00m 01.688s,    000h 01m 40.849s
61,    1659,    102508,    000h 00m 01.659s,    000h 01m 42.508s
62,    1604,    104112,    000h 00m 01.604s,    000h 01m 44.112s
63,    1734,    105846,    000h 00m 01.734s,    000h 01m 45.846s
64,    1750,    107596,    000h 00m 01.750s,    000h 01m 47.596s
65,    1692,    109288,    000h 00m 01.692s,    000h 01m 49.288s
66,    1733,    111021,    000h 00m 01.733s,    000h 01m 51.021s
67,    1623,    112644,    000h 00m 01.623s,    000h 01m 52.644s
68,    1745,    114389,    000h 00m 01.745s,    000h 01m 54.389s
69,    1702,    116091,    000h 00m 01.702s,    000h 01m 56.091s
70,    1558,    117649,    000h 00m 01.558s,    000h 01m 57.649s
71,    1571,    119220,    000h 00m 01.571s,    000h 01m 59.220s
72,    1676,    120896,    000h 00m 01.676s,    000h 02m 00.896s
73,    1662,    122558,    000h 00m 01.662s,    000h 02m 02.558s
74,    1392,    123950,    000h 00m 01.392s,    000h 02m 03.950s
75,    1670,    125620,    000h 00m 01.670s,    000h 02m 05.620s
76,    1590,    127210,    000h 00m 01.590s,    000h 02m 07.210s
77,    1682,    128892,    000h 00m 01.682s,    000h 02m 08.892s
78,    1759,    130651,    000h 00m 01.759s,    000h 02m 10.651s
79,    1696,    132347,    000h 00m 01.696s,    000h 02m 12.347s
80,    1722,    134069,    000h 00m 01.722s,    000h 02m 14.069s
81,    1746,    135815,    000h 00m 01.746s,    000h 02m 15.815s
82,    1714,    137529,    000h 00m 01.714s,    000h 02m 17.529s
83,    1766,    139295,    000h 00m 01.766s,    000h 02m 19.295s
84,    1657,    140952,    000h 00m 01.657s,    000h 02m 20.952s
85,    1605,    142557,    000h 00m 01.605s,    000h 02m 22.557s
86,    1365,    143922,    000h 00m 01.365s,    000h 02m 23.922s
87,    1614,    145536,    000h 00m 01.614s,    000h 02m 25.536s
88,    1552,    147088,    000h 00m 01.552s,    000h 02m 27.088s
89,    1750,    148838,    000h 00m 01.750s,    000h 02m 28.838s
90,    1733,    150571,    000h 00m 01.733s,    000h 02m 30.571s
91,    1734,    152305,    000h 00m 01.734s,    000h 02m 32.305s
92,    1695,    154000,    000h 00m 01.695s,    000h 02m 34.000s
93,    1734,    155734,    000h 00m 01.734s,    000h 02m 35.734s
94,    1705,    157439,    000h 00m 01.705s,    000h 02m 37.439s
95,    1543,    158982,    000h 00m 01.543s,    000h 02m 38.982s
96,    1652,    160634,    000h 00m 01.652s,    000h 02m 40.634s
97,    1539,    162173,    000h 00m 01.539s,    000h 02m 42.173s
98,    1738,    163911,    000h 00m 01.738s,    000h 02m 43.911s
99,    1726,    165637,    000h 00m 01.726s,    000h 02m 45.637s
100,    1748,    167385,    000h 00m 01.748s,    000h 02m 47.385s
101,    1537,    168922,    000h 00m 01.537s,    000h 02m 48.922s
102,    1397,    170319,    000h 00m 01.397s,    000h 02m 50.319s
103,    1548,    171867,    000h 00m 01.548s,    000h 02m 51.867s
104,    1646,    173513,    000h 00m 01.646s,    000h 02m 53.513s
105,    1650,    175163,    000h 00m 01.650s,    000h 02m 55.163s
106,    1708,    176871,    000h 00m 01.708s,    000h 02m 56.871s
107,    1766,    178637,    000h 00m 01.766s,    000h 02m 58.637s
108,    1364,    180001,    000h 00m 01.364s,    000h 03m 00.001s
109,    1725,    181726,    000h 00m 01.725s,    000h 03m 01.726s
110,    1686,    183412,    000h 00m 01.686s,    000h 03m 03.412s
111,    1613,    185025,    000h 00m 01.613s,    000h 03m 05.025s
112,    1590,    186615,    000h 00m 01.590s,    000h 03m 06.615s
113,    1726,    188341,    000h 00m 01.726s,    000h 03m 08.341s
114,    1707,    190048,    000h 00m 01.707s,    000h 03m 10.048s
115,    1708,    191756,    000h 00m 01.708s,    000h 03m 11.756s
116,    1715,    193471,    000h 00m 01.715s,    000h 03m 13.471s
117,    1700,    195171,    000h 00m 01.700s,    000h 03m 15.171s
118,    1554,    196725,    000h 00m 01.554s,    000h 03m 16.725s
119,    1726,    198451,    000h 00m 01.726s,    000h 03m 18.451s
120,    1614,    200065,    000h 00m 01.614s,    000h 03m 20.065s
121,    1678,    201743,    000h 00m 01.678s,    000h 03m 21.743s
122,    1755,    203498,    000h 00m 01.755s,    000h 03m 23.498s
123,    1686,    205184,    000h 00m 01.686s,    000h 03m 25.184s
124,    1617,    206801,    000h 00m 01.617s,    000h 03m 26.801s
125,    1744,    208545,    000h 00m 01.744s,    000h 03m 28.545s
126,    1548,    210093,    000h 00m 01.548s,    000h 03m 30.093s
127,    1751,    211844,    000h 00m 01.751s,    000h 03m 31.844s
128,    1664,    213508,    000h 00m 01.664s,    000h 03m 33.508s
129,    1682,    215190,    000h 00m 01.682s,    000h 03m 35.190s
130,    1657,    216847,    000h 00m 01.657s,    000h 03m 36.847s
131,    1585,    218432,    000h 00m 01.585s,    000h 03m 38.432s
132,    1748,    220180,    000h 00m 01.748s,    000h 03m 40.180s
133,    1527,    221707,    000h 00m 01.527s,    000h 03m 41.707s
134,    1567,    223274,    000h 00m 01.567s,    000h 03m 43.274s
135,    1659,    224933,    000h 00m 01.659s,    000h 03m 44.933s
136,    1707,    226640,    000h 00m 01.707s,    000h 03m 46.640s
137,    1669,    228309,    000h 00m 01.669s,    000h 03m 48.309s
138,    1751,    230060,    000h 00m 01.751s,    000h 03m 50.060s
139,    1566,    231626,    000h 00m 01.566s,    000h 03m 51.626s
140,    1611,    233237,    000h 00m 01.611s,    000h 03m 53.237s
141,    1741,    234978,    000h 00m 01.741s,    000h 03m 54.978s
142,    1571,    236549,    000h 00m 01.571s,    000h 03m 56.549s
143,    1650,    238199,    000h 00m 01.650s,    000h 03m 58.199s
144,    1667,    239866,    000h 00m 01.667s,    000h 03m 59.866s
145,    1563,    241429,    000h 00m 01.563s,    000h 04m 01.429s
146,    1745,    243174,    000h 00m 01.745s,    000h 04m 03.174s
147,    1641,    244815,    000h 00m 01.641s,    000h 04m 04.815s
148,    1632,    246447,    000h 00m 01.632s,    000h 04m 06.447s
149,    1680,    248127,    000h 00m 01.680s,    000h 04m 08.127s
150,    1671,    249798,    000h 00m 01.671s,    000h 04m 09.798s
151,    1679,    251477,    000h 00m 01.679s,    000h 04m 11.477s
152,    1608,    253085,    000h 00m 01.608s,    000h 04m 13.085s
153,    1681,    254766,    000h 00m 01.681s,    000h 04m 14.766s
154,    1682,    256448,    000h 00m 01.682s,    000h 04m 16.448s
155,    1536,    257984,    000h 00m 01.536s,    000h 04m 17.984s
156,    1618,    259602,    000h 00m 01.618s,    000h 04m 19.602s
157,    1309,    260911,    000h 00m 01.309s,    000h 04m 20.911s
158,    1667,    262578,    000h 00m 01.667s,    000h 04m 22.578s
159,    1709,    264287,    000h 00m 01.709s,    000h 04m 24.287s
160,    1458,    265745,    000h 00m 01.458s,    000h 04m 25.745s
161,    1739,    267484,    000h 00m 01.739s,    000h 04m 27.484s
162,    1567,    269051,    000h 00m 01.567s,    000h 04m 29.051s
163,    1612,    270663,    000h 00m 01.612s,    000h 04m 30.663s
164,    1526,    272189,    000h 00m 01.526s,    000h 04m 32.189s
165,    1550,    273739,    000h 00m 01.550s,    000h 04m 33.739s
166,    1763,    275502,    000h 00m 01.763s,    000h 04m 35.502s
167,    1543,    277045,    000h 00m 01.543s,    000h 04m 37.045s
168,    1615,    278660,    000h 00m 01.615s,    000h 04m 38.660s
169,    1724,    280384,    000h 00m 01.724s,    000h 04m 40.384s
170,    1759,    282143,    000h 00m 01.759s,    000h 04m 42.143s
171,    1732,    283875,    000h 00m 01.732s,    000h 04m 43.875s
172,    1773,    285648,    000h 00m 01.773s,    000h 04m 45.648s
173,    1780,    287428,    000h 00m 01.780s,    000h 04m 47.428s
174,    1679,    289107,    000h 00m 01.679s,    000h 04m 49.107s
175,    1753,    290860,    000h 00m 01.753s,    000h 04m 50.860s
176,    1730,    292590,    000h 00m 01.730s,    000h 04m 52.590s
177,    1779,    294369,    000h 00m 01.779s,    000h 04m 54.369s
178,    1719,    296088,    000h 00m 01.719s,    000h 04m 56.088s
179,    1732,    297820,    000h 00m 01.732s,    000h 04m 57.820s
180,    1577,    299397,    000h 00m 01.577s,    000h 04m 59.397s
181,    1611,    301008,    000h 00m 01.611s,    000h 05m 01.008s
182,    1700,    302708,    000h 00m 01.700s,    000h 05m 02.708s
183,    1661,    304369,    000h 00m 01.661s,    000h 05m 04.369s
184,    1711,    306080,    000h 00m 01.711s,    000h 05m 06.080s
185,    1602,    307682,    000h 00m 01.602s,    000h 05m 07.682s
186,    1712,    309394,    000h 00m 01.712s,    000h 05m 09.394s
187,    1718,    311112,    000h 00m 01.718s,    000h 05m 11.112s
188,    1638,    312750,    000h 00m 01.638s,    000h 05m 12.750s
189,    1686,    314436,    000h 00m 01.686s,    000h 05m 14.436s
190,    1682,    316118,    000h 00m 01.682s,    000h 05m 16.118s
191,    1713,    317831,    000h 00m 01.713s,    000h 05m 17.831s
192,    1722,    319553,    000h 00m 01.722s,    000h 05m 19.553s
193,    1647,    321200,    000h 00m 01.647s,    000h 05m 21.200s
194,    1620,    322820,    000h 00m 01.620s,    000h 05m 22.820s
195,    1405,    324225,    000h 00m 01.405s,    000h 05m 24.225s
196,    1301,    325526,    000h 00m 01.301s,    000h 05m 25.526s
197,    1566,    327092,    000h 00m 01.566s,    000h 05m 27.092s
198,    1362,    328454,    000h 00m 01.362s,    000h 05m 28.454s
199,    1641,    330095,    000h 00m 01.641s,    000h 05m 30.095s
200,    1569,    331664,    000h 00m 01.569s,    000h 05m 31.664s
201,    1430,    333094,    000h 00m 01.430s,    000h 05m 33.094s
202,    1703,    334797,    000h 00m 01.703s,    000h 05m 34.797s
203,    1681,    336478,    000h 00m 01.681s,    000h 05m 36.478s
204,    1720,    338198,    000h 00m 01.720s,    000h 05m 38.198s
205,    1634,    339832,    000h 00m 01.634s,    000h 05m 39.832s
206,    1782,    341614,    000h 00m 01.782s,    000h 05m 41.614s
207,    1723,    343337,    000h 00m 01.723s,    000h 05m 43.337s
208,    1604,    344941,    000h 00m 01.604s,    000h 05m 44.941s
209,    1695,    346636,    000h 00m 01.695s,    000h 05m 46.636s
210,    1763,    348399,    000h 00m 01.763s,    000h 05m 48.399s
211,    1745,    350144,    000h 00m 01.745s,    000h 05m 50.144s
212,    1694,    351838,    000h 00m 01.694s,    000h 05m 51.838s
213,    1736,    353574,    000h 00m 01.736s,    000h 05m 53.574s
214,    1763,    355337,    000h 00m 01.763s,    000h 05m 55.337s
215,    1734,    357071,    000h 00m 01.734s,    000h 05m 57.071s
216,    1632,    358703,    000h 00m 01.632s,    000h 05m 58.703s
217,    1662,    360365,    000h 00m 01.662s,    000h 06m 00.365s
218,    1551,    361916,    000h 00m 01.551s,    000h 06m 01.916s
219,    1574,    363490,    000h 00m 01.574s,    000h 06m 03.490s
220,    1653,    365143,    000h 00m 01.653s,    000h 06m 05.143s
221,    1746,    366889,    000h 00m 01.746s,    000h 06m 06.889s
222,    1601,    368490,    000h 00m 01.601s,    000h 06m 08.490s
223,    1710,    370200,    000h 00m 01.710s,    000h 06m 10.200s
224,    1547,    371747,    000h 00m 01.547s,    000h 06m 11.747s
225,    1696,    373443,    000h 00m 01.696s,    000h 06m 13.443s
226,    1543,    374986,    000h 00m 01.543s,    000h 06m 14.986s
227,    1651,    376637,    000h 00m 01.651s,    000h 06m 16.637s
228,    1618,    378255,    000h 00m 01.618s,    000h 06m 18.255s
229,    1721,    379976,    000h 00m 01.721s,    000h 06m 19.976s
230,    1540,    381516,    000h 00m 01.540s,    000h 06m 21.516s
231,    1608,    383124,    000h 00m 01.608s,    000h 06m 23.124s
232,    1713,    384837,    000h 00m 01.713s,    000h 06m 24.837s
233,    1607,    386444,    000h 00m 01.607s,    000h 06m 26.444s
234,    1621,    388065,    000h 00m 01.621s,    000h 06m 28.065s
235,    1807,    389872,    000h 00m 01.807s,    000h 06m 29.872s
236,    1673,    391545,    000h 00m 01.673s,    000h 06m 31.545s
237,    1719,    393264,    000h 00m 01.719s,    000h 06m 33.264s
238,    1754,    395018,    000h 00m 01.754s,    000h 06m 35.018s
239,    1613,    396631,    000h 00m 01.613s,    000h 06m 36.631s
240,    1796,    398427,    000h 00m 01.796s,    000h 06m 38.427s
241,    1632,    400059,    000h 00m 01.632s,    000h 06m 40.059s
242,    1396,    401455,    000h 00m 01.396s,    000h 06m 41.455s
243,    1630,    403085,    000h 00m 01.630s,    000h 06m 43.085s
244,    1609,    404694,    000h 00m 01.609s,    000h 06m 44.694s
245,    1557,    406251,    000h 00m 01.557s,    000h 06m 46.251s
246,    1668,    407919,    000h 00m 01.668s,    000h 06m 47.919s
247,    1580,    409499,    000h 00m 01.580s,    000h 06m 49.499s
248,    1650,    411149,    000h 00m 01.650s,    000h 06m 51.149s
249,    1727,    412876,    000h 00m 01.727s,    000h 06m 52.876s
250,    1615,    414491,    000h 00m 01.615s,    000h 06m 54.491s
251,    1755,    416246,    000h 00m 01.755s,    000h 06m 56.246s
252,    1585,    417831,    000h 00m 01.585s,    000h 06m 57.831s
253,    1572,    419403,    000h 00m 01.572s,    000h 06m 59.403s
254,    1574,    420977,    000h 00m 01.574s,    000h 07m 00.977s
255,    1615,    422592,    000h 00m 01.615s,    000h 07m 02.592s
256,    1603,    424195,    000h 00m 01.603s,    000h 07m 04.195s
257,    1743,    425938,    000h 00m 01.743s,    000h 07m 05.938s
258,    1601,    427539,    000h 00m 01.601s,    000h 07m 07.539s
259,    1723,    429262,    000h 00m 01.723s,    000h 07m 09.262s
260,    1340,    430602,    000h 00m 01.340s,    000h 07m 10.602s
261,    1732,    432334,    000h 00m 01.732s,    000h 07m 12.334s
262,    1776,    434110,    000h 00m 01.776s,    000h 07m 14.110s
263,    1724,    435834,    000h 00m 01.724s,    000h 07m 15.834s
264,    1700,    437534,    000h 00m 01.700s,    000h 07m 17.534s
265,    1692,    439226,    000h 00m 01.692s,    000h 07m 19.226s
266,    1542,    440768,    000h 00m 01.542s,    000h 07m 20.768s
267,    1699,    442467,    000h 00m 01.699s,    000h 07m 22.467s
268,    1776,    444243,    000h 00m 01.776s,    000h 07m 24.243s
269,    1633,    445876,    000h 00m 01.633s,    000h 07m 25.876s
270,    1649,    447525,    000h 00m 01.649s,    000h 07m 27.525s
271,    1721,    449246,    000h 00m 01.721s,    000h 07m 29.246s
272,    1566,    450812,    000h 00m 01.566s,    000h 07m 30.812s
273,    1580,    452392,    000h 00m 01.580s,    000h 07m 32.392s
274,    1596,    453988,    000h 00m 01.596s,    000h 07m 33.988s
275,    1673,    455661,    000h 00m 01.673s,    000h 07m 35.661s
276,    1735,    457396,    000h 00m 01.735s,    000h 07m 37.396s
277,    1744,    459140,    000h 00m 01.744s,    000h 07m 39.140s
278,    1559,    460699,    000h 00m 01.559s,    000h 07m 40.699s
279,    1706,    462405,    000h 00m 01.706s,    000h 07m 42.405s
280,    1630,    464035,    000h 00m 01.630s,    000h 07m 44.035s
281,    1717,    465752,    000h 00m 01.717s,    000h 07m 45.752s
282,    1734,    467486,    000h 00m 01.734s,    000h 07m 47.486s
283,    1608,    469094,    000h 00m 01.608s,    000h 07m 49.094s
284,    1545,    470639,    000h 00m 01.545s,    000h 07m 50.639s
285,    1724,    472363,    000h 00m 01.724s,    000h 07m 52.363s
286,    1605,    473968,    000h 00m 01.605s,    000h 07m 53.968s
287,    1575,    475543,    000h 00m 01.575s,    000h 07m 55.543s
288,    1720,    477263,    000h 00m 01.720s,    000h 07m 57.263s
289,    1694,    478957,    000h 00m 01.694s,    000h 07m 58.957s
290,    1753,    480710,    000h 00m 01.753s,    000h 08m 00.710s
291,    1591,    482301,    000h 00m 01.591s,    000h 08m 02.301s
292,    1761,    484062,    000h 00m 01.761s,    000h 08m 04.062s
293,    1653,    485715,    000h 00m 01.653s,    000h 08m 05.715s
294,    1646,    487361,    000h 00m 01.646s,    000h 08m 07.361s
295,    1747,    489108,    000h 00m 01.747s,    000h 08m 09.108s
296,    1550,    490658,    000h 00m 01.550s,    000h 08m 10.658s
297,    1736,    492394,    000h 00m 01.736s,    000h 08m 12.394s
298,    1648,    494042,    000h 00m 01.648s,    000h 08m 14.042s
299,    1669,    495711,    000h 00m 01.669s,    000h 08m 15.711s
300,    1664,    497375,    000h 00m 01.664s,    000h 08m 17.375s
301,    1678,    499053,    000h 00m 01.678s,    000h 08m 19.053s
302,    1620,    500673,    000h 00m 01.620s,    000h 08m 20.673s
303,    1724,    502397,    000h 00m 01.724s,    000h 08m 22.397s
304,    1596,    503993,    000h 00m 01.596s,    000h 08m 23.993s
305,    1638,    505631,    000h 00m 01.638s,    000h 08m 25.631s
306,    1781,    507412,    000h 00m 01.781s,    000h 08m 27.412s
307,    1724,    509136,    000h 00m 01.724s,    000h 08m 29.136s
308,    1565,    510701,    000h 00m 01.565s,    000h 08m 30.701s
309,    1591,    512292,    000h 00m 01.591s,    000h 08m 32.292s
310,    1717,    514009,    000h 00m 01.717s,    000h 08m 34.009s
311,    1743,    515752,    000h 00m 01.743s,    000h 08m 35.752s
312,    1665,    517417,    000h 00m 01.665s,    000h 08m 37.417s
313,    1555,    518972,    000h 00m 01.555s,    000h 08m 38.972s
314,    1561,    520533,    000h 00m 01.561s,    000h 08m 40.533s
315,    1609,    522142,    000h 00m 01.609s,    000h 08m 42.142s
316,    1552,    523694,    000h 00m 01.552s,    000h 08m 43.694s
317,    1708,    525402,    000h 00m 01.708s,    000h 08m 45.402s
318,    1725,    527127,    000h 00m 01.725s,    000h 08m 47.127s
319,    1713,    528840,    000h 00m 01.713s,    000h 08m 48.840s
320,    1345,    530185,    000h 00m 01.345s,    000h 08m 50.185s
321,    1788,    531973,    000h 00m 01.788s,    000h 08m 51.973s
322,    1736,    533709,    000h 00m 01.736s,    000h 08m 53.709s
323,    1643,    535352,    000h 00m 01.643s,    000h 08m 55.352s
324,    1592,    536944,    000h 00m 01.592s,    000h 08m 56.944s
325,    1592,    538536,    000h 00m 01.592s,    000h 08m 58.536s
326,    1749,    540285,    000h 00m 01.749s,    000h 09m 00.285s
327,    1730,    542015,    000h 00m 01.730s,    000h 09m 02.015s
328,    1633,    543648,    000h 00m 01.633s,    000h 09m 03.648s
329,    1654,    545302,    000h 00m 01.654s,    000h 09m 05.302s
330,    1740,    547042,    000h 00m 01.740s,    000h 09m 07.042s
331,    1717,    548759,    000h 00m 01.717s,    000h 09m 08.759s
332,    1691,    550450,    000h 00m 01.691s,    000h 09m 10.450s
333,    1713,    552163,    000h 00m 01.713s,    000h 09m 12.163s
334,    1746,    553909,    000h 00m 01.746s,    000h 09m 13.909s
335,    1654,    555563,    000h 00m 01.654s,    000h 09m 15.563s
336,    1792,    557355,    000h 00m 01.792s,    000h 09m 17.355s
337,    1548,    558903,    000h 00m 01.548s,    000h 09m 18.903s
338,    1617,    560520,    000h 00m 01.617s,    000h 09m 20.520s
339,    1572,    562092,    000h 00m 01.572s,    000h 09m 22.092s
340,    1698,    563790,    000h 00m 01.698s,    000h 09m 23.790s
341,    1716,    565506,    000h 00m 01.716s,    000h 09m 25.506s
342,    1748,    567254,    000h 00m 01.748s,    000h 09m 27.254s
343,    1620,    568874,    000h 00m 01.620s,    000h 09m 28.874s
344,    1736,    570610,    000h 00m 01.736s,    000h 09m 30.610s
345,    1663,    572273,    000h 00m 01.663s,    000h 09m 32.273s
346,    1719,    573992,    000h 00m 01.719s,    000h 09m 33.992s
347,    1767,    575759,    000h 00m 01.767s,    000h 09m 35.759s
348,    1750,    577509,    000h 00m 01.750s,    000h 09m 37.509s
349,    1724,    579233,    000h 00m 01.724s,    000h 09m 39.233s
350,    1674,    580907,    000h 00m 01.674s,    000h 09m 40.907s
351,    1596,    582503,    000h 00m 01.596s,    000h 09m 42.503s
352,    1599,    584102,    000h 00m 01.599s,    000h 09m 44.102s
353,    1728,    585830,    000h 00m 01.728s,    000h 09m 45.830s
354,    1719,    587549,    000h 00m 01.719s,    000h 09m 47.549s
355,    1720,    589269,    000h 00m 01.720s,    000h 09m 49.269s
356,    1622,    590891,    000h 00m 01.622s,    000h 09m 50.891s
357,    1673,    592564,    000h 00m 01.673s,    000h 09m 52.564s
358,    1660,    594224,    000h 00m 01.660s,    000h 09m 54.224s
359,    1765,    595989,    000h 00m 01.765s,    000h 09m 55.989s
360,    1595,    597584,    000h 00m 01.595s,    000h 09m 57.584s
361,    1571,    599155,    000h 00m 01.571s,    000h 09m 59.155s
362,    1690,    600845,    000h 00m 01.690s,    000h 10m 00.845s
363,    1768,    602613,    000h 00m 01.768s,    000h 10m 02.613s
364,    1716,    604329,    000h 00m 01.716s,    000h 10m 04.329s
365,    1704,    606033,    000h 00m 01.704s,    000h 10m 06.033s
366,    1703,    607736,    000h 00m 01.703s,    000h 10m 07.736s
367,    1682,    609418,    000h 00m 01.682s,    000h 10m 09.418s
368,    1679,    611097,    000h 00m 01.679s,    000h 10m 11.097s
369,    1564,    612661,    000h 00m 01.564s,    000h 10m 12.661s
370,    1725,    614386,    000h 00m 01.725s,    000h 10m 14.386s
371,    1557,    615943,    000h 00m 01.557s,    000h 10m 15.943s
372,    1624,    617567,    000h 00m 01.624s,    000h 10m 17.567s
373,    1552,    619119,    000h 00m 01.552s,    000h 10m 19.119s
374,    1588,    620707,    000h 00m 01.588s,    000h 10m 20.707s
375,    1563,    622270,    000h 00m 01.563s,    000h 10m 22.270s
376,    1790,    624060,    000h 00m 01.790s,    000h 10m 24.060s
377,    1582,    625642,    000h 00m 01.582s,    000h 10m 25.642s
378,    1740,    627382,    000h 00m 01.740s,    000h 10m 27.382s
379,    1747,    629129,    000h 00m 01.747s,    000h 10m 29.129s
380,    1727,    630856,    000h 00m 01.727s,    000h 10m 30.856s
381,    1581,    632437,    000h 00m 01.581s,    000h 10m 32.437s
382,    1782,    634219,    000h 00m 01.782s,    000h 10m 34.219s
383,    1557,    635776,    000h 00m 01.557s,    000h 10m 35.776s
384,    1631,    637407,    000h 00m 01.631s,    000h 10m 37.407s
385,    1589,    638996,    000h 00m 01.589s,    000h 10m 38.996s
386,    1730,    640726,    000h 00m 01.730s,    000h 10m 40.726s
387,    1605,    642331,    000h 00m 01.605s,    000h 10m 42.331s
388,    1746,    644077,    000h 00m 01.746s,    000h 10m 44.077s
389,    1575,    645652,    000h 00m 01.575s,    000h 10m 45.652s
390,    1624,    647276,    000h 00m 01.624s,    000h 10m 47.276s
391,    1547,    648823,    000h 00m 01.547s,    000h 10m 48.823s
392,    1581,    650404,    000h 00m 01.581s,    000h 10m 50.404s
393,    1747,    652151,    000h 00m 01.747s,    000h 10m 52.151s
394,    1730,    653881,    000h 00m 01.730s,    000h 10m 53.881s
395,    1687,    655568,    000h 00m 01.687s,    000h 10m 55.568s
396,    1748,    657316,    000h 00m 01.748s,    000h 10m 57.316s
397,    1665,    658981,    000h 00m 01.665s,    000h 10m 58.981s
398,    1744,    660725,    000h 00m 01.744s,    000h 11m 00.725s
399,    1687,    662412,    000h 00m 01.687s,    000h 11m 02.412s
400,    1595,    664007,    000h 00m 01.595s,    000h 11m 04.007s
401,    1759,    665766,    000h 00m 01.759s,    000h 11m 05.766s
402,    1746,    667512,    000h 00m 01.746s,    000h 11m 07.512s
403,    1697,    669209,    000h 00m 01.697s,    000h 11m 09.209s
404,    1740,    670949,    000h 00m 01.740s,    000h 11m 10.949s
405,    1716,    672665,    000h 00m 01.716s,    000h 11m 12.665s
406,    1742,    674407,    000h 00m 01.742s,    000h 11m 14.407s
407,    1772,    676179,    000h 00m 01.772s,    000h 11m 16.179s
408,    1558,    677737,    000h 00m 01.558s,    000h 11m 17.737s
409,    1671,    679408,    000h 00m 01.671s,    000h 11m 19.408s
410,    1572,    680980,    000h 00m 01.572s,    000h 11m 20.980s
411,    1755,    682735,    000h 00m 01.755s,    000h 11m 22.735s
412,    1720,    684455,    000h 00m 01.720s,    000h 11m 24.455s
413,    1744,    686199,    000h 00m 01.744s,    000h 11m 26.199s
414,    1597,    687796,    000h 00m 01.597s,    000h 11m 27.796s
415,    1736,    689532,    000h 00m 01.736s,    000h 11m 29.532s
416,    1737,    691269,    000h 00m 01.737s,    000h 11m 31.269s
417,    1611,    692880,    000h 00m 01.611s,    000h 11m 32.880s
418,    1591,    694471,    000h 00m 01.591s,    000h 11m 34.471s
419,    1603,    696074,    000h 00m 01.603s,    000h 11m 36.074s
420,    1680,    697754,    000h 00m 01.680s,    000h 11m 37.754s
421,    1761,    699515,    000h 00m 01.761s,    000h 11m 39.515s
422,    1614,    701129,    000h 00m 01.614s,    000h 11m 41.129s
423,    1646,    702775,    000h 00m 01.646s,    000h 11m 42.775s
424,    1388,    704163,    000h 00m 01.388s,    000h 11m 44.163s
425,    1694,    705857,    000h 00m 01.694s,    000h 11m 45.857s
426,    1755,    707612,    000h 00m 01.755s,    000h 11m 47.612s
427,    1649,    709261,    000h 00m 01.649s,    000h 11m 49.261s
428,    1725,    710986,    000h 00m 01.725s,    000h 11m 50.986s
429,    1595,    712581,    000h 00m 01.595s,    000h 11m 52.581s
430,    1541,    714122,    000h 00m 01.541s,    000h 11m 54.122s
431,    1634,    715756,    000h 00m 01.634s,    000h 11m 55.756s
432,    1683,    717439,    000h 00m 01.683s,    000h 11m 57.439s
433,    1730,    719169,    000h 00m 01.730s,    000h 11m 59.169s
434,    1531,    720700,    000h 00m 01.531s,    000h 12m 00.700s
435,    1745,    722445,    000h 00m 01.745s,    000h 12m 02.445s
436,    1743,    724188,    000h 00m 01.743s,    000h 12m 04.188s
437,    1801,    725989,    000h 00m 01.801s,    000h 12m 05.989s
438,    1696,    727685,    000h 00m 01.696s,    000h 12m 07.685s
439,    1651,    729336,    000h 00m 01.651s,    000h 12m 09.336s
440,    1650,    730986,    000h 00m 01.650s,    000h 12m 10.986s
441,    1594,    732580,    000h 00m 01.594s,    000h 12m 12.580s
442,    1709,    734289,    000h 00m 01.709s,    000h 12m 14.289s
443,    1560,    735849,    000h 00m 01.560s,    000h 12m 15.849s
444,    1744,    737593,    000h 00m 01.744s,    000h 12m 17.593s
445,    1723,    739316,    000h 00m 01.723s,    000h 12m 19.316s
446,    1797,    741113,    000h 00m 01.797s,    000h 12m 21.113s
447,    1570,    742683,    000h 00m 01.570s,    000h 12m 22.683s
448,    1724,    744407,    000h 00m 01.724s,    000h 12m 24.407s
449,    1693,    746100,    000h 00m 01.693s,    000h 12m 26.100s
450,    1581,    747681,    000h 00m 01.581s,    000h 12m 27.681s
451,    1710,    749391,    000h 00m 01.710s,    000h 12m 29.391s
452,    1792,    751183,    000h 00m 01.792s,    000h 12m 31.183s
453,    1711,    752894,    000h 00m 01.711s,    000h 12m 32.894s
454,    1754,    754648,    000h 00m 01.754s,    000h 12m 34.648s
455,    1583,    756231,    000h 00m 01.583s,    000h 12m 36.231s
456,    1678,    757909,    000h 00m 01.678s,    000h 12m 37.909s
457,    1722,    759631,    000h 00m 01.722s,    000h 12m 39.631s
458,    1618,    761249,    000h 00m 01.618s,    000h 12m 41.249s
459,    1555,    762804,    000h 00m 01.555s,    000h 12m 42.804s
460,    1580,    764384,    000h 00m 01.580s,    000h 12m 44.384s
461,    1578,    765962,    000h 00m 01.578s,    000h 12m 45.962s
462,    1675,    767637,    000h 00m 01.675s,    000h 12m 47.637s
463,    1629,    769266,    000h 00m 01.629s,    000h 12m 49.266s
464,    1554,    770820,    000h 00m 01.554s,    000h 12m 50.820s
465,    1684,    772504,    000h 00m 01.684s,    000h 12m 52.504s
466,    1600,    774104,    000h 00m 01.600s,    000h 12m 54.104s
467,    1752,    775856,    000h 00m 01.752s,    000h 12m 55.856s
468,    1771,    777627,    000h 00m 01.771s,    000h 12m 57.627s
469,    1549,    779176,    000h 00m 01.549s,    000h 12m 59.176s
470,    1553,    780729,    000h 00m 01.553s,    000h 13m 00.729s
471,    1610,    782339,    000h 00m 01.610s,    000h 13m 02.339s
472,    1750,    784089,    000h 00m 01.750s,    000h 13m 04.089s
473,    1564,    785653,    000h 00m 01.564s,    000h 13m 05.653s
474,    1553,    787206,    000h 00m 01.553s,    000h 13m 07.206s
475,    1749,    788955,    000h 00m 01.749s,    000h 13m 08.955s
476,    1729,    790684,    000h 00m 01.729s,    000h 13m 10.684s
477,    1585,    792269,    000h 00m 01.585s,    000h 13m 12.269s
478,    1735,    794004,    000h 00m 01.735s,    000h 13m 14.004s
479,    1690,    795694,    000h 00m 01.690s,    000h 13m 15.694s
480,    1734,    797428,    000h 00m 01.734s,    000h 13m 17.428s
481,    1625,    799053,    000h 00m 01.625s,    000h 13m 19.053s
482,    1442,    800495,    000h 00m 01.442s,    000h 13m 20.495s
483,    1680,    802175,    000h 00m 01.680s,    000h 13m 22.175s
484,    1688,    803863,    000h 00m 01.688s,    000h 13m 23.863s
485,    1735,    805598,    000h 00m 01.735s,    000h 13m 25.598s
486,    1741,    807339,    000h 00m 01.741s,    000h 13m 27.339s
487,    1726,    809065,    000h 00m 01.726s,    000h 13m 29.065s
488,    1624,    810689,    000h 00m 01.624s,    000h 13m 30.689s
489,    1688,    812377,    000h 00m 01.688s,    000h 13m 32.377s
490,    1584,    813961,    000h 00m 01.584s,    000h 13m 33.961s
491,    1623,    815584,    000h 00m 01.623s,    000h 13m 35.584s
492,    1742,    817326,    000h 00m 01.742s,    000h 13m 37.326s
493,    1495,    818821,    000h 00m 01.495s,    000h 13m 38.821s
494,    1558,    820379,    000h 00m 01.558s,    000h 13m 40.379s
495,    1800,    822179,    000h 00m 01.800s,    000h 13m 42.179s
496,    1697,    823876,    000h 00m 01.697s,    000h 13m 43.876s
497,    1706,    825582,    000h 00m 01.706s,    000h 13m 45.582s
498,    1745,    827327,    000h 00m 01.745s,    000h 13m 47.327s
499,    1661,    828988,    000h 00m 01.661s,    000h 13m 48.988s
500,    1527,    830515,    000h 00m 01.527s,    000h 13m 50.515s
501,    1547,    832062,    000h 00m 01.547s,    000h 13m 52.062s
502,    1726,    833788,    000h 00m 01.726s,    000h 13m 53.788s
503,    1684,    835472,    000h 00m 01.684s,    000h 13m 55.472s
504,    1697,    837169,    000h 00m 01.697s,    000h 13m 57.169s
505,    1724,    838893,    000h 00m 01.724s,    000h 13m 58.893s
506,    1385,    840278,    000h 00m 01.385s,    000h 14m 00.278s
507,    1681,    841959,    000h 00m 01.681s,    000h 14m 01.959s
508,    1403,    843362,    000h 00m 01.403s,    000h 14m 03.362s
509,    1592,    844954,    000h 00m 01.592s,    000h 14m 04.954s
510,    1627,    846581,    000h 00m 01.627s,    000h 14m 06.581s
511,    1544,    848125,    000h 00m 01.544s,    000h 14m 08.125s
512,    1735,    849860,    000h 00m 01.735s,    000h 14m 09.860s
513,    1638,    851498,    000h 00m 01.638s,    000h 14m 11.498s
514,    1686,    853184,    000h 00m 01.686s,    000h 14m 13.184s
515,    1565,    854749,    000h 00m 01.565s,    000h 14m 14.749s
516,    1521,    856270,    000h 00m 01.521s,    000h 14m 16.270s
517,    1695,    857965,    000h 00m 01.695s,    000h 14m 17.965s
518,    1755,    859720,    000h 00m 01.755s,    000h 14m 19.720s
519,    1737,    861457,    000h 00m 01.737s,    000h 14m 21.457s
520,    1725,    863182,    000h 00m 01.725s,    000h 14m 23.182s
521,    1580,    864762,    000h 00m 01.580s,    000h 14m 24.762s
522,    1580,    866342,    000h 00m 01.580s,    000h 14m 26.342s
523,    1741,    868083,    000h 00m 01.741s,    000h 14m 28.083s
524,    1623,    869706,    000h 00m 01.623s,    000h 14m 29.706s
525,    1681,    871387,    000h 00m 01.681s,    000h 14m 31.387s
526,    1759,    873146,    000h 00m 01.759s,    000h 14m 33.146s
527,    1700,    874846,    000h 00m 01.700s,    000h 14m 34.846s
528,    1623,    876469,    000h 00m 01.623s,    000h 14m 36.469s
529,    1329,    877798,    000h 00m 01.329s,    000h 14m 37.798s
530,    1697,    879495,    000h 00m 01.697s,    000h 14m 39.495s
531,    1706,    881201,    000h 00m 01.706s,    000h 14m 41.201s
532,    1722,    882923,    000h 00m 01.722s,    000h 14m 42.923s
533,    1584,    884507,    000h 00m 01.584s,    000h 14m 44.507s
534,    1720,    886227,    000h 00m 01.720s,    000h 14m 46.227s
535,    1755,    887982,    000h 00m 01.755s,    000h 14m 47.982s
536,    1703,    889685,    000h 00m 01.703s,    000h 14m 49.685s
537,    1609,    891294,    000h 00m 01.609s,    000h 14m 51.294s
538,    1643,    892937,    000h 00m 01.643s,    000h 14m 52.937s
539,    1579,    894516,    000h 00m 01.579s,    000h 14m 54.516s
540,    1523,    896039,    000h 00m 01.523s,    000h 14m 56.039s
541,    1587,    897626,    000h 00m 01.587s,    000h 14m 57.626s
542,    1669,    899295,    000h 00m 01.669s,    000h 14m 59.295s
543,    1765,    901060,    000h 00m 01.765s,    000h 15m 01.060s
544,    1340,    902400,    000h 00m 01.340s,    000h 15m 02.400s
545,    1737,    904137,    000h 00m 01.737s,    000h 15m 04.137s
546,    1694,    905831,    000h 00m 01.694s,    000h 15m 05.831s
547,    1692,    907523,    000h 00m 01.692s,    000h 15m 07.523s
548,    1530,    909053,    000h 00m 01.530s,    000h 15m 09.053s
549,    1716,    910769,    000h 00m 01.716s,    000h 15m 10.769s
550,    1700,    912469,    000h 00m 01.700s,    000h 15m 12.469s
551,    1685,    914154,    000h 00m 01.685s,    000h 15m 14.154s
552,    1714,    915868,    000h 00m 01.714s,    000h 15m 15.868s
553,    1717,    917585,    000h 00m 01.717s,    000h 15m 17.585s
554,    1837,    919422,    000h 00m 01.837s,    000h 15m 19.422s
555,    1755,    921177,    000h 00m 01.755s,    000h 15m 21.177s
556,    1569,    922746,    000h 00m 01.569s,    000h 15m 22.746s
557,    1473,    924219,    000h 00m 01.473s,    000h 15m 24.219s
558,    1721,    925940,    000h 00m 01.721s,    000h 15m 25.940s
559,    1354,    927294,    000h 00m 01.354s,    000h 15m 27.294s
560,    1591,    928885,    000h 00m 01.591s,    000h 15m 28.885s
561,    1611,    930496,    000h 00m 01.611s,    000h 15m 30.496s
562,    1564,    932060,    000h 00m 01.564s,    000h 15m 32.060s
563,    1458,    933518,    000h 00m 01.458s,    000h 15m 33.518s
564,    1673,    935191,    000h 00m 01.673s,    000h 15m 35.191s
565,    1528,    936719,    000h 00m 01.528s,    000h 15m 36.719s
566,    1669,    938388,    000h 00m 01.669s,    000h 15m 38.388s
567,    1764,    940152,    000h 00m 01.764s,    000h 15m 40.152s
568,    1703,    941855,    000h 00m 01.703s,    000h 15m 41.855s
569,    1726,    943581,    000h 00m 01.726s,    000h 15m 43.581s
570,    1654,    945235,    000h 00m 01.654s,    000h 15m 45.235s
571,    1577,    946812,    000h 00m 01.577s,    000h 15m 46.812s
572,    1733,    948545,    000h 00m 01.733s,    000h 15m 48.545s
573,    1672,    950217,    000h 00m 01.672s,    000h 15m 50.217s
574,    1748,    951965,    000h 00m 01.748s,    000h 15m 51.965s
575,    1621,    953586,    000h 00m 01.621s,    000h 15m 53.586s
576,    1724,    955310,    000h 00m 01.724s,    000h 15m 55.310s
577,    1534,    956844,    000h 00m 01.534s,    000h 15m 56.844s
578,    1633,    958477,    000h 00m 01.633s,    000h 15m 58.477s
579,    1737,    960214,    000h 00m 01.737s,    000h 16m 00.214s
580,    1756,    961970,    000h 00m 01.756s,    000h 16m 01.970s
581,    1577,    963547,    000h 00m 01.577s,    000h 16m 03.547s
582,    1558,    965105,    000h 00m 01.558s,    000h 16m 05.105s
583,    1667,    966772,    000h 00m 01.667s,    000h 16m 06.772s
584,    1605,    968377,    000h 00m 01.605s,    000h 16m 08.377s
585,    1633,    970010,    000h 00m 01.633s,    000h 16m 10.010s
586,    1720,    971730,    000h 00m 01.720s,    000h 16m 11.730s
587,    1536,    973266,    000h 00m 01.536s,    000h 16m 13.266s
588,    1562,    974828,    000h 00m 01.562s,    000h 16m 14.828s
589,    1602,    976430,    000h 00m 01.602s,    000h 16m 16.430s
590,    1746,    978176,    000h 00m 01.746s,    000h 16m 18.176s
591,    1350,    979526,    000h 00m 01.350s,    000h 16m 19.526s
592,    1718,    981244,    000h 00m 01.718s,    000h 16m 21.244s
593,    1583,    982827,    000h 00m 01.583s,    000h 16m 22.827s
594,    1711,    984538,    000h 00m 01.711s,    000h 16m 24.538s
595,    1576,    986114,    000h 00m 01.576s,    000h 16m 26.114s
596,    1739,    987853,    000h 00m 01.739s,    000h 16m 27.853s
597,    1636,    989489,    000h 00m 01.636s,    000h 16m 29.489s
598,    1610,    991099,    000h 00m 01.610s,    000h 16m 31.099s
599,    1745,    992844,    000h 00m 01.745s,    000h 16m 32.844s
600,    1640,    994484,    000h 00m 01.640s,    000h 16m 34.484s
601,    1764,    996248,    000h 00m 01.764s,    000h 16m 36.248s
602,    1751,    997999,    000h 00m 01.751s,    000h 16m 37.999s
603,    1645,    999644,    000h 00m 01.645s,    000h 16m 39.644s
604,    1653,    1001297,    000h 00m 01.653s,    000h 16m 41.297s
605,    1626,    1002923,    000h 00m 01.626s,    000h 16m 42.923s
606,    1570,    1004493,    000h 00m 01.570s,    000h 16m 44.493s
607,    1712,    1006205,    000h 00m 01.712s,    000h 16m 46.205s
608,    1632,    1007837,    000h 00m 01.632s,    000h 16m 47.837s
609,    1756,    1009593,    000h 00m 01.756s,    000h 16m 49.593s
610,    1592,    1011185,    000h 00m 01.592s,    000h 16m 51.185s
611,    1560,    1012745,    000h 00m 01.560s,    000h 16m 52.745s
612,    1553,    1014298,    000h 00m 01.553s,    000h 16m 54.298s
613,    1739,    1016037,    000h 00m 01.739s,    000h 16m 56.037s
614,    1635,    1017672,    000h 00m 01.635s,    000h 16m 57.672s
615,    1313,    1018985,    000h 00m 01.313s,    000h 16m 58.985s
616,    1731,    1020716,    000h 00m 01.731s,    000h 17m 00.716s
617,    1688,    1022404,    000h 00m 01.688s,    000h 17m 02.404s
618,    1728,    1024132,    000h 00m 01.728s,    000h 17m 04.132s
619,    1628,    1025760,    000h 00m 01.628s,    000h 17m 05.760s
620,    1748,    1027508,    000h 00m 01.748s,    000h 17m 07.508s
621,    1738,    1029246,    000h 00m 01.738s,    000h 17m 09.246s
622,    1672,    1030918,    000h 00m 01.672s,    000h 17m 10.918s
623,    1718,    1032636,    000h 00m 01.718s,    000h 17m 12.636s
624,    1537,    1034173,    000h 00m 01.537s,    000h 17m 14.173s
625,    1565,    1035738,    000h 00m 01.565s,    000h 17m 15.738s
626,    1645,    1037383,    000h 00m 01.645s,    000h 17m 17.383s
627,    1728,    1039111,    000h 00m 01.728s,    000h 17m 19.111s
628,    1585,    1040696,    000h 00m 01.585s,    000h 17m 20.696s
629,    1679,    1042375,    000h 00m 01.679s,    000h 17m 22.375s
630,    1573,    1043948,    000h 00m 01.573s,    000h 17m 23.948s
631,    1582,    1045530,    000h 00m 01.582s,    000h 17m 25.530s
632,    1443,    1046973,    000h 00m 01.443s,    000h 17m 26.973s
633,    1761,    1048734,    000h 00m 01.761s,    000h 17m 28.734s
634,    1679,    1050413,    000h 00m 01.679s,    000h 17m 30.413s
635,    1740,    1052153,    000h 00m 01.740s,    000h 17m 32.153s
636,    1732,    1053885,    000h 00m 01.732s,    000h 17m 33.885s
637,    1631,    1055516,    000h 00m 01.631s,    000h 17m 35.516s
638,    1641,    1057157,    000h 00m 01.641s,    000h 17m 37.157s
639,    1760,    1058917,    000h 00m 01.760s,    000h 17m 38.917s
640,    1698,    1060615,    000h 00m 01.698s,    000h 17m 40.615s
641,    1737,    1062352,    000h 00m 01.737s,    000h 17m 42.352s
642,    1573,    1063925,    000h 00m 01.573s,    000h 17m 43.925s
643,    1673,    1065598,    000h 00m 01.673s,    000h 17m 45.598s
644,    1568,    1067166,    000h 00m 01.568s,    000h 17m 47.166s
645,    1668,    1068834,    000h 00m 01.668s,    000h 17m 48.834s
646,    1663,    1070497,    000h 00m 01.663s,    000h 17m 50.497s
647,    1751,    1072248,    000h 00m 01.751s,    000h 17m 52.248s
648,    1740,    1073988,    000h 00m 01.740s,    000h 17m 53.988s
649,    1603,    1075591,    000h 00m 01.603s,    000h 17m 55.591s
650,    1562,    1077153,    000h 00m 01.562s,    000h 17m 57.153s
651,    1757,    1078910,    000h 00m 01.757s,    000h 17m 58.910s
652,    1664,    1080574,    000h 00m 01.664s,    000h 18m 00.574s
653,    1607,    1082181,    000h 00m 01.607s,    000h 18m 02.181s
654,    1769,    1083950,    000h 00m 01.769s,    000h 18m 03.950s
655,    1762,    1085712,    000h 00m 01.762s,    000h 18m 05.712s
656,    1612,    1087324,    000h 00m 01.612s,    000h 18m 07.324s
657,    1679,    1089003,    000h 00m 01.679s,    000h 18m 09.003s
658,    1703,    1090706,    000h 00m 01.703s,    000h 18m 10.706s
659,    1728,    1092434,    000h 00m 01.728s,    000h 18m 12.434s
660,    1768,    1094202,    000h 00m 01.768s,    000h 18m 14.202s
661,    1727,    1095929,    000h 00m 01.727s,    000h 18m 15.929s
662,    1770,    1097699,    000h 00m 01.770s,    000h 18m 17.699s
663,    1680,    1099379,    000h 00m 01.680s,    000h 18m 19.379s
664,    1664,    1101043,    000h 00m 01.664s,    000h 18m 21.043s
665,    1661,    1102704,    000h 00m 01.661s,    000h 18m 22.704s
666,    1632,    1104336,    000h 00m 01.632s,    000h 18m 24.336s
667,    1619,    1105955,    000h 00m 01.619s,    000h 18m 25.955s
668,    1598,    1107553,    000h 00m 01.598s,    000h 18m 27.553s
669,    1622,    1109175,    000h 00m 01.622s,    000h 18m 29.175s
670,    1669,    1110844,    000h 00m 01.669s,    000h 18m 30.844s
671,    1622,    1112466,    000h 00m 01.622s,    000h 18m 32.466s
672,    1731,    1114197,    000h 00m 01.731s,    000h 18m 34.197s
673,    1725,    1115922,    000h 00m 01.725s,    000h 18m 35.922s
674,    1626,    1117548,    000h 00m 01.626s,    000h 18m 37.548s
675,    1616,    1119164,    000h 00m 01.616s,    000h 18m 39.164s
676,    1548,    1120712,    000h 00m 01.548s,    000h 18m 40.712s
677,    1555,    1122267,    000h 00m 01.555s,    000h 18m 42.267s
678,    1751,    1124018,    000h 00m 01.751s,    000h 18m 44.018s
679,    1594,    1125612,    000h 00m 01.594s,    000h 18m 45.612s
680,    1588,    1127200,    000h 00m 01.588s,    000h 18m 47.200s
681,    1721,    1128921,    000h 00m 01.721s,    000h 18m 48.921s
682,    1599,    1130520,    000h 00m 01.599s,    000h 18m 50.520s
683,    1698,    1132218,    000h 00m 01.698s,    000h 18m 52.218s
684,    1637,    1133855,    000h 00m 01.637s,    000h 18m 53.855s
685,    1727,    1135582,    000h 00m 01.727s,    000h 18m 55.582s
686,    1594,    1137176,    000h 00m 01.594s,    000h 18m 57.176s
687,    1568,    1138744,    000h 00m 01.568s,    000h 18m 58.744s
688,    1559,    1140303,    000h 00m 01.559s,    000h 19m 00.303s
689,    1672,    1141975,    000h 00m 01.672s,    000h 19m 01.975s
690,    1757,    1143732,    000h 00m 01.757s,    000h 19m 03.732s
691,    1654,    1145386,    000h 00m 01.654s,    000h 19m 05.386s
692,    1558,    1146944,    000h 00m 01.558s,    000h 19m 06.944s
693,    1546,    1148490,    000h 00m 01.546s,    000h 19m 08.490s
694,    1728,    1150218,    000h 00m 01.728s,    000h 19m 10.218s
695,    1729,    1151947,    000h 00m 01.729s,    000h 19m 11.947s
696,    1561,    1153508,    000h 00m 01.561s,    000h 19m 13.508s
697,    1546,    1155054,    000h 00m 01.546s,    000h 19m 15.054s
698,    1738,    1156792,    000h 00m 01.738s,    000h 19m 16.792s
699,    1634,    1158426,    000h 00m 01.634s,    000h 19m 18.426s
700,    1692,    1160118,    000h 00m 01.692s,    000h 19m 20.118s
701,    1558,    1161676,    000h 00m 01.558s,    000h 19m 21.676s
702,    1719,    1163395,    000h 00m 01.719s,    000h 19m 23.395s
703,    1543,    1164938,    000h 00m 01.543s,    000h 19m 24.938s
704,    1715,    1166653,    000h 00m 01.715s,    000h 19m 26.653s
705,    1559,    1168212,    000h 00m 01.559s,    000h 19m 28.212s
706,    1742,    1169954,    000h 00m 01.742s,    000h 19m 29.954s
707,    1576,    1171530,    000h 00m 01.576s,    000h 19m 31.530s
708,    1599,    1173129,    000h 00m 01.599s,    000h 19m 33.129s
709,    1600,    1174729,    000h 00m 01.600s,    000h 19m 34.729s
710,    1749,    1176478,    000h 00m 01.749s,    000h 19m 36.478s
711,    1741,    1178219,    000h 00m 01.741s,    000h 19m 38.219s
712,    1559,    1179778,    000h 00m 01.559s,    000h 19m 39.778s
713,    1665,    1181443,    000h 00m 01.665s,    000h 19m 41.443s
714,    1596,    1183039,    000h 00m 01.596s,    000h 19m 43.039s
715,    1729,    1184768,    000h 00m 01.729s,    000h 19m 44.768s
716,    1785,    1186553,    000h 00m 01.785s,    000h 19m 46.553s
717,    1742,    1188295,    000h 00m 01.742s,    000h 19m 48.295s
718,    1773,    1190068,    000h 00m 01.773s,    000h 19m 50.068s
719,    1602,    1191670,    000h 00m 01.602s,    000h 19m 51.670s
720,    1714,    1193384,    000h 00m 01.714s,    000h 19m 53.384s
721,    1625,    1195009,    000h 00m 01.625s,    000h 19m 55.009s
722,    1659,    1196668,    000h 00m 01.659s,    000h 19m 56.668s
723,    1742,    1198410,    000h 00m 01.742s,    000h 19m 58.410s
724,    1558,    1199968,    000h 00m 01.558s,    000h 19m 59.968s
725,    1504,    1201472,    000h 00m 01.504s,    000h 20m 01.472s
726,    1343,    1202815,    000h 00m 01.343s,    000h 20m 02.815s
727,    1576,    1204391,    000h 00m 01.576s,    000h 20m 04.391s
728,    1815,    1206206,    000h 00m 01.815s,    000h 20m 06.206s
729,    1607,    1207813,    000h 00m 01.607s,    000h 20m 07.813s
730,    1616,    1209429,    000h 00m 01.616s,    000h 20m 09.429s
731,    1726,    1211155,    000h 00m 01.726s,    000h 20m 11.155s
732,    1718,    1212873,    000h 00m 01.718s,    000h 20m 12.873s
733,    1713,    1214586,    000h 00m 01.713s,    000h 20m 14.586s
734,    1726,    1216312,    000h 00m 01.726s,    000h 20m 16.312s
735,    1589,    1217901,    000h 00m 01.589s,    000h 20m 17.901s
736,    1686,    1219587,    000h 00m 01.686s,    000h 20m 19.587s
737,    1579,    1221166,    000h 00m 01.579s,    000h 20m 21.166s
738,    1689,    1222855,    000h 00m 01.689s,    000h 20m 22.855s
739,    1646,    1224501,    000h 00m 01.646s,    000h 20m 24.501s
740,    1751,    1226252,    000h 00m 01.751s,    000h 20m 26.252s
741,    1641,    1227893,    000h 00m 01.641s,    000h 20m 27.893s
742,    1570,    1229463,    000h 00m 01.570s,    000h 20m 29.463s
743,    1736,    1231199,    000h 00m 01.736s,    000h 20m 31.199s
744,    1754,    1232953,    000h 00m 01.754s,    000h 20m 32.953s
745,    1586,    1234539,    000h 00m 01.586s,    000h 20m 34.539s
746,    1700,    1236239,    000h 00m 01.700s,    000h 20m 36.239s
747,    1581,    1237820,    000h 00m 01.581s,    000h 20m 37.820s
748,    1788,    1239608,    000h 00m 01.788s,    000h 20m 39.608s
749,    1747,    1241355,    000h 00m 01.747s,    000h 20m 41.355s
750,    1626,    1242981,    000h 00m 01.626s,    000h 20m 42.981s
751,    1661,    1244642,    000h 00m 01.661s,    000h 20m 44.642s
752,    1648,    1246290,    000h 00m 01.648s,    000h 20m 46.290s
753,    1744,    1248034,    000h 00m 01.744s,    000h 20m 48.034s
754,    1692,    1249726,    000h 00m 01.692s,    000h 20m 49.726s
755,    1652,    1251378,    000h 00m 01.652s,    000h 20m 51.378s
756,    1708,    1253086,    000h 00m 01.708s,    000h 20m 53.086s
757,    1536,    1254622,    000h 00m 01.536s,    000h 20m 54.622s
758,    1565,    1256187,    000h 00m 01.565s,    000h 20m 56.187s
759,    1688,    1257875,    000h 00m 01.688s,    000h 20m 57.875s
760,    1546,    1259421,    000h 00m 01.546s,    000h 20m 59.421s
761,    1741,    1261162,    000h 00m 01.741s,    000h 21m 01.162s
762,    1605,    1262767,    000h 00m 01.605s,    000h 21m 02.767s
763,    1592,    1264359,    000h 00m 01.592s,    000h 21m 04.359s
764,    1769,    1266128,    000h 00m 01.769s,    000h 21m 06.128s
765,    1666,    1267794,    000h 00m 01.666s,    000h 21m 07.794s
766,    1670,    1269464,    000h 00m 01.670s,    000h 21m 09.464s
767,    1759,    1271223,    000h 00m 01.759s,    000h 21m 11.223s
768,    1705,    1272928,    000h 00m 01.705s,    000h 21m 12.928s
769,    1650,    1274578,    000h 00m 01.650s,    000h 21m 14.578s
770,    1745,    1276323,    000h 00m 01.745s,    000h 21m 16.323s
771,    1579,    1277902,    000h 00m 01.579s,    000h 21m 17.902s
772,    1695,    1279597,    000h 00m 01.695s,    000h 21m 19.597s
773,    1750,    1281347,    000h 00m 01.750s,    000h 21m 21.347s
774,    1700,    1283047,    000h 00m 01.700s,    000h 21m 23.047s
775,    1707,    1284754,    000h 00m 01.707s,    000h 21m 24.754s
776,    1748,    1286502,    000h 00m 01.748s,    000h 21m 26.502s
777,    1665,    1288167,    000h 00m 01.665s,    000h 21m 28.167s
778,    1586,    1289753,    000h 00m 01.586s,    000h 21m 29.753s
779,    1628,    1291381,    000h 00m 01.628s,    000h 21m 31.381s
780,    1705,    1293086,    000h 00m 01.705s,    000h 21m 33.086s
781,    1592,    1294678,    000h 00m 01.592s,    000h 21m 34.678s
782,    1679,    1296357,    000h 00m 01.679s,    000h 21m 36.357s
783,    1762,    1298119,    000h 00m 01.762s,    000h 21m 38.119s
784,    1748,    1299867,    000h 00m 01.748s,    000h 21m 39.867s
785,    1615,    1301482,    000h 00m 01.615s,    000h 21m 41.482s
786,    1622,    1303104,    000h 00m 01.622s,    000h 21m 43.104s
787,    1647,    1304751,    000h 00m 01.647s,    000h 21m 44.751s
788,    1596,    1306347,    000h 00m 01.596s,    000h 21m 46.347s
789,    1754,    1308101,    000h 00m 01.754s,    000h 21m 48.101s
790,    1377,    1309478,    000h 00m 01.377s,    000h 21m 49.478s
791,    1748,    1311226,    000h 00m 01.748s,    000h 21m 51.226s
792,    1718,    1312944,    000h 00m 01.718s,    000h 21m 52.944s
793,    1657,    1314601,    000h 00m 01.657s,    000h 21m 54.601s
794,    1685,    1316286,    000h 00m 01.685s,    000h 21m 56.286s
795,    1737,    1318023,    000h 00m 01.737s,    000h 21m 58.023s
796,    1614,    1319637,    000h 00m 01.614s,    000h 21m 59.637s
797,    1711,    1321348,    000h 00m 01.711s,    000h 22m 01.348s
798,    1654,    1323002,    000h 00m 01.654s,    000h 22m 03.002s
799,    1334,    1324336,    000h 00m 01.334s,    000h 22m 04.336s
800,    1628,    1325964,    000h 00m 01.628s,    000h 22m 05.964s
801,    1697,    1327661,    000h 00m 01.697s,    000h 22m 07.661s
802,    1460,    1329121,    000h 00m 01.460s,    000h 22m 09.121s
803,    1745,    1330866,    000h 00m 01.745s,    000h 22m 10.866s
804,    1625,    1332491,    000h 00m 01.625s,    000h 22m 12.491s
805,    1721,    1334212,    000h 00m 01.721s,    000h 22m 14.212s
806,    1630,    1335842,    000h 00m 01.630s,    000h 22m 15.842s
807,    1689,    1337531,    000h 00m 01.689s,    000h 22m 17.531s
808,    1554,    1339085,    000h 00m 01.554s,    000h 22m 19.085s
809,    1626,    1340711,    000h 00m 01.626s,    000h 22m 20.711s
810,    1663,    1342374,    000h 00m 01.663s,    000h 22m 22.374s
811,    1730,    1344104,    000h 00m 01.730s,    000h 22m 24.104s
812,    1632,    1345736,    000h 00m 01.632s,    000h 22m 25.736s
813,    1585,    1347321,    000h 00m 01.585s,    000h 22m 27.321s
814,    1659,    1348980,    000h 00m 01.659s,    000h 22m 28.980s
815,    1638,    1350618,    000h 00m 01.638s,    000h 22m 30.618s
816,    1742,    1352360,    000h 00m 01.742s,    000h 22m 32.360s
817,    1747,    1354107,    000h 00m 01.747s,    000h 22m 34.107s
818,    1767,    1355874,    000h 00m 01.767s,    000h 22m 35.874s
819,    1348,    1357222,    000h 00m 01.348s,    000h 22m 37.222s
820,    1732,    1358954,    000h 00m 01.732s,    000h 22m 38.954s
821,    1579,    1360533,    000h 00m 01.579s,    000h 22m 40.533s
822,    1712,    1362245,    000h 00m 01.712s,    000h 22m 42.245s
823,    1661,    1363906,    000h 00m 01.661s,    000h 22m 43.906s
824,    1740,    1365646,    000h 00m 01.740s,    000h 22m 45.646s
825,    1772,    1367418,    000h 00m 01.772s,    000h 22m 47.418s
826,    1745,    1369163,    000h 00m 01.745s,    000h 22m 49.163s
827,    1743,    1370906,    000h 00m 01.743s,    000h 22m 50.906s
828,    1764,    1372670,    000h 00m 01.764s,    000h 22m 52.670s
829,    1710,    1374380,    000h 00m 01.710s,    000h 22m 54.380s
830,    1725,    1376105,    000h 00m 01.725s,    000h 22m 56.105s
831,    1741,    1377846,    000h 00m 01.741s,    000h 22m 57.846s
832,    1727,    1379573,    000h 00m 01.727s,    000h 22m 59.573s
833,    1689,    1381262,    000h 00m 01.689s,    000h 23m 01.262s
834,    1785,    1383047,    000h 00m 01.785s,    000h 23m 03.047s
835,    1324,    1384371,    000h 00m 01.324s,    000h 23m 04.371s
836,    1724,    1386095,    000h 00m 01.724s,    000h 23m 06.095s
837,    1741,    1387836,    000h 00m 01.741s,    000h 23m 07.836s
838,    1706,    1389542,    000h 00m 01.706s,    000h 23m 09.542s
839,    1440,    1390982,    000h 00m 01.440s,    000h 23m 10.982s
840,    1588,    1392570,    000h 00m 01.588s,    000h 23m 12.570s
841,    1726,    1394296,    000h 00m 01.726s,    000h 23m 14.296s
842,    1627,    1395923,    000h 00m 01.627s,    000h 23m 15.923s
843,    1602,    1397525,    000h 00m 01.602s,    000h 23m 17.525s
844,    1638,    1399163,    000h 00m 01.638s,    000h 23m 19.163s
845,    1560,    1400723,    000h 00m 01.560s,    000h 23m 20.723s
846,    1658,    1402381,    000h 00m 01.658s,    000h 23m 22.381s
847,    1744,    1404125,    000h 00m 01.744s,    000h 23m 24.125s
848,    1366,    1405491,    000h 00m 01.366s,    000h 23m 25.491s
849,    1712,    1407203,    000h 00m 01.712s,    000h 23m 27.203s
850,    1751,    1408954,    000h 00m 01.751s,    000h 23m 28.954s
851,    1547,    1410501,    000h 00m 01.547s,    000h 23m 30.501s
852,    1705,    1412206,    000h 00m 01.705s,    000h 23m 32.206s
853,    1548,    1413754,    000h 00m 01.548s,    000h 23m 33.754s
854,    1734,    1415488,    000h 00m 01.734s,    000h 23m 35.488s
855,    1555,    1417043,    000h 00m 01.555s,    000h 23m 37.043s
856,    1707,    1418750,    000h 00m 01.707s,    000h 23m 38.750s
857,    1678,    1420428,    000h 00m 01.678s,    000h 23m 40.428s
858,    1581,    1422009,    000h 00m 01.581s,    000h 23m 42.009s
859,    1728,    1423737,    000h 00m 01.728s,    000h 23m 43.737s
860,    1599,    1425336,    000h 00m 01.599s,    000h 23m 45.336s
861,    1632,    1426968,    000h 00m 01.632s,    000h 23m 46.968s
862,    1686,    1428654,    000h 00m 01.686s,    000h 23m 48.654s
863,    1744,    1430398,    000h 00m 01.744s,    000h 23m 50.398s
864,    1666,    1432064,    000h 00m 01.666s,    000h 23m 52.064s
865,    1731,    1433795,    000h 00m 01.731s,    000h 23m 53.795s
866,    1675,    1435470,    000h 00m 01.675s,    000h 23m 55.470s
867,    1736,    1437206,    000h 00m 01.736s,    000h 23m 57.206s
868,    1695,    1438901,    000h 00m 01.695s,    000h 23m 58.901s
869,    1557,    1440458,    000h 00m 01.557s,    000h 24m 00.458s
870,    1644,    1442102,    000h 00m 01.644s,    000h 24m 02.102s
871,    1727,    1443829,    000h 00m 01.727s,    000h 24m 03.829s
872,    1629,    1445458,    000h 00m 01.629s,    000h 24m 05.458s
873,    1601,    1447059,    000h 00m 01.601s,    000h 24m 07.059s
874,    1299,    1448358,    000h 00m 01.299s,    000h 24m 08.358s
875,    1715,    1450073,    000h 00m 01.715s,    000h 24m 10.073s
876,    1336,    1451409,    000h 00m 01.336s,    000h 24m 11.409s
877,    1669,    1453078,    000h 00m 01.669s,    000h 24m 13.078s
878,    1715,    1454793,    000h 00m 01.715s,    000h 24m 14.793s
879,    1517,    1456310,    000h 00m 01.517s,    000h 24m 16.310s
880,    1542,    1457852,    000h 00m 01.542s,    000h 24m 17.852s
881,    1729,    1459581,    000h 00m 01.729s,    000h 24m 19.581s
882,    1743,    1461324,    000h 00m 01.743s,    000h 24m 21.324s
883,    1664,    1462988,    000h 00m 01.664s,    000h 24m 22.988s
884,    1659,    1464647,    000h 00m 01.659s,    000h 24m 24.647s
885,    1567,    1466214,    000h 00m 01.567s,    000h 24m 26.214s
886,    1610,    1467824,    000h 00m 01.610s,    000h 24m 27.824s
887,    1792,    1469616,    000h 00m 01.792s,    000h 24m 29.616s
888,    1736,    1471352,    000h 00m 01.736s,    000h 24m 31.352s
889,    1741,    1473093,    000h 00m 01.741s,    000h 24m 33.093s
890,    1759,    1474852,    000h 00m 01.759s,    000h 24m 34.852s
891,    1772,    1476624,    000h 00m 01.772s,    000h 24m 36.624s
892,    1698,    1478322,    000h 00m 01.698s,    000h 24m 38.322s
893,    1778,    1480100,    000h 00m 01.778s,    000h 24m 40.100s
894,    1742,    1481842,    000h 00m 01.742s,    000h 24m 41.842s
895,    1692,    1483534,    000h 00m 01.692s,    000h 24m 43.534s
896,    1674,    1485208,    000h 00m 01.674s,    000h 24m 45.208s
897,    1750,    1486958,    000h 00m 01.750s,    000h 24m 46.958s
898,    1554,    1488512,    000h 00m 01.554s,    000h 24m 48.512s
899,    1723,    1490235,    000h 00m 01.723s,    000h 24m 50.235s
900,    1776,    1492011,    000h 00m 01.776s,    000h 24m 52.011s
901,    1656,    1493667,    000h 00m 01.656s,    000h 24m 53.667s
902,    1666,    1495333,    000h 00m 01.666s,    000h 24m 55.333s
903,    1563,    1496896,    000h 00m 01.563s,    000h 24m 56.896s
904,    1704,    1498600,    000h 00m 01.704s,    000h 24m 58.600s
905,    1694,    1500294,    000h 00m 01.694s,    000h 25m 00.294s
906,    1673,    1501967,    000h 00m 01.673s,    000h 25m 01.967s
907,    1619,    1503586,    000h 00m 01.619s,    000h 25m 03.586s
908,    1736,    1505322,    000h 00m 01.736s,    000h 25m 05.322s
909,    1788,    1507110,    000h 00m 01.788s,    000h 25m 07.110s
910,    1562,    1508672,    000h 00m 01.562s,    000h 25m 08.672s
911,    1736,    1510408,    000h 00m 01.736s,    000h 25m 10.408s
912,    1708,    1512116,    000h 00m 01.708s,    000h 25m 12.116s
913,    1585,    1513701,    000h 00m 01.585s,    000h 25m 13.701s
914,    1749,    1515450,    000h 00m 01.749s,    000h 25m 15.450s
915,    1723,    1517173,    000h 00m 01.723s,    000h 25m 17.173s
916,    1727,    1518900,    000h 00m 01.727s,    000h 25m 18.900s
917,    1765,    1520665,    000h 00m 01.765s,    000h 25m 20.665s
918,    1738,    1522403,    000h 00m 01.738s,    000h 25m 22.403s
919,    1643,    1524046,    000h 00m 01.643s,    000h 25m 24.046s
920,    1712,    1525758,    000h 00m 01.712s,    000h 25m 25.758s
921,    1777,    1527535,    000h 00m 01.777s,    000h 25m 27.535s
922,    1704,    1529239,    000h 00m 01.704s,    000h 25m 29.239s
923,    1622,    1530861,    000h 00m 01.622s,    000h 25m 30.861s
924,    1766,    1532627,    000h 00m 01.766s,    000h 25m 32.627s
925,    1679,    1534306,    000h 00m 01.679s,    000h 25m 34.306s
926,    1562,    1535868,    000h 00m 01.562s,    000h 25m 35.868s
927,    1565,    1537433,    000h 00m 01.565s,    000h 25m 37.433s
928,    1651,    1539084,    000h 00m 01.651s,    000h 25m 39.084s
929,    1714,    1540798,    000h 00m 01.714s,    000h 25m 40.798s
930,    1646,    1542444,    000h 00m 01.646s,    000h 25m 42.444s
931,    1651,    1544095,    000h 00m 01.651s,    000h 25m 44.095s
932,    1453,    1545548,    000h 00m 01.453s,    000h 25m 45.548s
933,    1555,    1547103,    000h 00m 01.555s,    000h 25m 47.103s
934,    1571,    1548674,    000h 00m 01.571s,    000h 25m 48.674s
935,    1774,    1550448,    000h 00m 01.774s,    000h 25m 50.448s
936,    1791,    1552239,    000h 00m 01.791s,    000h 25m 52.239s
937,    1568,    1553807,    000h 00m 01.568s,    000h 25m 53.807s
938,    1524,    1555331,    000h 00m 01.524s,    000h 25m 55.331s
939,    1574,    1556905,    000h 00m 01.574s,    000h 25m 56.905s
940,    1802,    1558707,    000h 00m 01.802s,    000h 25m 58.707s
941,    1751,    1560458,    000h 00m 01.751s,    000h 26m 00.458s
942,    1573,    1562031,    000h 00m 01.573s,    000h 26m 02.031s
943,    1639,    1563670,    000h 00m 01.639s,    000h 26m 03.670s
944,    1382,    1565052,    000h 00m 01.382s,    000h 26m 05.052s
945,    1803,    1566855,    000h 00m 01.803s,    000h 26m 06.855s
946,    1581,    1568436,    000h 00m 01.581s,    000h 26m 08.436s
947,    1719,    1570155,    000h 00m 01.719s,    000h 26m 10.155s
948,    1626,    1571781,    000h 00m 01.626s,    000h 26m 11.781s
949,    1562,    1573343,    000h 00m 01.562s,    000h 26m 13.343s
950,    1673,    1575016,    000h 00m 01.673s,    000h 26m 15.016s
951,    1616,    1576632,    000h 00m 01.616s,    000h 26m 16.632s
952,    1760,    1578392,    000h 00m 01.760s,    000h 26m 18.392s
953,    1694,    1580086,    000h 00m 01.694s,    000h 26m 20.086s
954,    1727,    1581813,    000h 00m 01.727s,    000h 26m 21.813s
955,    1634,    1583447,    000h 00m 01.634s,    000h 26m 23.447s
956,    1625,    1585072,    000h 00m 01.625s,    000h 26m 25.072s
957,    1595,    1586667,    000h 00m 01.595s,    000h 26m 26.667s
958,    1708,    1588375,    000h 00m 01.708s,    000h 26m 28.375s
959,    1730,    1590105,    000h 00m 01.730s,    000h 26m 30.105s
960,    1642,    1591747,    000h 00m 01.642s,    000h 26m 31.747s
961,    1770,    1593517,    000h 00m 01.770s,    000h 26m 33.517s
962,    1723,    1595240,    000h 00m 01.723s,    000h 26m 35.240s
963,    1753,    1596993,    000h 00m 01.753s,    000h 26m 36.993s
964,    1633,    1598626,    000h 00m 01.633s,    000h 26m 38.626s
965,    1625,    1600251,    000h 00m 01.625s,    000h 26m 40.251s
966,    1556,    1601807,    000h 00m 01.556s,    000h 26m 41.807s
967,    1649,    1603456,    000h 00m 01.649s,    000h 26m 43.456s
968,    1739,    1605195,    000h 00m 01.739s,    000h 26m 45.195s
969,    1733,    1606928,    000h 00m 01.733s,    000h 26m 46.928s
970,    1737,    1608665,    000h 00m 01.737s,    000h 26m 48.665s
971,    1739,    1610404,    000h 00m 01.739s,    000h 26m 50.404s
972,    1622,    1612026,    000h 00m 01.622s,    000h 26m 52.026s
973,    1596,    1613622,    000h 00m 01.596s,    000h 26m 53.622s
974,    1771,    1615393,    000h 00m 01.771s,    000h 26m 55.393s
975,    1740,    1617133,    000h 00m 01.740s,    000h 26m 57.133s
976,    1641,    1618774,    000h 00m 01.641s,    000h 26m 58.774s
977,    1730,    1620504,    000h 00m 01.730s,    000h 27m 00.504s
978,    1728,    1622232,    000h 00m 01.728s,    000h 27m 02.232s
979,    1665,    1623897,    000h 00m 01.665s,    000h 27m 03.897s
980,    1537,    1625434,    000h 00m 01.537s,    000h 27m 05.434s
981,    1637,    1627071,    000h 00m 01.637s,    000h 27m 07.071s
982,    1707,    1628778,    000h 00m 01.707s,    000h 27m 08.778s
983,    1676,    1630454,    000h 00m 01.676s,    000h 27m 10.454s
984,    1689,    1632143,    000h 00m 01.689s,    000h 27m 12.143s
985,    1738,    1633881,    000h 00m 01.738s,    000h 27m 13.881s
986,    1734,    1635615,    000h 00m 01.734s,    000h 27m 15.615s
987,    1744,    1637359,    000h 00m 01.744s,    000h 27m 17.359s
988,    1719,    1639078,    000h 00m 01.719s,    000h 27m 19.078s
989,    1709,    1640787,    000h 00m 01.709s,    000h 27m 20.787s
990,    1586,    1642373,    000h 00m 01.586s,    000h 27m 22.373s
991,    1291,    1643664,    000h 00m 01.291s,    000h 27m 23.664s
992,    1758,    1645422,    000h 00m 01.758s,    000h 27m 25.422s
993,    1611,    1647033,    000h 00m 01.611s,    000h 27m 27.033s
994,    1563,    1648596,    000h 00m 01.563s,    000h 27m 28.596s
995,    1609,    1650205,    000h 00m 01.609s,    000h 27m 30.205s
996,    1666,    1651871,    000h 00m 01.666s,    000h 27m 31.871s
997,    1616,    1653487,    000h 00m 01.616s,    000h 27m 33.487s
998,    1572,    1655059,    000h 00m 01.572s,    000h 27m 35.059s
999,    1749,    1656808,    000h 00m 01.749s,    000h 27m 36.808s
1000,    1664,    1658472,    000h 00m 01.664s,    000h 27m 38.472s
1001,    1345,    1659817,    000h 00m 01.345s,    000h 27m 39.817s
1002,    1603,    1661420,    000h 00m 01.603s,    000h 27m 41.420s
1003,    1778,    1663198,    000h 00m 01.778s,    000h 27m 43.198s
1004,    1616,    1664814,    000h 00m 01.616s,    000h 27m 44.814s
1005,    1775,    1666589,    000h 00m 01.775s,    000h 27m 46.589s
1006,    1314,    1667903,    000h 00m 01.314s,    000h 27m 47.903s
1007,    1753,    1669656,    000h 00m 01.753s,    000h 27m 49.656s
1008,    1614,    1671270,    000h 00m 01.614s,    000h 27m 51.270s
1009,    1765,    1673035,    000h 00m 01.765s,    000h 27m 53.035s
1010,    1738,    1674773,    000h 00m 01.738s,    000h 27m 54.773s
1011,    1641,    1676414,    000h 00m 01.641s,    000h 27m 56.414s
1012,    1733,    1678147,    000h 00m 01.733s,    000h 27m 58.147s
1013,    1737,    1679884,    000h 00m 01.737s,    000h 27m 59.884s
1014,    1743,    1681627,    000h 00m 01.743s,    000h 28m 01.627s
1015,    1558,    1683185,    000h 00m 01.558s,    000h 28m 03.185s
1016,    1678,    1684863,    000h 00m 01.678s,    000h 28m 04.863s
1017,    1658,    1686521,    000h 00m 01.658s,    000h 28m 06.521s
1018,    1696,    1688217,    000h 00m 01.696s,    000h 28m 08.217s
1019,    1805,    1690022,    000h 00m 01.805s,    000h 28m 10.022s
1020,    1536,    1691558,    000h 00m 01.536s,    000h 28m 11.558s
1021,    1612,    1693170,    000h 00m 01.612s,    000h 28m 13.170s
1022,    1707,    1694877,    000h 00m 01.707s,    000h 28m 14.877s
1023,    1708,    1696585,    000h 00m 01.708s,    000h 28m 16.585s
1024,    1565,    1698150,    000h 00m 01.565s,    000h 28m 18.150s
1025,    1744,    1699894,    000h 00m 01.744s,    000h 28m 19.894s
