pass,    time (ms),    total time (ms),    time,     total_time
1,    1508,    1508,    000h 00m 01.508s,    000h 00m 01.508s
2,    1536,    3044,    000h 00m 01.536s,    000h 00m 03.044s
3,    1516,    4560,    000h 00m 01.516s,    000h 00m 04.560s
4,    1505,    6065,    000h 00m 01.505s,    000h 00m 06.065s
5,    1467,    7532,    000h 00m 01.467s,    000h 00m 07.532s
6,    1684,    9216,    000h 00m 01.684s,    000h 00m 09.216s
7,    1656,    10872,    000h 00m 01.656s,    000h 00m 10.872s
8,    1591,    12463,    000h 00m 01.591s,    000h 00m 12.463s
9,    1737,    14200,    000h 00m 01.737s,    000h 00m 14.200s
10,    1610,    15810,    000h 00m 01.610s,    000h 00m 15.810s
11,    1567,    17377,    000h 00m 01.567s,    000h 00m 17.377s
12,    1595,    18972,    000h 00m 01.595s,    000h 00m 18.972s
13,    1682,    20654,    000h 00m 01.682s,    000h 00m 20.654s
14,    1576,    22230,    000h 00m 01.576s,    000h 00m 22.230s
15,    1476,    23706,    000h 00m 01.476s,    000h 00m 23.706s
16,    1695,    25401,    000h 00m 01.695s,    000h 00m 25.401s
17,    1587,    26988,    000h 00m 01.587s,    000h 00m 26.988s
18,    1529,    28517,    000h 00m 01.529s,    000h 00m 28.517s
19,    1585,    30102,    000h 00m 01.585s,    000h 00m 30.102s
20,    1516,    31618,    000h 00m 01.516s,    000h 00m 31.618s
21,    1652,    33270,    000h 00m 01.652s,    000h 00m 33.270s
22,    1725,    34995,    000h 00m 01.725s,    000h 00m 34.995s
23,    1469,    36464,    000h 00m 01.469s,    000h 00m 36.464s
24,    1695,    38159,    000h 00m 01.695s,    000h 00m 38.159s
25,    1682,    39841,    000h 00m 01.682s,    000h 00m 39.841s
26,    1508,    41349,    000h 00m 01.508s,    000h 00m 41.349s
27,    1626,    42975,    000h 00m 01.626s,    000h 00m 42.975s
28,    1427,    44402,    000h 00m 01.427s,    000h 00m 44.402s
29,    1735,    46137,    000h 00m 01.735s,    000h 00m 46.137s
30,    1503,    47640,    000h 00m 01.503s,    000h 00m 47.640s
31,    1704,    49344,    000h 00m 01.704s,    000h 00m 49.344s
32,    1594,    50938,    000h 00m 01.594s,    000h 00m 50.938s
33,    1673,    52611,    000h 00m 01.673s,    000h 00m 52.611s
34,    1485,    54096,    000h 00m 01.485s,    000h 00m 54.096s
35,    1449,    55545,    000h 00m 01.449s,    000h 00m 55.545s
36,    1635,    57180,    000h 00m 01.635s,    000h 00m 57.180s
37,    1673,    58853,    000h 00m 01.673s,    000h 00m 58.853s
38,    1493,    60346,    000h 00m 01.493s,    000h 01m 00.346s
39,    1479,    61825,    000h 00m 01.479s,    000h 01m 01.825s
40,    1449,    63274,    000h 00m 01.449s,    000h 01m 03.274s
41,    1685,    64959,    000h 00m 01.685s,    000h 01m 04.959s
42,    1703,    66662,    000h 00m 01.703s,    000h 01m 06.662s
43,    1661,    68323,    000h 00m 01.661s,    000h 01m 08.323s
44,    1717,    70040,    000h 00m 01.717s,    000h 01m 10.040s
45,    1594,    71634,    000h 00m 01.594s,    000h 01m 11.634s
46,    1695,    73329,    000h 00m 01.695s,    000h 01m 13.329s
47,    1571,    74900,    000h 00m 01.571s,    000h 01m 14.900s
48,    1506,    76406,    000h 00m 01.506s,    000h 01m 16.406s
49,    1477,    77883,    000h 00m 01.477s,    000h 01m 17.883s
50,    1687,    79570,    000h 00m 01.687s,    000h 01m 19.570s
51,    1724,    81294,    000h 00m 01.724s,    000h 01m 21.294s
52,    1631,    82925,    000h 00m 01.631s,    000h 01m 22.925s
53,    1549,    84474,    000h 00m 01.549s,    000h 01m 24.474s
54,    1621,    86095,    000h 00m 01.621s,    000h 01m 26.095s
55,    1652,    87747,    000h 00m 01.652s,    000h 01m 27.747s
56,    1395,    89142,    000h 00m 01.395s,    000h 01m 29.142s
57,    1633,    90775,    000h 00m 01.633s,    000h 01m 30.775s
58,    1648,    92423,    000h 00m 01.648s,    000h 01m 32.423s
59,    1397,    93820,    000h 00m 01.397s,    000h 01m 33.820s
60,    1629,    95449,    000h 00m 01.629s,    000h 01m 35.449s
61,    1478,    96927,    000h 00m 01.478s,    000h 01m 36.927s
62,    1635,    98562,    000h 00m 01.635s,    000h 01m 38.562s
63,    1674,    100236,    000h 00m 01.674s,    000h 01m 40.236s
64,    1723,    101959,    000h 00m 01.723s,    000h 01m 41.959s
65,    1662,    103621,    000h 00m 01.662s,    000h 01m 43.621s
66,    1470,    105091,    000h 00m 01.470s,    000h 01m 45.091s
67,    1596,    106687,    000h 00m 01.596s,    000h 01m 46.687s
68,    1464,    108151,    000h 00m 01.464s,    000h 01m 48.151s
69,    1442,    109593,    000h 00m 01.442s,    000h 01m 49.593s
70,    1653,    111246,    000h 00m 01.653s,    000h 01m 51.246s
71,    1612,    112858,    000h 00m 01.612s,    000h 01m 52.858s
72,    1516,    114374,    000h 00m 01.516s,    000h 01m 54.374s
73,    1492,    115866,    000h 00m 01.492s,    000h 01m 55.866s
74,    1441,    117307,    000h 00m 01.441s,    000h 01m 57.307s
75,    1544,    118851,    000h 00m 01.544s,    000h 01m 58.851s
76,    1753,    120604,    000h 00m 01.753s,    000h 02m 00.604s
77,    1459,    122063,    000h 00m 01.459s,    000h 02m 02.063s
78,    1551,    123614,    000h 00m 01.551s,    000h 02m 03.614s
79,    1675,    125289,    000h 00m 01.675s,    000h 02m 05.289s
80,    1542,    126831,    000h 00m 01.542s,    000h 02m 06.831s
81,    1384,    128215,    000h 00m 01.384s,    000h 02m 08.215s
82,    1617,    129832,    000h 00m 01.617s,    000h 02m 09.832s
83,    1671,    131503,    000h 00m 01.671s,    000h 02m 11.503s
84,    1666,    133169,    000h 00m 01.666s,    000h 02m 13.169s
85,    1426,    134595,    000h 00m 01.426s,    000h 02m 14.595s
86,    1671,    136266,    000h 00m 01.671s,    000h 02m 16.266s
87,    1506,    137772,    000h 00m 01.506s,    000h 02m 17.772s
88,    1658,    139430,    000h 00m 01.658s,    000h 02m 19.430s
89,    1546,    140976,    000h 00m 01.546s,    000h 02m 20.976s
90,    1616,    142592,    000h 00m 01.616s,    000h 02m 22.592s
91,    1691,    144283,    000h 00m 01.691s,    000h 02m 24.283s
92,    1440,    145723,    000h 00m 01.440s,    000h 02m 25.723s
93,    1629,    147352,    000h 00m 01.629s,    000h 02m 27.352s
94,    1500,    148852,    000h 00m 01.500s,    000h 02m 28.852s
95,    1627,    150479,    000h 00m 01.627s,    000h 02m 30.479s
96,    1524,    152003,    000h 00m 01.524s,    000h 02m 32.003s
97,    1680,    153683,    000h 00m 01.680s,    000h 02m 33.683s
98,    1398,    155081,    000h 00m 01.398s,    000h 02m 35.081s
99,    1646,    156727,    000h 00m 01.646s,    000h 02m 36.727s
100,    1659,    158386,    000h 00m 01.659s,    000h 02m 38.386s
101,    1448,    159834,    000h 00m 01.448s,    000h 02m 39.834s
102,    1649,    161483,    000h 00m 01.649s,    000h 02m 41.483s
103,    1467,    162950,    000h 00m 01.467s,    000h 02m 42.950s
104,    1453,    164403,    000h 00m 01.453s,    000h 02m 44.403s
105,    1491,    165894,    000h 00m 01.491s,    000h 02m 45.894s
106,    1508,    167402,    000h 00m 01.508s,    000h 02m 47.402s
107,    1487,    168889,    000h 00m 01.487s,    000h 02m 48.889s
108,    1642,    170531,    000h 00m 01.642s,    000h 02m 50.531s
109,    1459,    171990,    000h 00m 01.459s,    000h 02m 51.990s
110,    1470,    173460,    000h 00m 01.470s,    000h 02m 53.460s
111,    1662,    175122,    000h 00m 01.662s,    000h 02m 55.122s
112,    1612,    176734,    000h 00m 01.612s,    000h 02m 56.734s
113,    1526,    178260,    000h 00m 01.526s,    000h 02m 58.260s
114,    1630,    179890,    000h 00m 01.630s,    000h 02m 59.890s
115,    1646,    181536,    000h 00m 01.646s,    000h 03m 01.536s
116,    1529,    183065,    000h 00m 01.529s,    000h 03m 03.065s
117,    1570,    184635,    000h 00m 01.570s,    000h 03m 04.635s
118,    1455,    186090,    000h 00m 01.455s,    000h 03m 06.090s
119,    1529,    187619,    000h 00m 01.529s,    000h 03m 07.619s
120,    1421,    189040,    000h 00m 01.421s,    000h 03m 09.040s
121,    1450,    190490,    000h 00m 01.450s,    000h 03m 10.490s
122,    1483,    191973,    000h 00m 01.483s,    000h 03m 11.973s
123,    1628,    193601,    000h 00m 01.628s,    000h 03m 13.601s
124,    1527,    195128,    000h 00m 01.527s,    000h 03m 15.128s
125,    1680,    196808,    000h 00m 01.680s,    000h 03m 16.808s
126,    1714,    198522,    000h 00m 01.714s,    000h 03m 18.522s
127,    1646,    200168,    000h 00m 01.646s,    000h 03m 20.168s
128,    1651,    201819,    000h 00m 01.651s,    000h 03m 21.819s
129,    1510,    203329,    000h 00m 01.510s,    000h 03m 23.329s
130,    1576,    204905,    000h 00m 01.576s,    000h 03m 24.905s
131,    1605,    206510,    000h 00m 01.605s,    000h 03m 26.510s
132,    1558,    208068,    000h 00m 01.558s,    000h 03m 28.068s
133,    1516,    209584,    000h 00m 01.516s,    000h 03m 29.584s
134,    1712,    211296,    000h 00m 01.712s,    000h 03m 31.296s
135,    1503,    212799,    000h 00m 01.503s,    000h 03m 32.799s
136,    1717,    214516,    000h 00m 01.717s,    000h 03m 34.516s
137,    1572,    216088,    000h 00m 01.572s,    000h 03m 36.088s
138,    1560,    217648,    000h 00m 01.560s,    000h 03m 37.648s
139,    1592,    219240,    000h 00m 01.592s,    000h 03m 39.240s
140,    1659,    220899,    000h 00m 01.659s,    000h 03m 40.899s
141,    1594,    222493,    000h 00m 01.594s,    000h 03m 42.493s
142,    1568,    224061,    000h 00m 01.568s,    000h 03m 44.061s
143,    1600,    225661,    000h 00m 01.600s,    000h 03m 45.661s
144,    1489,    227150,    000h 00m 01.489s,    000h 03m 47.150s
145,    1535,    228685,    000h 00m 01.535s,    000h 03m 48.685s
146,    1541,    230226,    000h 00m 01.541s,    000h 03m 50.226s
147,    1591,    231817,    000h 00m 01.591s,    000h 03m 51.817s
148,    1422,    233239,    000h 00m 01.422s,    000h 03m 53.239s
149,    1396,    234635,    000h 00m 01.396s,    000h 03m 54.635s
150,    1623,    236258,    000h 00m 01.623s,    000h 03m 56.258s
151,    1458,    237716,    000h 00m 01.458s,    000h 03m 57.716s
152,    1424,    239140,    000h 00m 01.424s,    000h 03m 59.140s
153,    1567,    240707,    000h 00m 01.567s,    000h 04m 00.707s
154,    1410,    242117,    000h 00m 01.410s,    000h 04m 02.117s
155,    1390,    243507,    000h 00m 01.390s,    000h 04m 03.507s
156,    1447,    244954,    000h 00m 01.447s,    000h 04m 04.954s
157,    1547,    246501,    000h 00m 01.547s,    000h 04m 06.501s
158,    1703,    248204,    000h 00m 01.703s,    000h 04m 08.204s
159,    1678,    249882,    000h 00m 01.678s,    000h 04m 09.882s
160,    1431,    251313,    000h 00m 01.431s,    000h 04m 11.313s
161,    1668,    252981,    000h 00m 01.668s,    000h 04m 12.981s
162,    1414,    254395,    000h 00m 01.414s,    000h 04m 14.395s
163,    1541,    255936,    000h 00m 01.541s,    000h 04m 15.936s
164,    1627,    257563,    000h 00m 01.627s,    000h 04m 17.563s
165,    1487,    259050,    000h 00m 01.487s,    000h 04m 19.050s
166,    1732,    260782,    000h 00m 01.732s,    000h 04m 20.782s
167,    1707,    262489,    000h 00m 01.707s,    000h 04m 22.489s
168,    1669,    264158,    000h 00m 01.669s,    000h 04m 24.158s
169,    1571,    265729,    000h 00m 01.571s,    000h 04m 25.729s
170,    1732,    267461,    000h 00m 01.732s,    000h 04m 27.461s
171,    1541,    269002,    000h 00m 01.541s,    000h 04m 29.002s
172,    1543,    270545,    000h 00m 01.543s,    000h 04m 30.545s
173,    1628,    272173,    000h 00m 01.628s,    000h 04m 32.173s
174,    1643,    273816,    000h 00m 01.643s,    000h 04m 33.816s
175,    1513,    275329,    000h 00m 01.513s,    000h 04m 35.329s
176,    1561,    276890,    000h 00m 01.561s,    000h 04m 36.890s
177,    1657,    278547,    000h 00m 01.657s,    000h 04m 38.547s
178,    1707,    280254,    000h 00m 01.707s,    000h 04m 40.254s
179,    1553,    281807,    000h 00m 01.553s,    000h 04m 41.807s
180,    1474,    283281,    000h 00m 01.474s,    000h 04m 43.281s
181,    1589,    284870,    000h 00m 01.589s,    000h 04m 44.870s
182,    1675,    286545,    000h 00m 01.675s,    000h 04m 46.545s
183,    1724,    288269,    000h 00m 01.724s,    000h 04m 48.269s
184,    1632,    289901,    000h 00m 01.632s,    000h 04m 49.901s
185,    1632,    291533,    000h 00m 01.632s,    000h 04m 51.533s
186,    1503,    293036,    000h 00m 01.503s,    000h 04m 53.036s
187,    1738,    294774,    000h 00m 01.738s,    000h 04m 54.774s
188,    1617,    296391,    000h 00m 01.617s,    000h 04m 56.391s
189,    1534,    297925,    000h 00m 01.534s,    000h 04m 57.925s
190,    1457,    299382,    000h 00m 01.457s,    000h 04m 59.382s
191,    1533,    300915,    000h 00m 01.533s,    000h 05m 00.915s
192,    1652,    302567,    000h 00m 01.652s,    000h 05m 02.567s
193,    1491,    304058,    000h 00m 01.491s,    000h 05m 04.058s
194,    1477,    305535,    000h 00m 01.477s,    000h 05m 05.535s
195,    1631,    307166,    000h 00m 01.631s,    000h 05m 07.166s
196,    1470,    308636,    000h 00m 01.470s,    000h 05m 08.636s
197,    1602,    310238,    000h 00m 01.602s,    000h 05m 10.238s
198,    1658,    311896,    000h 00m 01.658s,    000h 05m 11.896s
199,    1699,    313595,    000h 00m 01.699s,    000h 05m 13.595s
200,    1540,    315135,    000h 00m 01.540s,    000h 05m 15.135s
201,    1549,    316684,    000h 00m 01.549s,    000h 05m 16.684s
202,    1697,    318381,    000h 00m 01.697s,    000h 05m 18.381s
203,    1482,    319863,    000h 00m 01.482s,    000h 05m 19.863s
204,    1523,    321386,    000h 00m 01.523s,    000h 05m 21.386s
205,    1647,    323033,    000h 00m 01.647s,    000h 05m 23.033s
206,    1628,    324661,    000h 00m 01.628s,    000h 05m 24.661s
207,    1654,    326315,    000h 00m 01.654s,    000h 05m 26.315s
208,    1516,    327831,    000h 00m 01.516s,    000h 05m 27.831s
209,    1415,    329246,    000h 00m 01.415s,    000h 05m 29.246s
210,    1444,    330690,    000h 00m 01.444s,    000h 05m 30.690s
211,    1480,    332170,    000h 00m 01.480s,    000h 05m 32.170s
212,    1584,    333754,    000h 00m 01.584s,    000h 05m 33.754s
213,    1709,    335463,    000h 00m 01.709s,    000h 05m 35.463s
214,    1524,    336987,    000h 00m 01.524s,    000h 05m 36.987s
215,    1651,    338638,    000h 00m 01.651s,    000h 05m 38.638s
216,    1469,    340107,    000h 00m 01.469s,    000h 05m 40.107s
217,    1708,    341815,    000h 00m 01.708s,    000h 05m 41.815s
218,    1471,    343286,    000h 00m 01.471s,    000h 05m 43.286s
219,    1540,    344826,    000h 00m 01.540s,    000h 05m 44.826s
220,    1654,    346480,    000h 00m 01.654s,    000h 05m 46.480s
221,    1494,    347974,    000h 00m 01.494s,    000h 05m 47.974s
222,    1435,    349409,    000h 00m 01.435s,    000h 05m 49.409s
223,    1593,    351002,    000h 00m 01.593s,    000h 05m 51.002s
224,    1428,    352430,    000h 00m 01.428s,    000h 05m 52.430s
225,    1445,    353875,    000h 00m 01.445s,    000h 05m 53.875s
226,    1525,    355400,    000h 00m 01.525s,    000h 05m 55.400s
227,    1682,    357082,    000h 00m 01.682s,    000h 05m 57.082s
228,    1663,    358745,    000h 00m 01.663s,    000h 05m 58.745s
229,    1649,    360394,    000h 00m 01.649s,    000h 06m 00.394s
230,    1642,    362036,    000h 00m 01.642s,    000h 06m 02.036s
231,    1520,    363556,    000h 00m 01.520s,    000h 06m 03.556s
232,    1729,    365285,    000h 00m 01.729s,    000h 06m 05.285s
233,    1455,    366740,    000h 00m 01.455s,    000h 06m 06.740s
234,    1730,    368470,    000h 00m 01.730s,    000h 06m 08.470s
235,    1515,    369985,    000h 00m 01.515s,    000h 06m 09.985s
236,    1460,    371445,    000h 00m 01.460s,    000h 06m 11.445s
237,    1424,    372869,    000h 00m 01.424s,    000h 06m 12.869s
238,    1397,    374266,    000h 00m 01.397s,    000h 06m 14.266s
239,    1462,    375728,    000h 00m 01.462s,    000h 06m 15.728s
240,    1572,    377300,    000h 00m 01.572s,    000h 06m 17.300s
241,    1675,    378975,    000h 00m 01.675s,    000h 06m 18.975s
242,    1473,    380448,    000h 00m 01.473s,    000h 06m 20.448s
243,    1512,    381960,    000h 00m 01.512s,    000h 06m 21.960s
244,    1521,    383481,    000h 00m 01.521s,    000h 06m 23.481s
245,    1471,    384952,    000h 00m 01.471s,    000h 06m 24.952s
246,    1613,    386565,    000h 00m 01.613s,    000h 06m 26.565s
247,    1736,    388301,    000h 00m 01.736s,    000h 06m 28.301s
248,    1640,    389941,    000h 00m 01.640s,    000h 06m 29.941s
249,    1617,    391558,    000h 00m 01.617s,    000h 06m 31.558s
250,    1746,    393304,    000h 00m 01.746s,    000h 06m 33.304s
251,    1506,    394810,    000h 00m 01.506s,    000h 06m 34.810s
252,    1514,    396324,    000h 00m 01.514s,    000h 06m 36.324s
253,    1509,    397833,    000h 00m 01.509s,    000h 06m 37.833s
254,    1467,    399300,    000h 00m 01.467s,    000h 06m 39.300s
255,    1407,    400707,    000h 00m 01.407s,    000h 06m 40.707s
256,    1575,    402282,    000h 00m 01.575s,    000h 06m 42.282s
257,    1691,    403973,    000h 00m 01.691s,    000h 06m 43.973s
258,    1669,    405642,    000h 00m 01.669s,    000h 06m 45.642s
259,    1698,    407340,    000h 00m 01.698s,    000h 06m 47.340s
260,    1648,    408988,    000h 00m 01.648s,    000h 06m 48.988s
261,    1447,    410435,    000h 00m 01.447s,    000h 06m 50.435s
262,    1683,    412118,    000h 00m 01.683s,    000h 06m 52.118s
263,    1629,    413747,    000h 00m 01.629s,    000h 06m 53.747s
264,    1563,    415310,    000h 00m 01.563s,    000h 06m 55.310s
265,    1682,    416992,    000h 00m 01.682s,    000h 06m 56.992s
266,    1459,    418451,    000h 00m 01.459s,    000h 06m 58.451s
267,    1486,    419937,    000h 00m 01.486s,    000h 06m 59.937s
268,    1559,    421496,    000h 00m 01.559s,    000h 07m 01.496s
269,    1528,    423024,    000h 00m 01.528s,    000h 07m 03.024s
270,    1700,    424724,    000h 00m 01.700s,    000h 07m 04.724s
271,    1667,    426391,    000h 00m 01.667s,    000h 07m 06.391s
272,    1599,    427990,    000h 00m 01.599s,    000h 07m 07.990s
273,    1579,    429569,    000h 00m 01.579s,    000h 07m 09.569s
274,    1678,    431247,    000h 00m 01.678s,    000h 07m 11.247s
275,    1520,    432767,    000h 00m 01.520s,    000h 07m 12.767s
276,    1477,    434244,    000h 00m 01.477s,    000h 07m 14.244s
277,    1586,    435830,    000h 00m 01.586s,    000h 07m 15.830s
278,    1465,    437295,    000h 00m 01.465s,    000h 07m 17.295s
279,    1632,    438927,    000h 00m 01.632s,    000h 07m 18.927s
280,    1513,    440440,    000h 00m 01.513s,    000h 07m 20.440s
281,    1699,    442139,    000h 00m 01.699s,    000h 07m 22.139s
282,    1735,    443874,    000h 00m 01.735s,    000h 07m 23.874s
283,    1534,    445408,    000h 00m 01.534s,    000h 07m 25.408s
284,    1595,    447003,    000h 00m 01.595s,    000h 07m 27.003s
285,    1477,    448480,    000h 00m 01.477s,    000h 07m 28.480s
286,    1502,    449982,    000h 00m 01.502s,    000h 07m 29.982s
287,    1585,    451567,    000h 00m 01.585s,    000h 07m 31.567s
288,    1420,    452987,    000h 00m 01.420s,    000h 07m 32.987s
289,    1412,    454399,    000h 00m 01.412s,    000h 07m 34.399s
290,    1403,    455802,    000h 00m 01.403s,    000h 07m 35.802s
291,    1484,    457286,    000h 00m 01.484s,    000h 07m 37.286s
292,    1668,    458954,    000h 00m 01.668s,    000h 07m 38.954s
293,    1488,    460442,    000h 00m 01.488s,    000h 07m 40.442s
294,    1474,    461916,    000h 00m 01.474s,    000h 07m 41.916s
295,    1433,    463349,    000h 00m 01.433s,    000h 07m 43.349s
296,    1620,    464969,    000h 00m 01.620s,    000h 07m 44.969s
297,    1623,    466592,    000h 00m 01.623s,    000h 07m 46.592s
298,    1687,    468279,    000h 00m 01.687s,    000h 07m 48.279s
299,    1467,    469746,    000h 00m 01.467s,    000h 07m 49.746s
300,    1622,    471368,    000h 00m 01.622s,    000h 07m 51.368s
301,    1513,    472881,    000h 00m 01.513s,    000h 07m 52.881s
302,    1721,    474602,    000h 00m 01.721s,    000h 07m 54.602s
303,    1401,    476003,    000h 00m 01.401s,    000h 07m 56.003s
304,    1511,    477514,    000h 00m 01.511s,    000h 07m 57.514s
305,    1514,    479028,    000h 00m 01.514s,    000h 07m 59.028s
306,    1590,    480618,    000h 00m 01.590s,    000h 08m 00.618s
307,    1580,    482198,    000h 00m 01.580s,    000h 08m 02.198s
308,    1649,    483847,    000h 00m 01.649s,    000h 08m 03.847s
309,    1500,    485347,    000h 00m 01.500s,    000h 08m 05.347s
310,    1459,    486806,    000h 00m 01.459s,    000h 08m 06.806s
311,    1566,    488372,    000h 00m 01.566s,    000h 08m 08.372s
312,    1544,    489916,    000h 00m 01.544s,    000h 08m 09.916s
313,    1563,    491479,    000h 00m 01.563s,    000h 08m 11.479s
314,    1697,    493176,    000h 00m 01.697s,    000h 08m 13.176s
315,    1701,    494877,    000h 00m 01.701s,    000h 08m 14.877s
316,    1703,    496580,    000h 00m 01.703s,    000h 08m 16.580s
317,    1546,    498126,    000h 00m 01.546s,    000h 08m 18.126s
318,    1496,    499622,    000h 00m 01.496s,    000h 08m 19.622s
319,    1564,    501186,    000h 00m 01.564s,    000h 08m 21.186s
320,    1640,    502826,    000h 00m 01.640s,    000h 08m 22.826s
321,    1509,    504335,    000h 00m 01.509s,    000h 08m 24.335s
322,    1696,    506031,    000h 00m 01.696s,    000h 08m 26.031s
323,    1470,    507501,    000h 00m 01.470s,    000h 08m 27.501s
324,    1644,    509145,    000h 00m 01.644s,    000h 08m 29.145s
325,    1631,    510776,    000h 00m 01.631s,    000h 08m 30.776s
326,    1603,    512379,    000h 00m 01.603s,    000h 08m 32.379s
327,    1575,    513954,    000h 00m 01.575s,    000h 08m 33.954s
328,    1565,    515519,    000h 00m 01.565s,    000h 08m 35.519s
329,    1657,    517176,    000h 00m 01.657s,    000h 08m 37.176s
330,    1713,    518889,    000h 00m 01.713s,    000h 08m 38.889s
331,    1527,    520416,    000h 00m 01.527s,    000h 08m 40.416s
332,    1647,    522063,    000h 00m 01.647s,    000h 08m 42.063s
333,    1629,    523692,    000h 00m 01.629s,    000h 08m 43.692s
334,    1484,    525176,    000h 00m 01.484s,    000h 08m 45.176s
335,    1522,    526698,    000h 00m 01.522s,    000h 08m 46.698s
336,    1642,    528340,    000h 00m 01.642s,    000h 08m 48.340s
337,    1655,    529995,    000h 00m 01.655s,    000h 08m 49.995s
338,    1484,    531479,    000h 00m 01.484s,    000h 08m 51.479s
339,    1448,    532927,    000h 00m 01.448s,    000h 08m 52.927s
340,    1546,    534473,    000h 00m 01.546s,    000h 08m 54.473s
341,    1634,    536107,    000h 00m 01.634s,    000h 08m 56.107s
342,    1601,    537708,    000h 00m 01.601s,    000h 08m 57.708s
343,    1483,    539191,    000h 00m 01.483s,    000h 08m 59.191s
344,    1454,    540645,    000h 00m 01.454s,    000h 09m 00.645s
345,    1608,    542253,    000h 00m 01.608s,    000h 09m 02.253s
346,    1493,    543746,    000h 00m 01.493s,    000h 09m 03.746s
347,    1604,    545350,    000h 00m 01.604s,    000h 09m 05.350s
348,    1553,    546903,    000h 00m 01.553s,    000h 09m 06.903s
349,    1487,    548390,    000h 00m 01.487s,    000h 09m 08.390s
350,    1475,    549865,    000h 00m 01.475s,    000h 09m 09.865s
351,    1507,    551372,    000h 00m 01.507s,    000h 09m 11.372s
352,    1495,    552867,    000h 00m 01.495s,    000h 09m 12.867s
353,    1704,    554571,    000h 00m 01.704s,    000h 09m 14.571s
354,    1562,    556133,    000h 00m 01.562s,    000h 09m 16.133s
355,    1647,    557780,    000h 00m 01.647s,    000h 09m 17.780s
356,    1666,    559446,    000h 00m 01.666s,    000h 09m 19.446s
357,    1453,    560899,    000h 00m 01.453s,    000h 09m 20.899s
358,    1671,    562570,    000h 00m 01.671s,    000h 09m 22.570s
359,    1570,    564140,    000h 00m 01.570s,    000h 09m 24.140s
360,    1621,    565761,    000h 00m 01.621s,    000h 09m 25.761s
361,    1618,    567379,    000h 00m 01.618s,    000h 09m 27.379s
362,    1609,    568988,    000h 00m 01.609s,    000h 09m 28.988s
363,    1437,    570425,    000h 00m 01.437s,    000h 09m 30.425s
364,    1491,    571916,    000h 00m 01.491s,    000h 09m 31.916s
365,    1661,    573577,    000h 00m 01.661s,    000h 09m 33.577s
366,    1632,    575209,    000h 00m 01.632s,    000h 09m 35.209s
367,    1451,    576660,    000h 00m 01.451s,    000h 09m 36.660s
368,    1445,    578105,    000h 00m 01.445s,    000h 09m 38.105s
369,    1584,    579689,    000h 00m 01.584s,    000h 09m 39.689s
370,    1416,    581105,    000h 00m 01.416s,    000h 09m 41.105s
371,    1437,    582542,    000h 00m 01.437s,    000h 09m 42.542s
372,    1697,    584239,    000h 00m 01.697s,    000h 09m 44.239s
373,    1659,    585898,    000h 00m 01.659s,    000h 09m 45.898s
374,    1640,    587538,    000h 00m 01.640s,    000h 09m 47.538s
375,    1584,    589122,    000h 00m 01.584s,    000h 09m 49.122s
376,    1682,    590804,    000h 00m 01.682s,    000h 09m 50.804s
377,    1568,    592372,    000h 00m 01.568s,    000h 09m 52.372s
378,    1638,    594010,    000h 00m 01.638s,    000h 09m 54.010s
379,    1596,    595606,    000h 00m 01.596s,    000h 09m 55.606s
380,    1465,    597071,    000h 00m 01.465s,    000h 09m 57.071s
381,    1613,    598684,    000h 00m 01.613s,    000h 09m 58.684s
382,    1493,    600177,    000h 00m 01.493s,    000h 10m 00.177s
383,    1707,    601884,    000h 00m 01.707s,    000h 10m 01.884s
384,    1589,    603473,    000h 00m 01.589s,    000h 10m 03.473s
385,    1472,    604945,    000h 00m 01.472s,    000h 10m 04.945s
386,    1636,    606581,    000h 00m 01.636s,    000h 10m 06.581s
387,    1558,    608139,    000h 00m 01.558s,    000h 10m 08.139s
388,    1499,    609638,    000h 00m 01.499s,    000h 10m 09.638s
389,    1732,    611370,    000h 00m 01.732s,    000h 10m 11.370s
390,    1498,    612868,    000h 00m 01.498s,    000h 10m 12.868s
391,    1721,    614589,    000h 00m 01.721s,    000h 10m 14.589s
392,    1507,    616096,    000h 00m 01.507s,    000h 10m 16.096s
393,    1615,    617711,    000h 00m 01.615s,    000h 10m 17.711s
394,    1553,    619264,    000h 00m 01.553s,    000h 10m 19.264s
395,    1613,    620877,    000h 00m 01.613s,    000h 10m 20.877s
396,    1671,    622548,    000h 00m 01.671s,    000h 10m 22.548s
397,    1631,    624179,    000h 00m 01.631s,    000h 10m 24.179s
398,    1516,    625695,    000h 00m 01.516s,    000h 10m 25.695s
399,    1733,    627428,    000h 00m 01.733s,    000h 10m 27.428s
400,    1467,    628895,    000h 00m 01.467s,    000h 10m 28.895s
401,    1639,    630534,    000h 00m 01.639s,    000h 10m 30.534s
402,    1654,    632188,    000h 00m 01.654s,    000h 10m 32.188s
403,    1685,    633873,    000h 00m 01.685s,    000h 10m 33.873s
404,    1552,    635425,    000h 00m 01.552s,    000h 10m 35.425s
405,    1622,    637047,    000h 00m 01.622s,    000h 10m 37.047s
406,    1444,    638491,    000h 00m 01.444s,    000h 10m 38.491s
407,    1447,    639938,    000h 00m 01.447s,    000h 10m 39.938s
408,    1674,    641612,    000h 00m 01.674s,    000h 10m 41.612s
409,    1512,    643124,    000h 00m 01.512s,    000h 10m 43.124s
410,    1556,    644680,    000h 00m 01.556s,    000h 10m 44.680s
411,    1722,    646402,    000h 00m 01.722s,    000h 10m 46.402s
412,    1524,    647926,    000h 00m 01.524s,    000h 10m 47.926s
413,    1489,    649415,    000h 00m 01.489s,    000h 10m 49.415s
414,    1745,    651160,    000h 00m 01.745s,    000h 10m 51.160s
415,    1654,    652814,    000h 00m 01.654s,    000h 10m 52.814s
416,    1721,    654535,    000h 00m 01.721s,    000h 10m 54.535s
417,    1677,    656212,    000h 00m 01.677s,    000h 10m 56.212s
418,    1618,    657830,    000h 00m 01.618s,    000h 10m 57.830s
419,    1638,    659468,    000h 00m 01.638s,    000h 10m 59.468s
420,    1592,    661060,    000h 00m 01.592s,    000h 11m 01.060s
421,    1521,    662581,    000h 00m 01.521s,    000h 11m 02.581s
422,    1566,    664147,    000h 00m 01.566s,    000h 11m 04.147s
423,    1671,    665818,    000h 00m 01.671s,    000h 11m 05.818s
424,    1647,    667465,    000h 00m 01.647s,    000h 11m 07.465s
425,    1623,    669088,    000h 00m 01.623s,    000h 11m 09.088s
426,    1730,    670818,    000h 00m 01.730s,    000h 11m 10.818s
427,    1476,    672294,    000h 00m 01.476s,    000h 11m 12.294s
428,    1595,    673889,    000h 00m 01.595s,    000h 11m 13.889s
429,    1510,    675399,    000h 00m 01.510s,    000h 11m 15.399s
430,    1480,    676879,    000h 00m 01.480s,    000h 11m 16.879s
431,    1632,    678511,    000h 00m 01.632s,    000h 11m 18.511s
432,    1620,    680131,    000h 00m 01.620s,    000h 11m 20.131s
433,    1625,    681756,    000h 00m 01.625s,    000h 11m 21.756s
434,    1467,    683223,    000h 00m 01.467s,    000h 11m 23.223s
435,    1458,    684681,    000h 00m 01.458s,    000h 11m 24.681s
436,    1665,    686346,    000h 00m 01.665s,    000h 11m 26.346s
437,    1500,    687846,    000h 00m 01.500s,    000h 11m 27.846s
438,    1597,    689443,    000h 00m 01.597s,    000h 11m 29.443s
439,    1623,    691066,    000h 00m 01.623s,    000h 11m 31.066s
440,    1467,    692533,    000h 00m 01.467s,    000h 11m 32.533s
441,    1569,    694102,    000h 00m 01.569s,    000h 11m 34.102s
442,    1663,    695765,    000h 00m 01.663s,    000h 11m 35.765s
443,    1450,    697215,    000h 00m 01.450s,    000h 11m 37.215s
444,    1638,    698853,    000h 00m 01.638s,    000h 11m 38.853s
445,    1589,    700442,    000h 00m 01.589s,    000h 11m 40.442s
446,    1673,    702115,    000h 00m 01.673s,    000h 11m 42.115s
447,    1504,    703619,    000h 00m 01.504s,    000h 11m 43.619s
448,    1527,    705146,    000h 00m 01.527s,    000h 11m 45.146s
449,    1551,    706697,    000h 00m 01.551s,    000h 11m 46.697s
450,    1424,    708121,    000h 00m 01.424s,    000h 11m 48.121s
451,    1443,    709564,    000h 00m 01.443s,    000h 11m 49.564s
452,    1458,    711022,    000h 00m 01.458s,    000h 11m 51.022s
453,    1737,    712759,    000h 00m 01.737s,    000h 11m 52.759s
454,    1617,    714376,    000h 00m 01.617s,    000h 11m 54.376s
455,    1656,    716032,    000h 00m 01.656s,    000h 11m 56.032s
456,    1450,    717482,    000h 00m 01.450s,    000h 11m 57.482s
457,    1605,    719087,    000h 00m 01.605s,    000h 11m 59.087s
458,    1495,    720582,    000h 00m 01.495s,    000h 12m 00.582s
459,    1488,    722070,    000h 00m 01.488s,    000h 12m 02.070s
460,    1710,    723780,    000h 00m 01.710s,    000h 12m 03.780s
461,    1491,    725271,    000h 00m 01.491s,    000h 12m 05.271s
462,    1501,    726772,    000h 00m 01.501s,    000h 12m 06.772s
463,    1547,    728319,    000h 00m 01.547s,    000h 12m 08.319s
464,    1688,    730007,    000h 00m 01.688s,    000h 12m 10.007s
465,    1755,    731762,    000h 00m 01.755s,    000h 12m 11.762s
466,    1537,    733299,    000h 00m 01.537s,    000h 12m 13.299s
467,    1706,    735005,    000h 00m 01.706s,    000h 12m 15.005s
468,    1579,    736584,    000h 00m 01.579s,    000h 12m 16.584s
469,    1581,    738165,    000h 00m 01.581s,    000h 12m 18.165s
470,    1440,    739605,    000h 00m 01.440s,    000h 12m 19.605s
471,    1527,    741132,    000h 00m 01.527s,    000h 12m 21.132s
472,    1427,    742559,    000h 00m 01.427s,    000h 12m 22.559s
473,    1498,    744057,    000h 00m 01.498s,    000h 12m 24.057s
474,    1439,    745496,    000h 00m 01.439s,    000h 12m 25.496s
475,    1470,    746966,    000h 00m 01.470s,    000h 12m 26.966s
476,    1640,    748606,    000h 00m 01.640s,    000h 12m 28.606s
477,    1495,    750101,    000h 00m 01.495s,    000h 12m 30.101s
478,    1574,    751675,    000h 00m 01.574s,    000h 12m 31.675s
479,    1403,    753078,    000h 00m 01.403s,    000h 12m 33.078s
480,    1467,    754545,    000h 00m 01.467s,    000h 12m 34.545s
481,    1752,    756297,    000h 00m 01.752s,    000h 12m 36.297s
482,    1704,    758001,    000h 00m 01.704s,    000h 12m 38.001s
483,    1602,    759603,    000h 00m 01.602s,    000h 12m 39.603s
484,    1496,    761099,    000h 00m 01.496s,    000h 12m 41.099s
485,    1528,    762627,    000h 00m 01.528s,    000h 12m 42.627s
486,    1476,    764103,    000h 00m 01.476s,    000h 12m 44.103s
487,    1622,    765725,    000h 00m 01.622s,    000h 12m 45.725s
488,    1429,    767154,    000h 00m 01.429s,    000h 12m 47.154s
489,    1630,    768784,    000h 00m 01.630s,    000h 12m 48.784s
490,    1684,    770468,    000h 00m 01.684s,    000h 12m 50.468s
491,    1666,    772134,    000h 00m 01.666s,    000h 12m 52.134s
492,    1545,    773679,    000h 00m 01.545s,    000h 12m 53.679s
493,    1619,    775298,    000h 00m 01.619s,    000h 12m 55.298s
494,    1438,    776736,    000h 00m 01.438s,    000h 12m 56.736s
495,    1536,    778272,    000h 00m 01.536s,    000h 12m 58.272s
496,    1735,    780007,    000h 00m 01.735s,    000h 13m 00.007s
497,    1481,    781488,    000h 00m 01.481s,    000h 13m 01.488s
498,    1710,    783198,    000h 00m 01.710s,    000h 13m 03.198s
499,    1547,    784745,    000h 00m 01.547s,    000h 13m 04.745s
500,    1493,    786238,    000h 00m 01.493s,    000h 13m 06.238s
501,    1724,    787962,    000h 00m 01.724s,    000h 13m 07.962s
502,    1743,    789705,    000h 00m 01.743s,    000h 13m 09.705s
503,    1686,    791391,    000h 00m 01.686s,    000h 13m 11.391s
504,    1565,    792956,    000h 00m 01.565s,    000h 13m 12.956s
505,    1491,    794447,    000h 00m 01.491s,    000h 13m 14.447s
506,    1742,    796189,    000h 00m 01.742s,    000h 13m 16.189s
507,    1671,    797860,    000h 00m 01.671s,    000h 13m 17.860s
508,    1607,    799467,    000h 00m 01.607s,    000h 13m 19.467s
509,    1624,    801091,    000h 00m 01.624s,    000h 13m 21.091s
510,    1530,    802621,    000h 00m 01.530s,    000h 13m 22.621s
511,    1664,    804285,    000h 00m 01.664s,    000h 13m 24.285s
512,    1651,    805936,    000h 00m 01.651s,    000h 13m 25.936s
513,    1723,    807659,    000h 00m 01.723s,    000h 13m 27.659s
514,    1622,    809281,    000h 00m 01.622s,    000h 13m 29.281s
515,    1661,    810942,    000h 00m 01.661s,    000h 13m 30.942s
516,    1430,    812372,    000h 00m 01.430s,    000h 13m 32.372s
517,    1530,    813902,    000h 00m 01.530s,    000h 13m 33.902s
518,    1483,    815385,    000h 00m 01.483s,    000h 13m 35.385s
519,    1477,    816862,    000h 00m 01.477s,    000h 13m 36.862s
520,    1568,    818430,    000h 00m 01.568s,    000h 13m 38.430s
521,    1713,    820143,    000h 00m 01.713s,    000h 13m 40.143s
522,    1707,    821850,    000h 00m 01.707s,    000h 13m 41.850s
523,    1714,    823564,    000h 00m 01.714s,    000h 13m 43.564s
524,    1543,    825107,    000h 00m 01.543s,    000h 13m 45.107s
525,    1444,    826551,    000h 00m 01.444s,    000h 13m 46.551s
526,    1556,    828107,    000h 00m 01.556s,    000h 13m 48.107s
527,    1585,    829692,    000h 00m 01.585s,    000h 13m 49.692s
528,    1530,    831222,    000h 00m 01.530s,    000h 13m 51.222s
529,    1711,    832933,    000h 00m 01.711s,    000h 13m 52.933s
530,    1750,    834683,    000h 00m 01.750s,    000h 13m 54.683s
531,    1523,    836206,    000h 00m 01.523s,    000h 13m 56.206s
532,    1479,    837685,    000h 00m 01.479s,    000h 13m 57.685s
533,    1509,    839194,    000h 00m 01.509s,    000h 13m 59.194s
534,    1521,    840715,    000h 00m 01.521s,    000h 14m 00.715s
535,    1485,    842200,    000h 00m 01.485s,    000h 14m 02.200s
536,    1644,    843844,    000h 00m 01.644s,    000h 14m 03.844s
537,    1707,    845551,    000h 00m 01.707s,    000h 14m 05.551s
538,    1703,    847254,    000h 00m 01.703s,    000h 14m 07.254s
539,    1460,    848714,    000h 00m 01.460s,    000h 14m 08.714s
540,    1713,    850427,    000h 00m 01.713s,    000h 14m 10.427s
541,    1611,    852038,    000h 00m 01.611s,    000h 14m 12.038s
542,    1514,    853552,    000h 00m 01.514s,    000h 14m 13.552s
543,    1674,    855226,    000h 00m 01.674s,    000h 14m 15.226s
544,    1530,    856756,    000h 00m 01.530s,    000h 14m 16.756s
545,    1548,    858304,    000h 00m 01.548s,    000h 14m 18.304s
546,    1689,    859993,    000h 00m 01.689s,    000h 14m 19.993s
547,    1571,    861564,    000h 00m 01.571s,    000h 14m 21.564s
548,    1707,    863271,    000h 00m 01.707s,    000h 14m 23.271s
549,    1738,    865009,    000h 00m 01.738s,    000h 14m 25.009s
550,    1584,    866593,    000h 00m 01.584s,    000h 14m 26.593s
551,    1684,    868277,    000h 00m 01.684s,    000h 14m 28.277s
552,    1532,    869809,    000h 00m 01.532s,    000h 14m 29.809s
553,    1682,    871491,    000h 00m 01.682s,    000h 14m 31.491s
554,    1665,    873156,    000h 00m 01.665s,    000h 14m 33.156s
555,    1699,    874855,    000h 00m 01.699s,    000h 14m 34.855s
556,    1596,    876451,    000h 00m 01.596s,    000h 14m 36.451s
557,    1722,    878173,    000h 00m 01.722s,    000h 14m 38.173s
558,    1503,    879676,    000h 00m 01.503s,    000h 14m 39.676s
559,    1754,    881430,    000h 00m 01.754s,    000h 14m 41.430s
560,    1652,    883082,    000h 00m 01.652s,    000h 14m 43.082s
561,    1729,    884811,    000h 00m 01.729s,    000h 14m 44.811s
562,    1705,    886516,    000h 00m 01.705s,    000h 14m 46.516s
563,    1520,    888036,    000h 00m 01.520s,    000h 14m 48.036s
564,    1662,    889698,    000h 00m 01.662s,    000h 14m 49.698s
565,    1639,    891337,    000h 00m 01.639s,    000h 14m 51.337s
566,    1469,    892806,    000h 00m 01.469s,    000h 14m 52.806s
567,    1719,    894525,    000h 00m 01.719s,    000h 14m 54.525s
568,    1480,    896005,    000h 00m 01.480s,    000h 14m 56.005s
569,    1716,    897721,    000h 00m 01.716s,    000h 14m 57.721s
570,    1390,    899111,    000h 00m 01.390s,    000h 14m 59.111s
571,    1729,    900840,    000h 00m 01.729s,    000h 15m 00.840s
572,    1472,    902312,    000h 00m 01.472s,    000h 15m 02.312s
573,    1493,    903805,    000h 00m 01.493s,    000h 15m 03.805s
574,    1545,    905350,    000h 00m 01.545s,    000h 15m 05.350s
575,    1621,    906971,    000h 00m 01.621s,    000h 15m 06.971s
576,    1537,    908508,    000h 00m 01.537s,    000h 15m 08.508s
577,    1400,    909908,    000h 00m 01.400s,    000h 15m 09.908s
578,    1644,    911552,    000h 00m 01.644s,    000h 15m 11.552s
579,    1595,    913147,    000h 00m 01.595s,    000h 15m 13.147s
580,    1629,    914776,    000h 00m 01.629s,    000h 15m 14.776s
581,    1456,    916232,    000h 00m 01.456s,    000h 15m 16.232s
582,    1692,    917924,    000h 00m 01.692s,    000h 15m 17.924s
583,    1494,    919418,    000h 00m 01.494s,    000h 15m 19.418s
584,    1652,    921070,    000h 00m 01.652s,    000h 15m 21.070s
585,    1692,    922762,    000h 00m 01.692s,    000h 15m 22.762s
586,    1449,    924211,    000h 00m 01.449s,    000h 15m 24.211s
587,    1638,    925849,    000h 00m 01.638s,    000h 15m 25.849s
588,    1495,    927344,    000h 00m 01.495s,    000h 15m 27.344s
589,    1688,    929032,    000h 00m 01.688s,    000h 15m 29.032s
590,    1516,    930548,    000h 00m 01.516s,    000h 15m 30.548s
591,    1516,    932064,    000h 00m 01.516s,    000h 15m 32.064s
592,    1598,    933662,    000h 00m 01.598s,    000h 15m 33.662s
593,    1709,    935371,    000h 00m 01.709s,    000h 15m 35.371s
594,    1387,    936758,    000h 00m 01.387s,    000h 15m 36.758s
595,    1493,    938251,    000h 00m 01.493s,    000h 15m 38.251s
596,    1648,    939899,    000h 00m 01.648s,    000h 15m 39.899s
597,    1712,    941611,    000h 00m 01.712s,    000h 15m 41.611s
598,    1503,    943114,    000h 00m 01.503s,    000h 15m 43.114s
599,    1570,    944684,    000h 00m 01.570s,    000h 15m 44.684s
600,    1604,    946288,    000h 00m 01.604s,    000h 15m 46.288s
601,    1655,    947943,    000h 00m 01.655s,    000h 15m 47.943s
602,    1702,    949645,    000h 00m 01.702s,    000h 15m 49.645s
603,    1572,    951217,    000h 00m 01.572s,    000h 15m 51.217s
604,    1560,    952777,    000h 00m 01.560s,    000h 15m 52.777s
605,    1539,    954316,    000h 00m 01.539s,    000h 15m 54.316s
606,    1678,    955994,    000h 00m 01.678s,    000h 15m 55.994s
607,    1503,    957497,    000h 00m 01.503s,    000h 15m 57.497s
608,    1426,    958923,    000h 00m 01.426s,    000h 15m 58.923s
609,    1460,    960383,    000h 00m 01.460s,    000h 16m 00.383s
610,    1675,    962058,    000h 00m 01.675s,    000h 16m 02.058s
611,    1688,    963746,    000h 00m 01.688s,    000h 16m 03.746s
612,    1469,    965215,    000h 00m 01.469s,    000h 16m 05.215s
613,    1633,    966848,    000h 00m 01.633s,    000h 16m 06.848s
614,    1431,    968279,    000h 00m 01.431s,    000h 16m 08.279s
615,    1610,    969889,    000h 00m 01.610s,    000h 16m 09.889s
616,    1675,    971564,    000h 00m 01.675s,    000h 16m 11.564s
617,    1655,    973219,    000h 00m 01.655s,    000h 16m 13.219s
618,    1631,    974850,    000h 00m 01.631s,    000h 16m 14.850s
619,    1671,    976521,    000h 00m 01.671s,    000h 16m 16.521s
620,    1721,    978242,    000h 00m 01.721s,    000h 16m 18.242s
621,    1547,    979789,    000h 00m 01.547s,    000h 16m 19.789s
622,    1699,    981488,    000h 00m 01.699s,    000h 16m 21.488s
623,    1691,    983179,    000h 00m 01.691s,    000h 16m 23.179s
624,    1561,    984740,    000h 00m 01.561s,    000h 16m 24.740s
625,    1467,    986207,    000h 00m 01.467s,    000h 16m 26.207s
626,    1635,    987842,    000h 00m 01.635s,    000h 16m 27.842s
627,    1527,    989369,    000h 00m 01.527s,    000h 16m 29.369s
628,    1603,    990972,    000h 00m 01.603s,    000h 16m 30.972s
629,    1573,    992545,    000h 00m 01.573s,    000h 16m 32.545s
630,    1659,    994204,    000h 00m 01.659s,    000h 16m 34.204s
631,    1663,    995867,    000h 00m 01.663s,    000h 16m 35.867s
632,    1536,    997403,    000h 00m 01.536s,    000h 16m 37.403s
633,    1706,    999109,    000h 00m 01.706s,    000h 16m 39.109s
634,    1681,    1000790,    000h 00m 01.681s,    000h 16m 40.790s
635,    1447,    1002237,    000h 00m 01.447s,    000h 16m 42.237s
636,    1574,    1003811,    000h 00m 01.574s,    000h 16m 43.811s
637,    1655,    1005466,    000h 00m 01.655s,    000h 16m 45.466s
638,    1437,    1006903,    000h 00m 01.437s,    000h 16m 46.903s
639,    1439,    1008342,    000h 00m 01.439s,    000h 16m 48.342s
640,    1642,    1009984,    000h 00m 01.642s,    000h 16m 49.984s
641,    1616,    1011600,    000h 00m 01.616s,    000h 16m 51.600s
642,    1735,    1013335,    000h 00m 01.735s,    000h 16m 53.335s
643,    1719,    1015054,    000h 00m 01.719s,    000h 16m 55.054s
644,    1561,    1016615,    000h 00m 01.561s,    000h 16m 56.615s
645,    1641,    1018256,    000h 00m 01.641s,    000h 16m 58.256s
646,    1443,    1019699,    000h 00m 01.443s,    000h 16m 59.699s
647,    1547,    1021246,    000h 00m 01.547s,    000h 17m 01.246s
648,    1599,    1022845,    000h 00m 01.599s,    000h 17m 02.845s
649,    1567,    1024412,    000h 00m 01.567s,    000h 17m 04.412s
650,    1661,    1026073,    000h 00m 01.661s,    000h 17m 06.073s
651,    1498,    1027571,    000h 00m 01.498s,    000h 17m 07.571s
652,    1503,    1029074,    000h 00m 01.503s,    000h 17m 09.074s
653,    1578,    1030652,    000h 00m 01.578s,    000h 17m 10.652s
654,    1618,    1032270,    000h 00m 01.618s,    000h 17m 12.270s
655,    1432,    1033702,    000h 00m 01.432s,    000h 17m 13.702s
656,    1614,    1035316,    000h 00m 01.614s,    000h 17m 15.316s
657,    1663,    1036979,    000h 00m 01.663s,    000h 17m 16.979s
658,    1635,    1038614,    000h 00m 01.635s,    000h 17m 18.614s
659,    1617,    1040231,    000h 00m 01.617s,    000h 17m 20.231s
660,    1582,    1041813,    000h 00m 01.582s,    000h 17m 21.813s
661,    1468,    1043281,    000h 00m 01.468s,    000h 17m 23.281s
662,    1450,    1044731,    000h 00m 01.450s,    000h 17m 24.731s
663,    1508,    1046239,    000h 00m 01.508s,    000h 17m 26.239s
664,    1607,    1047846,    000h 00m 01.607s,    000h 17m 27.846s
665,    1402,    1049248,    000h 00m 01.402s,    000h 17m 29.248s
666,    1454,    1050702,    000h 00m 01.454s,    000h 17m 30.702s
667,    1544,    1052246,    000h 00m 01.544s,    000h 17m 32.246s
668,    1457,    1053703,    000h 00m 01.457s,    000h 17m 33.703s
669,    1652,    1055355,    000h 00m 01.652s,    000h 17m 35.355s
670,    1465,    1056820,    000h 00m 01.465s,    000h 17m 36.820s
671,    1690,    1058510,    000h 00m 01.690s,    000h 17m 38.510s
672,    1662,    1060172,    000h 00m 01.662s,    000h 17m 40.172s
673,    1460,    1061632,    000h 00m 01.460s,    000h 17m 41.632s
674,    1729,    1063361,    000h 00m 01.729s,    000h 17m 43.361s
675,    1701,    1065062,    000h 00m 01.701s,    000h 17m 45.062s
676,    1695,    1066757,    000h 00m 01.695s,    000h 17m 46.757s
677,    1468,    1068225,    000h 00m 01.468s,    000h 17m 48.225s
678,    1714,    1069939,    000h 00m 01.714s,    000h 17m 49.939s
679,    1553,    1071492,    000h 00m 01.553s,    000h 17m 51.492s
680,    1444,    1072936,    000h 00m 01.444s,    000h 17m 52.936s
681,    1489,    1074425,    000h 00m 01.489s,    000h 17m 54.425s
682,    1678,    1076103,    000h 00m 01.678s,    000h 17m 56.103s
683,    1447,    1077550,    000h 00m 01.447s,    000h 17m 57.550s
684,    1704,    1079254,    000h 00m 01.704s,    000h 17m 59.254s
685,    1559,    1080813,    000h 00m 01.559s,    000h 18m 00.813s
686,    1625,    1082438,    000h 00m 01.625s,    000h 18m 02.438s
687,    1750,    1084188,    000h 00m 01.750s,    000h 18m 04.188s
688,    1733,    1085921,    000h 00m 01.733s,    000h 18m 05.921s
689,    1544,    1087465,    000h 00m 01.544s,    000h 18m 07.465s
690,    1428,    1088893,    000h 00m 01.428s,    000h 18m 08.893s
691,    1383,    1090276,    000h 00m 01.383s,    000h 18m 10.276s
692,    1512,    1091788,    000h 00m 01.512s,    000h 18m 11.788s
693,    1470,    1093258,    000h 00m 01.470s,    000h 18m 13.258s
694,    1647,    1094905,    000h 00m 01.647s,    000h 18m 14.905s
695,    1481,    1096386,    000h 00m 01.481s,    000h 18m 16.386s
696,    1596,    1097982,    000h 00m 01.596s,    000h 18m 17.982s
697,    1598,    1099580,    000h 00m 01.598s,    000h 18m 19.580s
698,    1640,    1101220,    000h 00m 01.640s,    000h 18m 21.220s
699,    1529,    1102749,    000h 00m 01.529s,    000h 18m 22.749s
700,    1493,    1104242,    000h 00m 01.493s,    000h 18m 24.242s
701,    1494,    1105736,    000h 00m 01.494s,    000h 18m 25.736s
702,    1623,    1107359,    000h 00m 01.623s,    000h 18m 27.359s
703,    1671,    1109030,    000h 00m 01.671s,    000h 18m 29.030s
704,    1661,    1110691,    000h 00m 01.661s,    000h 18m 30.691s
705,    1473,    1112164,    000h 00m 01.473s,    000h 18m 32.164s
706,    1441,    1113605,    000h 00m 01.441s,    000h 18m 33.605s
707,    1472,    1115077,    000h 00m 01.472s,    000h 18m 35.077s
708,    1573,    1116650,    000h 00m 01.573s,    000h 18m 36.650s
709,    1626,    1118276,    000h 00m 01.626s,    000h 18m 38.276s
710,    1535,    1119811,    000h 00m 01.535s,    000h 18m 39.811s
711,    1643,    1121454,    000h 00m 01.643s,    000h 18m 41.454s
712,    1531,    1122985,    000h 00m 01.531s,    000h 18m 42.985s
713,    1435,    1124420,    000h 00m 01.435s,    000h 18m 44.420s
714,    1399,    1125819,    000h 00m 01.399s,    000h 18m 45.819s
715,    1532,    1127351,    000h 00m 01.532s,    000h 18m 47.351s
716,    1529,    1128880,    000h 00m 01.529s,    000h 18m 48.880s
717,    1426,    1130306,    000h 00m 01.426s,    000h 18m 50.306s
718,    1427,    1131733,    000h 00m 01.427s,    000h 18m 51.733s
719,    1544,    1133277,    000h 00m 01.544s,    000h 18m 53.277s
720,    1706,    1134983,    000h 00m 01.706s,    000h 18m 54.983s
721,    1523,    1136506,    000h 00m 01.523s,    000h 18m 56.506s
722,    1565,    1138071,    000h 00m 01.565s,    000h 18m 58.071s
723,    1580,    1139651,    000h 00m 01.580s,    000h 18m 59.651s
724,    1481,    1141132,    000h 00m 01.481s,    000h 19m 01.132s
725,    1528,    1142660,    000h 00m 01.528s,    000h 19m 02.660s
726,    1493,    1144153,    000h 00m 01.493s,    000h 19m 04.153s
727,    1431,    1145584,    000h 00m 01.431s,    000h 19m 05.584s
728,    1593,    1147177,    000h 00m 01.593s,    000h 19m 07.177s
729,    1723,    1148900,    000h 00m 01.723s,    000h 19m 08.900s
730,    1447,    1150347,    000h 00m 01.447s,    000h 19m 10.347s
731,    1689,    1152036,    000h 00m 01.689s,    000h 19m 12.036s
732,    1721,    1153757,    000h 00m 01.721s,    000h 19m 13.757s
733,    1686,    1155443,    000h 00m 01.686s,    000h 19m 15.443s
734,    1697,    1157140,    000h 00m 01.697s,    000h 19m 17.140s
735,    1662,    1158802,    000h 00m 01.662s,    000h 19m 18.802s
736,    1683,    1160485,    000h 00m 01.683s,    000h 19m 20.485s
737,    1469,    1161954,    000h 00m 01.469s,    000h 19m 21.954s
738,    1597,    1163551,    000h 00m 01.597s,    000h 19m 23.551s
739,    1670,    1165221,    000h 00m 01.670s,    000h 19m 25.221s
740,    1513,    1166734,    000h 00m 01.513s,    000h 19m 26.734s
741,    1638,    1168372,    000h 00m 01.638s,    000h 19m 28.372s
742,    1536,    1169908,    000h 00m 01.536s,    000h 19m 29.908s
743,    1428,    1171336,    000h 00m 01.428s,    000h 19m 31.336s
744,    1655,    1172991,    000h 00m 01.655s,    000h 19m 32.991s
745,    1605,    1174596,    000h 00m 01.605s,    000h 19m 34.596s
746,    1531,    1176127,    000h 00m 01.531s,    000h 19m 36.127s
747,    1523,    1177650,    000h 00m 01.523s,    000h 19m 37.650s
748,    1733,    1179383,    000h 00m 01.733s,    000h 19m 39.383s
749,    1553,    1180936,    000h 00m 01.553s,    000h 19m 40.936s
750,    1658,    1182594,    000h 00m 01.658s,    000h 19m 42.594s
751,    1466,    1184060,    000h 00m 01.466s,    000h 19m 44.060s
752,    1474,    1185534,    000h 00m 01.474s,    000h 19m 45.534s
753,    1568,    1187102,    000h 00m 01.568s,    000h 19m 47.102s
754,    1627,    1188729,    000h 00m 01.627s,    000h 19m 48.729s
755,    1606,    1190335,    000h 00m 01.606s,    000h 19m 50.335s
756,    1705,    1192040,    000h 00m 01.705s,    000h 19m 52.040s
757,    1535,    1193575,    000h 00m 01.535s,    000h 19m 53.575s
758,    1535,    1195110,    000h 00m 01.535s,    000h 19m 55.110s
759,    1445,    1196555,    000h 00m 01.445s,    000h 19m 56.555s
760,    1689,    1198244,    000h 00m 01.689s,    000h 19m 58.244s
761,    1749,    1199993,    000h 00m 01.749s,    000h 19m 59.993s
762,    1673,    1201666,    000h 00m 01.673s,    000h 20m 01.666s
763,    1691,    1203357,    000h 00m 01.691s,    000h 20m 03.357s
764,    1415,    1204772,    000h 00m 01.415s,    000h 20m 04.772s
765,    1571,    1206343,    000h 00m 01.571s,    000h 20m 06.343s
766,    1423,    1207766,    000h 00m 01.423s,    000h 20m 07.766s
767,    1662,    1209428,    000h 00m 01.662s,    000h 20m 09.428s
768,    1416,    1210844,    000h 00m 01.416s,    000h 20m 10.844s
769,    1670,    1212514,    000h 00m 01.670s,    000h 20m 12.514s
770,    1630,    1214144,    000h 00m 01.630s,    000h 20m 14.144s
771,    1709,    1215853,    000h 00m 01.709s,    000h 20m 15.853s
772,    1443,    1217296,    000h 00m 01.443s,    000h 20m 17.296s
773,    1650,    1218946,    000h 00m 01.650s,    000h 20m 18.946s
774,    1584,    1220530,    000h 00m 01.584s,    000h 20m 20.530s
775,    1543,    1222073,    000h 00m 01.543s,    000h 20m 22.073s
776,    1501,    1223574,    000h 00m 01.501s,    000h 20m 23.574s
777,    1443,    1225017,    000h 00m 01.443s,    000h 20m 25.017s
778,    1519,    1226536,    000h 00m 01.519s,    000h 20m 26.536s
779,    1472,    1228008,    000h 00m 01.472s,    000h 20m 28.008s
780,    1654,    1229662,    000h 00m 01.654s,    000h 20m 29.662s
781,    1551,    1231213,    000h 00m 01.551s,    000h 20m 31.213s
782,    1664,    1232877,    000h 00m 01.664s,    000h 20m 32.877s
783,    1653,    1234530,    000h 00m 01.653s,    000h 20m 34.530s
784,    1645,    1236175,    000h 00m 01.645s,    000h 20m 36.175s
785,    1450,    1237625,    000h 00m 01.450s,    000h 20m 37.625s
786,    1599,    1239224,    000h 00m 01.599s,    000h 20m 39.224s
787,    1624,    1240848,    000h 00m 01.624s,    000h 20m 40.848s
788,    1414,    1242262,    000h 00m 01.414s,    000h 20m 42.262s
789,    1598,    1243860,    000h 00m 01.598s,    000h 20m 43.860s
790,    1484,    1245344,    000h 00m 01.484s,    000h 20m 45.344s
791,    1664,    1247008,    000h 00m 01.664s,    000h 20m 47.008s
792,    1674,    1248682,    000h 00m 01.674s,    000h 20m 48.682s
793,    1617,    1250299,    000h 00m 01.617s,    000h 20m 50.299s
794,    1628,    1251927,    000h 00m 01.628s,    000h 20m 51.927s
795,    1586,    1253513,    000h 00m 01.586s,    000h 20m 53.513s
796,    1610,    1255123,    000h 00m 01.610s,    000h 20m 55.123s
797,    1431,    1256554,    000h 00m 01.431s,    000h 20m 56.554s
798,    1716,    1258270,    000h 00m 01.716s,    000h 20m 58.270s
799,    1526,    1259796,    000h 00m 01.526s,    000h 20m 59.796s
800,    1615,    1261411,    000h 00m 01.615s,    000h 21m 01.411s
801,    1593,    1263004,    000h 00m 01.593s,    000h 21m 03.004s
802,    1471,    1264475,    000h 00m 01.471s,    000h 21m 04.475s
803,    1543,    1266018,    000h 00m 01.543s,    000h 21m 06.018s
804,    1689,    1267707,    000h 00m 01.689s,    000h 21m 07.707s
805,    1482,    1269189,    000h 00m 01.482s,    000h 21m 09.189s
806,    1502,    1270691,    000h 00m 01.502s,    000h 21m 10.691s
807,    1541,    1272232,    000h 00m 01.541s,    000h 21m 12.232s
808,    1626,    1273858,    000h 00m 01.626s,    000h 21m 13.858s
809,    1563,    1275421,    000h 00m 01.563s,    000h 21m 15.421s
810,    1688,    1277109,    000h 00m 01.688s,    000h 21m 17.109s
811,    1548,    1278657,    000h 00m 01.548s,    000h 21m 18.657s
812,    1462,    1280119,    000h 00m 01.462s,    000h 21m 20.119s
813,    1504,    1281623,    000h 00m 01.504s,    000h 21m 21.623s
814,    1489,    1283112,    000h 00m 01.489s,    000h 21m 23.112s
815,    1450,    1284562,    000h 00m 01.450s,    000h 21m 24.562s
816,    1429,    1285991,    000h 00m 01.429s,    000h 21m 25.991s
817,    1578,    1287569,    000h 00m 01.578s,    000h 21m 27.569s
818,    1472,    1289041,    000h 00m 01.472s,    000h 21m 29.041s
819,    1676,    1290717,    000h 00m 01.676s,    000h 21m 30.717s
820,    1564,    1292281,    000h 00m 01.564s,    000h 21m 32.281s
821,    1454,    1293735,    000h 00m 01.454s,    000h 21m 33.735s
822,    1604,    1295339,    000h 00m 01.604s,    000h 21m 35.339s
823,    1696,    1297035,    000h 00m 01.696s,    000h 21m 37.035s
824,    1631,    1298666,    000h 00m 01.631s,    000h 21m 38.666s
825,    1642,    1300308,    000h 00m 01.642s,    000h 21m 40.308s
826,    1575,    1301883,    000h 00m 01.575s,    000h 21m 41.883s
827,    1498,    1303381,    000h 00m 01.498s,    000h 21m 43.381s
828,    1639,    1305020,    000h 00m 01.639s,    000h 21m 45.020s
829,    1704,    1306724,    000h 00m 01.704s,    000h 21m 46.724s
830,    1676,    1308400,    000h 00m 01.676s,    000h 21m 48.400s
831,    1676,    1310076,    000h 00m 01.676s,    000h 21m 50.076s
832,    1511,    1311587,    000h 00m 01.511s,    000h 21m 51.587s
833,    1749,    1313336,    000h 00m 01.749s,    000h 21m 53.336s
834,    1676,    1315012,    000h 00m 01.676s,    000h 21m 55.012s
835,    1505,    1316517,    000h 00m 01.505s,    000h 21m 56.517s
836,    1451,    1317968,    000h 00m 01.451s,    000h 21m 57.968s
837,    1402,    1319370,    000h 00m 01.402s,    000h 21m 59.370s
838,    1448,    1320818,    000h 00m 01.448s,    000h 22m 00.818s
839,    1402,    1322220,    000h 00m 01.402s,    000h 22m 02.220s
840,    1545,    1323765,    000h 00m 01.545s,    000h 22m 03.765s
841,    1572,    1325337,    000h 00m 01.572s,    000h 22m 05.337s
842,    1719,    1327056,    000h 00m 01.719s,    000h 22m 07.056s
843,    1577,    1328633,    000h 00m 01.577s,    000h 22m 08.633s
844,    1596,    1330229,    000h 00m 01.596s,    000h 22m 10.229s
845,    1474,    1331703,    000h 00m 01.474s,    000h 22m 11.703s
846,    1738,    1333441,    000h 00m 01.738s,    000h 22m 13.441s
847,    1540,    1334981,    000h 00m 01.540s,    000h 22m 14.981s
848,    1712,    1336693,    000h 00m 01.712s,    000h 22m 16.693s
849,    1471,    1338164,    000h 00m 01.471s,    000h 22m 18.164s
850,    1661,    1339825,    000h 00m 01.661s,    000h 22m 19.825s
851,    1716,    1341541,    000h 00m 01.716s,    000h 22m 21.541s
852,    1531,    1343072,    000h 00m 01.531s,    000h 22m 23.072s
853,    1567,    1344639,    000h 00m 01.567s,    000h 22m 24.639s
854,    1671,    1346310,    000h 00m 01.671s,    000h 22m 26.310s
855,    1454,    1347764,    000h 00m 01.454s,    000h 22m 27.764s
856,    1579,    1349343,    000h 00m 01.579s,    000h 22m 29.343s
857,    1744,    1351087,    000h 00m 01.744s,    000h 22m 31.087s
858,    1527,    1352614,    000h 00m 01.527s,    000h 22m 32.614s
859,    1483,    1354097,    000h 00m 01.483s,    000h 22m 34.097s
860,    1470,    1355567,    000h 00m 01.470s,    000h 22m 35.567s
861,    1667,    1357234,    000h 00m 01.667s,    000h 22m 37.234s
862,    1438,    1358672,    000h 00m 01.438s,    000h 22m 38.672s
863,    1450,    1360122,    000h 00m 01.450s,    000h 22m 40.122s
864,    1475,    1361597,    000h 00m 01.475s,    000h 22m 41.597s
865,    1483,    1363080,    000h 00m 01.483s,    000h 22m 43.080s
866,    1460,    1364540,    000h 00m 01.460s,    000h 22m 44.540s
867,    1500,    1366040,    000h 00m 01.500s,    000h 22m 46.040s
868,    1664,    1367704,    000h 00m 01.664s,    000h 22m 47.704s
869,    1581,    1369285,    000h 00m 01.581s,    000h 22m 49.285s
870,    1475,    1370760,    000h 00m 01.475s,    000h 22m 50.760s
871,    1566,    1372326,    000h 00m 01.566s,    000h 22m 52.326s
872,    1430,    1373756,    000h 00m 01.430s,    000h 22m 53.756s
873,    1625,    1375381,    000h 00m 01.625s,    000h 22m 55.381s
874,    1720,    1377101,    000h 00m 01.720s,    000h 22m 57.101s
875,    1647,    1378748,    000h 00m 01.647s,    000h 22m 58.748s
876,    1724,    1380472,    000h 00m 01.724s,    000h 23m 00.472s
877,    1584,    1382056,    000h 00m 01.584s,    000h 23m 02.056s
878,    1474,    1383530,    000h 00m 01.474s,    000h 23m 03.530s
879,    1722,    1385252,    000h 00m 01.722s,    000h 23m 05.252s
880,    1669,    1386921,    000h 00m 01.669s,    000h 23m 06.921s
881,    1429,    1388350,    000h 00m 01.429s,    000h 23m 08.350s
882,    1517,    1389867,    000h 00m 01.517s,    000h 23m 09.867s
883,    1502,    1391369,    000h 00m 01.502s,    000h 23m 11.369s
884,    1488,    1392857,    000h 00m 01.488s,    000h 23m 12.857s
885,    1473,    1394330,    000h 00m 01.473s,    000h 23m 14.330s
886,    1593,    1395923,    000h 00m 01.593s,    000h 23m 15.923s
887,    1463,    1397386,    000h 00m 01.463s,    000h 23m 17.386s
888,    2011,    1399397,    000h 00m 02.011s,    000h 23m 19.397s
889,    1761,    1401158,    000h 00m 01.761s,    000h 23m 21.158s
890,    1531,    1402689,    000h 00m 01.531s,    000h 23m 22.689s
891,    1719,    1404408,    000h 00m 01.719s,    000h 23m 24.408s
892,    1629,    1406037,    000h 00m 01.629s,    000h 23m 26.037s
893,    1735,    1407772,    000h 00m 01.735s,    000h 23m 27.772s
894,    1468,    1409240,    000h 00m 01.468s,    000h 23m 29.240s
895,    1572,    1410812,    000h 00m 01.572s,    000h 23m 30.812s
896,    1594,    1412406,    000h 00m 01.594s,    000h 23m 32.406s
897,    1466,    1413872,    000h 00m 01.466s,    000h 23m 33.872s
898,    1504,    1415376,    000h 00m 01.504s,    000h 23m 35.376s
899,    1673,    1417049,    000h 00m 01.673s,    000h 23m 37.049s
900,    1682,    1418731,    000h 00m 01.682s,    000h 23m 38.731s
901,    1449,    1420180,    000h 00m 01.449s,    000h 23m 40.180s
902,    1747,    1421927,    000h 00m 01.747s,    000h 23m 41.927s
903,    1661,    1423588,    000h 00m 01.661s,    000h 23m 43.588s
904,    1730,    1425318,    000h 00m 01.730s,    000h 23m 45.318s
905,    1605,    1426923,    000h 00m 01.605s,    000h 23m 46.923s
906,    1674,    1428597,    000h 00m 01.674s,    000h 23m 48.597s
907,    1501,    1430098,    000h 00m 01.501s,    000h 23m 50.098s
908,    1511,    1431609,    000h 00m 01.511s,    000h 23m 51.609s
909,    1633,    1433242,    000h 00m 01.633s,    000h 23m 53.242s
910,    1537,    1434779,    000h 00m 01.537s,    000h 23m 54.779s
911,    1478,    1436257,    000h 00m 01.478s,    000h 23m 56.257s
912,    1412,    1437669,    000h 00m 01.412s,    000h 23m 57.669s
913,    1652,    1439321,    000h 00m 01.652s,    000h 23m 59.321s
914,    1685,    1441006,    000h 00m 01.685s,    000h 24m 01.006s
915,    1684,    1442690,    000h 00m 01.684s,    000h 24m 02.690s
916,    1691,    1444381,    000h 00m 01.691s,    000h 24m 04.381s
917,    1615,    1445996,    000h 00m 01.615s,    000h 24m 05.996s
918,    1571,    1447567,    000h 00m 01.571s,    000h 24m 07.567s
919,    1684,    1449251,    000h 00m 01.684s,    000h 24m 09.251s
920,    1612,    1450863,    000h 00m 01.612s,    000h 24m 10.863s
921,    1445,    1452308,    000h 00m 01.445s,    000h 24m 12.308s
922,    1707,    1454015,    000h 00m 01.707s,    000h 24m 14.015s
923,    1744,    1455759,    000h 00m 01.744s,    000h 24m 15.759s
924,    1491,    1457250,    000h 00m 01.491s,    000h 24m 17.250s
925,    1735,    1458985,    000h 00m 01.735s,    000h 24m 18.985s
926,    1511,    1460496,    000h 00m 01.511s,    000h 24m 20.496s
927,    1430,    1461926,    000h 00m 01.430s,    000h 24m 21.926s
928,    1610,    1463536,    000h 00m 01.610s,    000h 24m 23.536s
929,    1624,    1465160,    000h 00m 01.624s,    000h 24m 25.160s
930,    1499,    1466659,    000h 00m 01.499s,    000h 24m 26.659s
931,    1554,    1468213,    000h 00m 01.554s,    000h 24m 28.213s
932,    1621,    1469834,    000h 00m 01.621s,    000h 24m 29.834s
933,    1451,    1471285,    000h 00m 01.451s,    000h 24m 31.285s
934,    1411,    1472696,    000h 00m 01.411s,    000h 24m 32.696s
935,    1582,    1474278,    000h 00m 01.582s,    000h 24m 34.278s
936,    1612,    1475890,    000h 00m 01.612s,    000h 24m 35.890s
937,    1731,    1477621,    000h 00m 01.731s,    000h 24m 37.621s
938,    1510,    1479131,    000h 00m 01.510s,    000h 24m 39.131s
939,    1522,    1480653,    000h 00m 01.522s,    000h 24m 40.653s
940,    1632,    1482285,    000h 00m 01.632s,    000h 24m 42.285s
941,    1550,    1483835,    000h 00m 01.550s,    000h 24m 43.835s
942,    1468,    1485303,    000h 00m 01.468s,    000h 24m 45.303s
943,    1429,    1486732,    000h 00m 01.429s,    000h 24m 46.732s
944,    1446,    1488178,    000h 00m 01.446s,    000h 24m 48.178s
945,    1619,    1489797,    000h 00m 01.619s,    000h 24m 49.797s
946,    1691,    1491488,    000h 00m 01.691s,    000h 24m 51.488s
947,    1579,    1493067,    000h 00m 01.579s,    000h 24m 53.067s
948,    1438,    1494505,    000h 00m 01.438s,    000h 24m 54.505s
949,    1610,    1496115,    000h 00m 01.610s,    000h 24m 56.115s
950,    1668,    1497783,    000h 00m 01.668s,    000h 24m 57.783s
951,    1444,    1499227,    000h 00m 01.444s,    000h 24m 59.227s
952,    1620,    1500847,    000h 00m 01.620s,    000h 25m 00.847s
953,    1616,    1502463,    000h 00m 01.616s,    000h 25m 02.463s
954,    1659,    1504122,    000h 00m 01.659s,    000h 25m 04.122s
955,    1615,    1505737,    000h 00m 01.615s,    000h 25m 05.737s
956,    1426,    1507163,    000h 00m 01.426s,    000h 25m 07.163s
957,    1757,    1508920,    000h 00m 01.757s,    000h 25m 08.920s
958,    1531,    1510451,    000h 00m 01.531s,    000h 25m 10.451s
959,    1581,    1512032,    000h 00m 01.581s,    000h 25m 12.032s
960,    1661,    1513693,    000h 00m 01.661s,    000h 25m 13.693s
961,    1521,    1515214,    000h 00m 01.521s,    000h 25m 15.214s
962,    1528,    1516742,    000h 00m 01.528s,    000h 25m 16.742s
963,    1654,    1518396,    000h 00m 01.654s,    000h 25m 18.396s
964,    1552,    1519948,    000h 00m 01.552s,    000h 25m 19.948s
965,    1518,    1521466,    000h 00m 01.518s,    000h 25m 21.466s
966,    1608,    1523074,    000h 00m 01.608s,    000h 25m 23.074s
967,    1472,    1524546,    000h 00m 01.472s,    000h 25m 24.546s
968,    1613,    1526159,    000h 00m 01.613s,    000h 25m 26.159s
969,    1462,    1527621,    000h 00m 01.462s,    000h 25m 27.621s
970,    1662,    1529283,    000h 00m 01.662s,    000h 25m 29.283s
971,    1621,    1530904,    000h 00m 01.621s,    000h 25m 30.904s
972,    1467,    1532371,    000h 00m 01.467s,    000h 25m 32.371s
973,    1665,    1534036,    000h 00m 01.665s,    000h 25m 34.036s
974,    1550,    1535586,    000h 00m 01.550s,    000h 25m 35.586s
975,    1474,    1537060,    000h 00m 01.474s,    000h 25m 37.060s
976,    1445,    1538505,    000h 00m 01.445s,    000h 25m 38.505s
977,    1716,    1540221,    000h 00m 01.716s,    000h 25m 40.221s
978,    1487,    1541708,    000h 00m 01.487s,    000h 25m 41.708s
979,    1701,    1543409,    000h 00m 01.701s,    000h 25m 43.409s
980,    1492,    1544901,    000h 00m 01.492s,    000h 25m 44.901s
981,    1453,    1546354,    000h 00m 01.453s,    000h 25m 46.354s
982,    1537,    1547891,    000h 00m 01.537s,    000h 25m 47.891s
983,    1568,    1549459,    000h 00m 01.568s,    000h 25m 49.459s
984,    1495,    1550954,    000h 00m 01.495s,    000h 25m 50.954s
985,    1498,    1552452,    000h 00m 01.498s,    000h 25m 52.452s
986,    1547,    1553999,    000h 00m 01.547s,    000h 25m 53.999s
987,    1621,    1555620,    000h 00m 01.621s,    000h 25m 55.620s
988,    1577,    1557197,    000h 00m 01.577s,    000h 25m 57.197s
989,    1534,    1558731,    000h 00m 01.534s,    000h 25m 58.731s
990,    1456,    1560187,    000h 00m 01.456s,    000h 26m 00.187s
991,    1485,    1561672,    000h 00m 01.485s,    000h 26m 01.672s
992,    1544,    1563216,    000h 00m 01.544s,    000h 26m 03.216s
993,    1622,    1564838,    000h 00m 01.622s,    000h 26m 04.838s
994,    1741,    1566579,    000h 00m 01.741s,    000h 26m 06.579s
995,    1582,    1568161,    000h 00m 01.582s,    000h 26m 08.161s
996,    1614,    1569775,    000h 00m 01.614s,    000h 26m 09.775s
997,    1710,    1571485,    000h 00m 01.710s,    000h 26m 11.485s
998,    1482,    1572967,    000h 00m 01.482s,    000h 26m 12.967s
999,    1680,    1574647,    000h 00m 01.680s,    000h 26m 14.647s
1000,    1691,    1576338,    000h 00m 01.691s,    000h 26m 16.338s
1001,    1436,    1577774,    000h 00m 01.436s,    000h 26m 17.774s
1002,    1505,    1579279,    000h 00m 01.505s,    000h 26m 19.279s
1003,    1677,    1580956,    000h 00m 01.677s,    000h 26m 20.956s
1004,    1551,    1582507,    000h 00m 01.551s,    000h 26m 22.507s
1005,    1622,    1584129,    000h 00m 01.622s,    000h 26m 24.129s
1006,    1672,    1585801,    000h 00m 01.672s,    000h 26m 25.801s
1007,    1485,    1587286,    000h 00m 01.485s,    000h 26m 27.286s
1008,    1524,    1588810,    000h 00m 01.524s,    000h 26m 28.810s
1009,    1584,    1590394,    000h 00m 01.584s,    000h 26m 30.394s
1010,    1649,    1592043,    000h 00m 01.649s,    000h 26m 32.043s
1011,    1507,    1593550,    000h 00m 01.507s,    000h 26m 33.550s
1012,    1672,    1595222,    000h 00m 01.672s,    000h 26m 35.222s
1013,    1644,    1596866,    000h 00m 01.644s,    000h 26m 36.866s
1014,    1722,    1598588,    000h 00m 01.722s,    000h 26m 38.588s
1015,    1478,    1600066,    000h 00m 01.478s,    000h 26m 40.066s
1016,    1448,    1601514,    000h 00m 01.448s,    000h 26m 41.514s
1017,    1545,    1603059,    000h 00m 01.545s,    000h 26m 43.059s
1018,    1469,    1604528,    000h 00m 01.469s,    000h 26m 44.528s
1019,    1519,    1606047,    000h 00m 01.519s,    000h 26m 46.047s
1020,    1702,    1607749,    000h 00m 01.702s,    000h 26m 47.749s
1021,    1554,    1609303,    000h 00m 01.554s,    000h 26m 49.303s
1022,    1476,    1610779,    000h 00m 01.476s,    000h 26m 50.779s
1023,    1638,    1612417,    000h 00m 01.638s,    000h 26m 52.417s
1024,    1426,    1613843,    000h 00m 01.426s,    000h 26m 53.843s
1025,    1742,    1615585,    000h 00m 01.742s,    000h 26m 55.585s
