pass,    time (ms),    total time (ms),    time,     total_time
1,    1673,    1673,    000h 00m 01.673s,    000h 00m 01.673s
2,    1615,    3288,    000h 00m 01.615s,    000h 00m 03.288s
3,    1579,    4867,    000h 00m 01.579s,    000h 00m 04.867s
4,    1605,    6472,    000h 00m 01.605s,    000h 00m 06.472s
5,    1571,    8043,    000h 00m 01.571s,    000h 00m 08.043s
6,    1621,    9664,    000h 00m 01.621s,    000h 00m 09.664s
7,    1591,    11255,    000h 00m 01.591s,    000h 00m 11.255s
8,    1560,    12815,    000h 00m 01.560s,    000h 00m 12.815s
9,    1603,    14418,    000h 00m 01.603s,    000h 00m 14.418s
10,    1552,    15970,    000h 00m 01.552s,    000h 00m 15.970s
11,    1610,    17580,    000h 00m 01.610s,    000h 00m 17.580s
12,    1613,    19193,    000h 00m 01.613s,    000h 00m 19.193s
13,    1601,    20794,    000h 00m 01.601s,    000h 00m 20.794s
14,    1591,    22385,    000h 00m 01.591s,    000h 00m 22.385s
15,    1624,    24009,    000h 00m 01.624s,    000h 00m 24.009s
16,    1601,    25610,    000h 00m 01.601s,    000h 00m 25.610s
17,    1612,    27222,    000h 00m 01.612s,    000h 00m 27.222s
18,    1597,    28819,    000h 00m 01.597s,    000h 00m 28.819s
19,    1634,    30453,    000h 00m 01.634s,    000h 00m 30.453s
20,    1500,    31953,    000h 00m 01.500s,    000h 00m 31.953s
21,    1659,    33612,    000h 00m 01.659s,    000h 00m 33.612s
22,    1639,    35251,    000h 00m 01.639s,    000h 00m 35.251s
23,    1560,    36811,    000h 00m 01.560s,    000h 00m 36.811s
24,    1560,    38371,    000h 00m 01.560s,    000h 00m 38.371s
25,    1622,    39993,    000h 00m 01.622s,    000h 00m 39.993s
26,    1609,    41602,    000h 00m 01.609s,    000h 00m 41.602s
27,    1607,    43209,    000h 00m 01.607s,    000h 00m 43.209s
28,    1568,    44777,    000h 00m 01.568s,    000h 00m 44.777s
29,    1635,    46412,    000h 00m 01.635s,    000h 00m 46.412s
30,    1640,    48052,    000h 00m 01.640s,    000h 00m 48.052s
31,    1589,    49641,    000h 00m 01.589s,    000h 00m 49.641s
32,    1638,    51279,    000h 00m 01.638s,    000h 00m 51.279s
33,    1531,    52810,    000h 00m 01.531s,    000h 00m 52.810s
34,    1601,    54411,    000h 00m 01.601s,    000h 00m 54.411s
35,    1592,    56003,    000h 00m 01.592s,    000h 00m 56.003s
36,    1642,    57645,    000h 00m 01.642s,    000h 00m 57.645s
37,    1633,    59278,    000h 00m 01.633s,    000h 00m 59.278s
38,    1588,    60866,    000h 00m 01.588s,    000h 01m 00.866s
39,    1671,    62537,    000h 00m 01.671s,    000h 01m 02.537s
40,    1614,    64151,    000h 00m 01.614s,    000h 01m 04.151s
41,    1632,    65783,    000h 00m 01.632s,    000h 01m 05.783s
42,    1543,    67326,    000h 00m 01.543s,    000h 01m 07.326s
43,    1549,    68875,    000h 00m 01.549s,    000h 01m 08.875s
44,    1607,    70482,    000h 00m 01.607s,    000h 01m 10.482s
45,    1610,    72092,    000h 00m 01.610s,    000h 01m 12.092s
46,    1589,    73681,    000h 00m 01.589s,    000h 01m 13.681s
47,    1597,    75278,    000h 00m 01.597s,    000h 01m 15.278s
48,    1630,    76908,    000h 00m 01.630s,    000h 01m 16.908s
49,    1617,    78525,    000h 00m 01.617s,    000h 01m 18.525s
50,    1619,    80144,    000h 00m 01.619s,    000h 01m 20.144s
51,    1569,    81713,    000h 00m 01.569s,    000h 01m 21.713s
52,    1537,    83250,    000h 00m 01.537s,    000h 01m 23.250s
53,    1580,    84830,    000h 00m 01.580s,    000h 01m 24.830s
54,    1611,    86441,    000h 00m 01.611s,    000h 01m 26.441s
55,    1599,    88040,    000h 00m 01.599s,    000h 01m 28.040s
56,    1657,    89697,    000h 00m 01.657s,    000h 01m 29.697s
57,    1625,    91322,    000h 00m 01.625s,    000h 01m 31.322s
58,    1524,    92846,    000h 00m 01.524s,    000h 01m 32.846s
59,    1625,    94471,    000h 00m 01.625s,    000h 01m 34.471s
60,    1527,    95998,    000h 00m 01.527s,    000h 01m 35.998s
61,    1576,    97574,    000h 00m 01.576s,    000h 01m 37.574s
62,    1572,    99146,    000h 00m 01.572s,    000h 01m 39.146s
63,    1545,    100691,    000h 00m 01.545s,    000h 01m 40.691s
64,    1572,    102263,    000h 00m 01.572s,    000h 01m 42.263s
65,    1581,    103844,    000h 00m 01.581s,    000h 01m 43.844s
66,    1633,    105477,    000h 00m 01.633s,    000h 01m 45.477s
67,    1604,    107081,    000h 00m 01.604s,    000h 01m 47.081s
68,    1579,    108660,    000h 00m 01.579s,    000h 01m 48.660s
69,    1614,    110274,    000h 00m 01.614s,    000h 01m 50.274s
70,    1690,    111964,    000h 00m 01.690s,    000h 01m 51.964s
71,    1538,    113502,    000h 00m 01.538s,    000h 01m 53.502s
72,    1607,    115109,    000h 00m 01.607s,    000h 01m 55.109s
73,    1608,    116717,    000h 00m 01.608s,    000h 01m 56.717s
74,    1584,    118301,    000h 00m 01.584s,    000h 01m 58.301s
75,    1608,    119909,    000h 00m 01.608s,    000h 01m 59.909s
76,    1563,    121472,    000h 00m 01.563s,    000h 02m 01.472s
77,    1620,    123092,    000h 00m 01.620s,    000h 02m 03.092s
78,    1609,    124701,    000h 00m 01.609s,    000h 02m 04.701s
79,    1595,    126296,    000h 00m 01.595s,    000h 02m 06.296s
80,    1590,    127886,    000h 00m 01.590s,    000h 02m 07.886s
81,    1578,    129464,    000h 00m 01.578s,    000h 02m 09.464s
82,    1566,    131030,    000h 00m 01.566s,    000h 02m 11.030s
83,    1737,    132767,    000h 00m 01.737s,    000h 02m 12.767s
84,    1586,    134353,    000h 00m 01.586s,    000h 02m 14.353s
85,    1585,    135938,    000h 00m 01.585s,    000h 02m 15.938s
86,    1543,    137481,    000h 00m 01.543s,    000h 02m 17.481s
87,    1581,    139062,    000h 00m 01.581s,    000h 02m 19.062s
88,    1604,    140666,    000h 00m 01.604s,    000h 02m 20.666s
89,    1537,    142203,    000h 00m 01.537s,    000h 02m 22.203s
90,    1589,    143792,    000h 00m 01.589s,    000h 02m 23.792s
91,    1650,    145442,    000h 00m 01.650s,    000h 02m 25.442s
92,    1540,    146982,    000h 00m 01.540s,    000h 02m 26.982s
93,    1522,    148504,    000h 00m 01.522s,    000h 02m 28.504s
94,    1585,    150089,    000h 00m 01.585s,    000h 02m 30.089s
95,    1544,    151633,    000h 00m 01.544s,    000h 02m 31.633s
96,    1667,    153300,    000h 00m 01.667s,    000h 02m 33.300s
97,    1568,    154868,    000h 00m 01.568s,    000h 02m 34.868s
98,    1665,    156533,    000h 00m 01.665s,    000h 02m 36.533s
99,    1559,    158092,    000h 00m 01.559s,    000h 02m 38.092s
100,    1642,    159734,    000h 00m 01.642s,    000h 02m 39.734s
101,    1500,    161234,    000h 00m 01.500s,    000h 02m 41.234s
102,    1551,    162785,    000h 00m 01.551s,    000h 02m 42.785s
103,    1605,    164390,    000h 00m 01.605s,    000h 02m 44.390s
104,    1646,    166036,    000h 00m 01.646s,    000h 02m 46.036s
105,    1612,    167648,    000h 00m 01.612s,    000h 02m 47.648s
106,    1558,    169206,    000h 00m 01.558s,    000h 02m 49.206s
107,    1619,    170825,    000h 00m 01.619s,    000h 02m 50.825s
108,    1617,    172442,    000h 00m 01.617s,    000h 02m 52.442s
109,    1608,    174050,    000h 00m 01.608s,    000h 02m 54.050s
110,    1613,    175663,    000h 00m 01.613s,    000h 02m 55.663s
111,    1615,    177278,    000h 00m 01.615s,    000h 02m 57.278s
112,    1539,    178817,    000h 00m 01.539s,    000h 02m 58.817s
113,    1700,    180517,    000h 00m 01.700s,    000h 03m 00.517s
114,    1644,    182161,    000h 00m 01.644s,    000h 03m 02.161s
115,    1561,    183722,    000h 00m 01.561s,    000h 03m 03.722s
116,    1637,    185359,    000h 00m 01.637s,    000h 03m 05.359s
117,    1639,    186998,    000h 00m 01.639s,    000h 03m 06.998s
118,    1613,    188611,    000h 00m 01.613s,    000h 03m 08.611s
119,    1597,    190208,    000h 00m 01.597s,    000h 03m 10.208s
120,    1580,    191788,    000h 00m 01.580s,    000h 03m 11.788s
121,    1593,    193381,    000h 00m 01.593s,    000h 03m 13.381s
122,    1575,    194956,    000h 00m 01.575s,    000h 03m 14.956s
123,    1547,    196503,    000h 00m 01.547s,    000h 03m 16.503s
124,    1601,    198104,    000h 00m 01.601s,    000h 03m 18.104s
125,    1571,    199675,    000h 00m 01.571s,    000h 03m 19.675s
126,    1629,    201304,    000h 00m 01.629s,    000h 03m 21.304s
127,    1602,    202906,    000h 00m 01.602s,    000h 03m 22.906s
128,    1562,    204468,    000h 00m 01.562s,    000h 03m 24.468s
129,    1550,    206018,    000h 00m 01.550s,    000h 03m 26.018s
130,    1631,    207649,    000h 00m 01.631s,    000h 03m 27.649s
131,    1600,    209249,    000h 00m 01.600s,    000h 03m 29.249s
132,    1505,    210754,    000h 00m 01.505s,    000h 03m 30.754s
133,    1624,    212378,    000h 00m 01.624s,    000h 03m 32.378s
134,    1613,    213991,    000h 00m 01.613s,    000h 03m 33.991s
135,    1595,    215586,    000h 00m 01.595s,    000h 03m 35.586s
136,    1602,    217188,    000h 00m 01.602s,    000h 03m 37.188s
137,    1641,    218829,    000h 00m 01.641s,    000h 03m 38.829s
138,    1578,    220407,    000h 00m 01.578s,    000h 03m 40.407s
139,    1581,    221988,    000h 00m 01.581s,    000h 03m 41.988s
140,    1607,    223595,    000h 00m 01.607s,    000h 03m 43.595s
141,    1589,    225184,    000h 00m 01.589s,    000h 03m 45.184s
142,    1606,    226790,    000h 00m 01.606s,    000h 03m 46.790s
143,    1614,    228404,    000h 00m 01.614s,    000h 03m 48.404s
144,    1594,    229998,    000h 00m 01.594s,    000h 03m 49.998s
145,    1646,    231644,    000h 00m 01.646s,    000h 03m 51.644s
146,    1574,    233218,    000h 00m 01.574s,    000h 03m 53.218s
147,    1590,    234808,    000h 00m 01.590s,    000h 03m 54.808s
148,    1616,    236424,    000h 00m 01.616s,    000h 03m 56.424s
149,    1619,    238043,    000h 00m 01.619s,    000h 03m 58.043s
150,    1615,    239658,    000h 00m 01.615s,    000h 03m 59.658s
151,    1595,    241253,    000h 00m 01.595s,    000h 04m 01.253s
152,    1588,    242841,    000h 00m 01.588s,    000h 04m 02.841s
153,    1517,    244358,    000h 00m 01.517s,    000h 04m 04.358s
154,    1608,    245966,    000h 00m 01.608s,    000h 04m 05.966s
155,    1604,    247570,    000h 00m 01.604s,    000h 04m 07.570s
156,    1580,    249150,    000h 00m 01.580s,    000h 04m 09.150s
157,    1602,    250752,    000h 00m 01.602s,    000h 04m 10.752s
158,    1630,    252382,    000h 00m 01.630s,    000h 04m 12.382s
159,    1651,    254033,    000h 00m 01.651s,    000h 04m 14.033s
160,    1615,    255648,    000h 00m 01.615s,    000h 04m 15.648s
161,    1595,    257243,    000h 00m 01.595s,    000h 04m 17.243s
162,    1528,    258771,    000h 00m 01.528s,    000h 04m 18.771s
163,    1597,    260368,    000h 00m 01.597s,    000h 04m 20.368s
164,    1552,    261920,    000h 00m 01.552s,    000h 04m 21.920s
165,    1538,    263458,    000h 00m 01.538s,    000h 04m 23.458s
166,    1598,    265056,    000h 00m 01.598s,    000h 04m 25.056s
167,    1582,    266638,    000h 00m 01.582s,    000h 04m 26.638s
168,    1616,    268254,    000h 00m 01.616s,    000h 04m 28.254s
169,    1606,    269860,    000h 00m 01.606s,    000h 04m 29.860s
170,    1657,    271517,    000h 00m 01.657s,    000h 04m 31.517s
171,    1595,    273112,    000h 00m 01.595s,    000h 04m 33.112s
172,    1712,    274824,    000h 00m 01.712s,    000h 04m 34.824s
173,    1555,    276379,    000h 00m 01.555s,    000h 04m 36.379s
174,    1500,    277879,    000h 00m 01.500s,    000h 04m 37.879s
175,    1647,    279526,    000h 00m 01.647s,    000h 04m 39.526s
176,    1663,    281189,    000h 00m 01.663s,    000h 04m 41.189s
177,    1558,    282747,    000h 00m 01.558s,    000h 04m 42.747s
178,    1625,    284372,    000h 00m 01.625s,    000h 04m 44.372s
179,    1646,    286018,    000h 00m 01.646s,    000h 04m 46.018s
180,    1574,    287592,    000h 00m 01.574s,    000h 04m 47.592s
181,    1577,    289169,    000h 00m 01.577s,    000h 04m 49.169s
182,    1603,    290772,    000h 00m 01.603s,    000h 04m 50.772s
183,    1593,    292365,    000h 00m 01.593s,    000h 04m 52.365s
184,    1634,    293999,    000h 00m 01.634s,    000h 04m 53.999s
185,    1627,    295626,    000h 00m 01.627s,    000h 04m 55.626s
186,    1582,    297208,    000h 00m 01.582s,    000h 04m 57.208s
187,    1517,    298725,    000h 00m 01.517s,    000h 04m 58.725s
188,    1521,    300246,    000h 00m 01.521s,    000h 05m 00.246s
189,    1587,    301833,    000h 00m 01.587s,    000h 05m 01.833s
190,    1586,    303419,    000h 00m 01.586s,    000h 05m 03.419s
191,    1581,    305000,    000h 00m 01.581s,    000h 05m 05.000s
192,    1609,    306609,    000h 00m 01.609s,    000h 05m 06.609s
193,    1647,    308256,    000h 00m 01.647s,    000h 05m 08.256s
194,    1710,    309966,    000h 00m 01.710s,    000h 05m 09.966s
195,    1593,    311559,    000h 00m 01.593s,    000h 05m 11.559s
196,    1529,    313088,    000h 00m 01.529s,    000h 05m 13.088s
197,    1655,    314743,    000h 00m 01.655s,    000h 05m 14.743s
198,    1666,    316409,    000h 00m 01.666s,    000h 05m 16.409s
199,    1594,    318003,    000h 00m 01.594s,    000h 05m 18.003s
200,    1591,    319594,    000h 00m 01.591s,    000h 05m 19.594s
201,    1548,    321142,    000h 00m 01.548s,    000h 05m 21.142s
202,    1674,    322816,    000h 00m 01.674s,    000h 05m 22.816s
203,    1576,    324392,    000h 00m 01.576s,    000h 05m 24.392s
204,    1537,    325929,    000h 00m 01.537s,    000h 05m 25.929s
205,    1681,    327610,    000h 00m 01.681s,    000h 05m 27.610s
206,    1619,    329229,    000h 00m 01.619s,    000h 05m 29.229s
207,    1601,    330830,    000h 00m 01.601s,    000h 05m 30.830s
208,    1583,    332413,    000h 00m 01.583s,    000h 05m 32.413s
209,    1633,    334046,    000h 00m 01.633s,    000h 05m 34.046s
210,    1572,    335618,    000h 00m 01.572s,    000h 05m 35.618s
211,    1589,    337207,    000h 00m 01.589s,    000h 05m 37.207s
212,    1503,    338710,    000h 00m 01.503s,    000h 05m 38.710s
213,    1590,    340300,    000h 00m 01.590s,    000h 05m 40.300s
214,    1618,    341918,    000h 00m 01.618s,    000h 05m 41.918s
215,    1607,    343525,    000h 00m 01.607s,    000h 05m 43.525s
216,    1631,    345156,    000h 00m 01.631s,    000h 05m 45.156s
217,    1624,    346780,    000h 00m 01.624s,    000h 05m 46.780s
218,    1608,    348388,    000h 00m 01.608s,    000h 05m 48.388s
219,    1572,    349960,    000h 00m 01.572s,    000h 05m 49.960s
220,    1702,    351662,    000h 00m 01.702s,    000h 05m 51.662s
221,    2611,    354273,    000h 00m 02.611s,    000h 05m 54.273s
222,    2202,    356475,    000h 00m 02.202s,    000h 05m 56.475s
223,    1839,    358314,    000h 00m 01.839s,    000h 05m 58.314s
224,    1554,    359868,    000h 00m 01.554s,    000h 05m 59.868s
225,    1665,    361533,    000h 00m 01.665s,    000h 06m 01.533s
226,    1600,    363133,    000h 00m 01.600s,    000h 06m 03.133s
227,    1545,    364678,    000h 00m 01.545s,    000h 06m 04.678s
228,    1623,    366301,    000h 00m 01.623s,    000h 06m 06.301s
229,    1599,    367900,    000h 00m 01.599s,    000h 06m 07.900s
230,    1507,    369407,    000h 00m 01.507s,    000h 06m 09.407s
231,    1628,    371035,    000h 00m 01.628s,    000h 06m 11.035s
232,    1636,    372671,    000h 00m 01.636s,    000h 06m 12.671s
233,    1633,    374304,    000h 00m 01.633s,    000h 06m 14.304s
234,    1621,    375925,    000h 00m 01.621s,    000h 06m 15.925s
235,    1527,    377452,    000h 00m 01.527s,    000h 06m 17.452s
236,    1630,    379082,    000h 00m 01.630s,    000h 06m 19.082s
237,    1625,    380707,    000h 00m 01.625s,    000h 06m 20.707s
238,    1625,    382332,    000h 00m 01.625s,    000h 06m 22.332s
239,    1656,    383988,    000h 00m 01.656s,    000h 06m 23.988s
240,    1629,    385617,    000h 00m 01.629s,    000h 06m 25.617s
241,    1685,    387302,    000h 00m 01.685s,    000h 06m 27.302s
242,    1492,    388794,    000h 00m 01.492s,    000h 06m 28.794s
243,    1635,    390429,    000h 00m 01.635s,    000h 06m 30.429s
244,    1579,    392008,    000h 00m 01.579s,    000h 06m 32.008s
245,    1622,    393630,    000h 00m 01.622s,    000h 06m 33.630s
246,    1623,    395253,    000h 00m 01.623s,    000h 06m 35.253s
247,    1565,    396818,    000h 00m 01.565s,    000h 06m 36.818s
248,    1591,    398409,    000h 00m 01.591s,    000h 06m 38.409s
249,    1595,    400004,    000h 00m 01.595s,    000h 06m 40.004s
250,    1533,    401537,    000h 00m 01.533s,    000h 06m 41.537s
251,    1590,    403127,    000h 00m 01.590s,    000h 06m 43.127s
252,    1608,    404735,    000h 00m 01.608s,    000h 06m 44.735s
253,    1622,    406357,    000h 00m 01.622s,    000h 06m 46.357s
254,    1550,    407907,    000h 00m 01.550s,    000h 06m 47.907s
255,    1603,    409510,    000h 00m 01.603s,    000h 06m 49.510s
256,    1563,    411073,    000h 00m 01.563s,    000h 06m 51.073s
257,    1596,    412669,    000h 00m 01.596s,    000h 06m 52.669s
258,    1602,    414271,    000h 00m 01.602s,    000h 06m 54.271s
259,    1625,    415896,    000h 00m 01.625s,    000h 06m 55.896s
260,    1628,    417524,    000h 00m 01.628s,    000h 06m 57.524s
261,    1625,    419149,    000h 00m 01.625s,    000h 06m 59.149s
262,    1640,    420789,    000h 00m 01.640s,    000h 07m 00.789s
263,    1627,    422416,    000h 00m 01.627s,    000h 07m 02.416s
264,    1642,    424058,    000h 00m 01.642s,    000h 07m 04.058s
265,    1590,    425648,    000h 00m 01.590s,    000h 07m 05.648s
266,    1590,    427238,    000h 00m 01.590s,    000h 07m 07.238s
267,    1620,    428858,    000h 00m 01.620s,    000h 07m 08.858s
268,    1512,    430370,    000h 00m 01.512s,    000h 07m 10.370s
269,    1685,    432055,    000h 00m 01.685s,    000h 07m 12.055s
270,    1574,    433629,    000h 00m 01.574s,    000h 07m 13.629s
271,    1646,    435275,    000h 00m 01.646s,    000h 07m 15.275s
272,    1567,    436842,    000h 00m 01.567s,    000h 07m 16.842s
273,    1577,    438419,    000h 00m 01.577s,    000h 07m 18.419s
274,    1639,    440058,    000h 00m 01.639s,    000h 07m 20.058s
275,    1626,    441684,    000h 00m 01.626s,    000h 07m 21.684s
276,    1601,    443285,    000h 00m 01.601s,    000h 07m 23.285s
277,    1512,    444797,    000h 00m 01.512s,    000h 07m 24.797s
278,    1548,    446345,    000h 00m 01.548s,    000h 07m 26.345s
279,    1631,    447976,    000h 00m 01.631s,    000h 07m 27.976s
280,    1600,    449576,    000h 00m 01.600s,    000h 07m 29.576s
281,    1613,    451189,    000h 00m 01.613s,    000h 07m 31.189s
282,    1647,    452836,    000h 00m 01.647s,    000h 07m 32.836s
283,    1620,    454456,    000h 00m 01.620s,    000h 07m 34.456s
284,    1722,    456178,    000h 00m 01.722s,    000h 07m 36.178s
285,    1549,    457727,    000h 00m 01.549s,    000h 07m 37.727s
286,    1622,    459349,    000h 00m 01.622s,    000h 07m 39.349s
287,    1589,    460938,    000h 00m 01.589s,    000h 07m 40.938s
288,    1639,    462577,    000h 00m 01.639s,    000h 07m 42.577s
289,    1580,    464157,    000h 00m 01.580s,    000h 07m 44.157s
290,    1629,    465786,    000h 00m 01.629s,    000h 07m 45.786s
291,    1630,    467416,    000h 00m 01.630s,    000h 07m 47.416s
292,    1578,    468994,    000h 00m 01.578s,    000h 07m 48.994s
293,    1614,    470608,    000h 00m 01.614s,    000h 07m 50.608s
294,    1577,    472185,    000h 00m 01.577s,    000h 07m 52.185s
295,    1546,    473731,    000h 00m 01.546s,    000h 07m 53.731s
296,    1568,    475299,    000h 00m 01.568s,    000h 07m 55.299s
297,    1530,    476829,    000h 00m 01.530s,    000h 07m 56.829s
298,    1623,    478452,    000h 00m 01.623s,    000h 07m 58.452s
299,    1612,    480064,    000h 00m 01.612s,    000h 08m 00.064s
300,    1695,    481759,    000h 00m 01.695s,    000h 08m 01.759s
301,    1628,    483387,    000h 00m 01.628s,    000h 08m 03.387s
302,    1554,    484941,    000h 00m 01.554s,    000h 08m 04.941s
303,    1585,    486526,    000h 00m 01.585s,    000h 08m 06.526s
304,    1629,    488155,    000h 00m 01.629s,    000h 08m 08.155s
305,    1598,    489753,    000h 00m 01.598s,    000h 08m 09.753s
306,    1659,    491412,    000h 00m 01.659s,    000h 08m 11.412s
307,    1643,    493055,    000h 00m 01.643s,    000h 08m 13.055s
308,    1631,    494686,    000h 00m 01.631s,    000h 08m 14.686s
309,    1627,    496313,    000h 00m 01.627s,    000h 08m 16.313s
310,    1589,    497902,    000h 00m 01.589s,    000h 08m 17.902s
311,    1680,    499582,    000h 00m 01.680s,    000h 08m 19.582s
312,    1562,    501144,    000h 00m 01.562s,    000h 08m 21.144s
313,    1538,    502682,    000h 00m 01.538s,    000h 08m 22.682s
314,    1599,    504281,    000h 00m 01.599s,    000h 08m 24.281s
315,    1712,    505993,    000h 00m 01.712s,    000h 08m 25.993s
316,    1626,    507619,    000h 00m 01.626s,    000h 08m 27.619s
317,    1643,    509262,    000h 00m 01.643s,    000h 08m 29.262s
318,    1618,    510880,    000h 00m 01.618s,    000h 08m 30.880s
319,    1582,    512462,    000h 00m 01.582s,    000h 08m 32.462s
320,    1625,    514087,    000h 00m 01.625s,    000h 08m 34.087s
321,    1678,    515765,    000h 00m 01.678s,    000h 08m 35.765s
322,    1592,    517357,    000h 00m 01.592s,    000h 08m 37.357s
323,    1623,    518980,    000h 00m 01.623s,    000h 08m 38.980s
324,    1635,    520615,    000h 00m 01.635s,    000h 08m 40.615s
325,    1594,    522209,    000h 00m 01.594s,    000h 08m 42.209s
326,    1632,    523841,    000h 00m 01.632s,    000h 08m 43.841s
327,    1635,    525476,    000h 00m 01.635s,    000h 08m 45.476s
328,    1631,    527107,    000h 00m 01.631s,    000h 08m 47.107s
329,    1582,    528689,    000h 00m 01.582s,    000h 08m 48.689s
330,    1638,    530327,    000h 00m 01.638s,    000h 08m 50.327s
331,    1639,    531966,    000h 00m 01.639s,    000h 08m 51.966s
332,    1594,    533560,    000h 00m 01.594s,    000h 08m 53.560s
333,    1546,    535106,    000h 00m 01.546s,    000h 08m 55.106s
334,    1611,    536717,    000h 00m 01.611s,    000h 08m 56.717s
335,    1521,    538238,    000h 00m 01.521s,    000h 08m 58.238s
336,    1555,    539793,    000h 00m 01.555s,    000h 08m 59.793s
337,    1656,    541449,    000h 00m 01.656s,    000h 09m 01.449s
338,    1546,    542995,    000h 00m 01.546s,    000h 09m 02.995s
339,    1534,    544529,    000h 00m 01.534s,    000h 09m 04.529s
340,    1658,    546187,    000h 00m 01.658s,    000h 09m 06.187s
341,    1567,    547754,    000h 00m 01.567s,    000h 09m 07.754s
342,    1610,    549364,    000h 00m 01.610s,    000h 09m 09.364s
343,    1594,    550958,    000h 00m 01.594s,    000h 09m 10.958s
344,    1681,    552639,    000h 00m 01.681s,    000h 09m 12.639s
345,    1615,    554254,    000h 00m 01.615s,    000h 09m 14.254s
346,    1622,    555876,    000h 00m 01.622s,    000h 09m 15.876s
347,    1636,    557512,    000h 00m 01.636s,    000h 09m 17.512s
348,    1621,    559133,    000h 00m 01.621s,    000h 09m 19.133s
349,    1623,    560756,    000h 00m 01.623s,    000h 09m 20.756s
350,    1643,    562399,    000h 00m 01.643s,    000h 09m 22.399s
351,    1556,    563955,    000h 00m 01.556s,    000h 09m 23.955s
352,    1593,    565548,    000h 00m 01.593s,    000h 09m 25.548s
353,    1689,    567237,    000h 00m 01.689s,    000h 09m 27.237s
354,    1546,    568783,    000h 00m 01.546s,    000h 09m 28.783s
355,    1578,    570361,    000h 00m 01.578s,    000h 09m 30.361s
356,    1585,    571946,    000h 00m 01.585s,    000h 09m 31.946s
357,    1547,    573493,    000h 00m 01.547s,    000h 09m 33.493s
358,    1565,    575058,    000h 00m 01.565s,    000h 09m 35.058s
359,    1632,    576690,    000h 00m 01.632s,    000h 09m 36.690s
360,    1559,    578249,    000h 00m 01.559s,    000h 09m 38.249s
361,    1526,    579775,    000h 00m 01.526s,    000h 09m 39.775s
362,    1596,    581371,    000h 00m 01.596s,    000h 09m 41.371s
363,    1627,    582998,    000h 00m 01.627s,    000h 09m 42.998s
364,    1630,    584628,    000h 00m 01.630s,    000h 09m 44.628s
365,    1635,    586263,    000h 00m 01.635s,    000h 09m 46.263s
366,    1559,    587822,    000h 00m 01.559s,    000h 09m 47.822s
367,    1623,    589445,    000h 00m 01.623s,    000h 09m 49.445s
368,    1677,    591122,    000h 00m 01.677s,    000h 09m 51.122s
369,    1592,    592714,    000h 00m 01.592s,    000h 09m 52.714s
370,    1581,    594295,    000h 00m 01.581s,    000h 09m 54.295s
371,    1672,    595967,    000h 00m 01.672s,    000h 09m 55.967s
372,    1602,    597569,    000h 00m 01.602s,    000h 09m 57.569s
373,    1511,    599080,    000h 00m 01.511s,    000h 09m 59.080s
374,    1584,    600664,    000h 00m 01.584s,    000h 10m 00.664s
375,    1543,    602207,    000h 00m 01.543s,    000h 10m 02.207s
376,    1534,    603741,    000h 00m 01.534s,    000h 10m 03.741s
377,    1646,    605387,    000h 00m 01.646s,    000h 10m 05.387s
378,    1604,    606991,    000h 00m 01.604s,    000h 10m 06.991s
379,    1610,    608601,    000h 00m 01.610s,    000h 10m 08.601s
380,    1612,    610213,    000h 00m 01.612s,    000h 10m 10.213s
381,    1495,    611708,    000h 00m 01.495s,    000h 10m 11.708s
382,    1614,    613322,    000h 00m 01.614s,    000h 10m 13.322s
383,    1616,    614938,    000h 00m 01.616s,    000h 10m 14.938s
384,    1505,    616443,    000h 00m 01.505s,    000h 10m 16.443s
385,    1531,    617974,    000h 00m 01.531s,    000h 10m 17.974s
386,    1683,    619657,    000h 00m 01.683s,    000h 10m 19.657s
387,    1734,    621391,    000h 00m 01.734s,    000h 10m 21.391s
388,    1669,    623060,    000h 00m 01.669s,    000h 10m 23.060s
389,    1696,    624756,    000h 00m 01.696s,    000h 10m 24.756s
390,    1547,    626303,    000h 00m 01.547s,    000h 10m 26.303s
391,    1647,    627950,    000h 00m 01.647s,    000h 10m 27.950s
392,    1544,    629494,    000h 00m 01.544s,    000h 10m 29.494s
393,    1596,    631090,    000h 00m 01.596s,    000h 10m 31.090s
394,    1642,    632732,    000h 00m 01.642s,    000h 10m 32.732s
395,    1606,    634338,    000h 00m 01.606s,    000h 10m 34.338s
396,    1581,    635919,    000h 00m 01.581s,    000h 10m 35.919s
397,    1584,    637503,    000h 00m 01.584s,    000h 10m 37.503s
398,    1585,    639088,    000h 00m 01.585s,    000h 10m 39.088s
399,    1535,    640623,    000h 00m 01.535s,    000h 10m 40.623s
400,    1600,    642223,    000h 00m 01.600s,    000h 10m 42.223s
401,    1586,    643809,    000h 00m 01.586s,    000h 10m 43.809s
402,    1582,    645391,    000h 00m 01.582s,    000h 10m 45.391s
403,    1608,    646999,    000h 00m 01.608s,    000h 10m 46.999s
404,    1660,    648659,    000h 00m 01.660s,    000h 10m 48.659s
405,    1516,    650175,    000h 00m 01.516s,    000h 10m 50.175s
406,    1721,    651896,    000h 00m 01.721s,    000h 10m 51.896s
407,    1679,    653575,    000h 00m 01.679s,    000h 10m 53.575s
408,    1633,    655208,    000h 00m 01.633s,    000h 10m 55.208s
409,    1602,    656810,    000h 00m 01.602s,    000h 10m 56.810s
410,    1622,    658432,    000h 00m 01.622s,    000h 10m 58.432s
411,    1632,    660064,    000h 00m 01.632s,    000h 11m 00.064s
412,    1628,    661692,    000h 00m 01.628s,    000h 11m 01.692s
413,    1642,    663334,    000h 00m 01.642s,    000h 11m 03.334s
414,    1631,    664965,    000h 00m 01.631s,    000h 11m 04.965s
415,    1587,    666552,    000h 00m 01.587s,    000h 11m 06.552s
416,    1514,    668066,    000h 00m 01.514s,    000h 11m 08.066s
417,    1604,    669670,    000h 00m 01.604s,    000h 11m 09.670s
418,    1630,    671300,    000h 00m 01.630s,    000h 11m 11.300s
419,    1539,    672839,    000h 00m 01.539s,    000h 11m 12.839s
420,    1556,    674395,    000h 00m 01.556s,    000h 11m 14.395s
421,    1600,    675995,    000h 00m 01.600s,    000h 11m 15.995s
422,    1632,    677627,    000h 00m 01.632s,    000h 11m 17.627s
423,    1599,    679226,    000h 00m 01.599s,    000h 11m 19.226s
424,    1613,    680839,    000h 00m 01.613s,    000h 11m 20.839s
425,    1535,    682374,    000h 00m 01.535s,    000h 11m 22.374s
426,    1645,    684019,    000h 00m 01.645s,    000h 11m 24.019s
427,    1656,    685675,    000h 00m 01.656s,    000h 11m 25.675s
428,    1582,    687257,    000h 00m 01.582s,    000h 11m 27.257s
429,    1593,    688850,    000h 00m 01.593s,    000h 11m 28.850s
430,    1626,    690476,    000h 00m 01.626s,    000h 11m 30.476s
431,    1625,    692101,    000h 00m 01.625s,    000h 11m 32.101s
432,    1702,    693803,    000h 00m 01.702s,    000h 11m 33.803s
433,    1639,    695442,    000h 00m 01.639s,    000h 11m 35.442s
434,    1619,    697061,    000h 00m 01.619s,    000h 11m 37.061s
435,    1595,    698656,    000h 00m 01.595s,    000h 11m 38.656s
436,    1629,    700285,    000h 00m 01.629s,    000h 11m 40.285s
437,    1544,    701829,    000h 00m 01.544s,    000h 11m 41.829s
438,    1588,    703417,    000h 00m 01.588s,    000h 11m 43.417s
439,    1622,    705039,    000h 00m 01.622s,    000h 11m 45.039s
440,    1640,    706679,    000h 00m 01.640s,    000h 11m 46.679s
441,    1636,    708315,    000h 00m 01.636s,    000h 11m 48.315s
442,    1553,    709868,    000h 00m 01.553s,    000h 11m 49.868s
443,    1555,    711423,    000h 00m 01.555s,    000h 11m 51.423s
444,    1546,    712969,    000h 00m 01.546s,    000h 11m 52.969s
445,    1558,    714527,    000h 00m 01.558s,    000h 11m 54.527s
446,    1603,    716130,    000h 00m 01.603s,    000h 11m 56.130s
447,    1658,    717788,    000h 00m 01.658s,    000h 11m 57.788s
448,    1562,    719350,    000h 00m 01.562s,    000h 11m 59.350s
449,    1685,    721035,    000h 00m 01.685s,    000h 12m 01.035s
450,    1536,    722571,    000h 00m 01.536s,    000h 12m 02.571s
451,    1630,    724201,    000h 00m 01.630s,    000h 12m 04.201s
452,    1577,    725778,    000h 00m 01.577s,    000h 12m 05.778s
453,    1699,    727477,    000h 00m 01.699s,    000h 12m 07.477s
454,    1604,    729081,    000h 00m 01.604s,    000h 12m 09.081s
455,    1627,    730708,    000h 00m 01.627s,    000h 12m 10.708s
456,    1598,    732306,    000h 00m 01.598s,    000h 12m 12.306s
457,    1597,    733903,    000h 00m 01.597s,    000h 12m 13.903s
458,    1607,    735510,    000h 00m 01.607s,    000h 12m 15.510s
459,    1623,    737133,    000h 00m 01.623s,    000h 12m 17.133s
460,    1584,    738717,    000h 00m 01.584s,    000h 12m 18.717s
461,    1592,    740309,    000h 00m 01.592s,    000h 12m 20.309s
462,    1586,    741895,    000h 00m 01.586s,    000h 12m 21.895s
463,    1556,    743451,    000h 00m 01.556s,    000h 12m 23.451s
464,    1614,    745065,    000h 00m 01.614s,    000h 12m 25.065s
465,    1605,    746670,    000h 00m 01.605s,    000h 12m 26.670s
466,    1597,    748267,    000h 00m 01.597s,    000h 12m 28.267s
467,    1590,    749857,    000h 00m 01.590s,    000h 12m 29.857s
468,    1611,    751468,    000h 00m 01.611s,    000h 12m 31.468s
469,    1621,    753089,    000h 00m 01.621s,    000h 12m 33.089s
470,    1502,    754591,    000h 00m 01.502s,    000h 12m 34.591s
471,    1630,    756221,    000h 00m 01.630s,    000h 12m 36.221s
472,    1627,    757848,    000h 00m 01.627s,    000h 12m 37.848s
473,    1596,    759444,    000h 00m 01.596s,    000h 12m 39.444s
474,    1642,    761086,    000h 00m 01.642s,    000h 12m 41.086s
475,    1600,    762686,    000h 00m 01.600s,    000h 12m 42.686s
476,    1634,    764320,    000h 00m 01.634s,    000h 12m 44.320s
477,    1652,    765972,    000h 00m 01.652s,    000h 12m 45.972s
478,    1625,    767597,    000h 00m 01.625s,    000h 12m 47.597s
479,    1619,    769216,    000h 00m 01.619s,    000h 12m 49.216s
480,    1594,    770810,    000h 00m 01.594s,    000h 12m 50.810s
481,    1575,    772385,    000h 00m 01.575s,    000h 12m 52.385s
482,    1587,    773972,    000h 00m 01.587s,    000h 12m 53.972s
483,    1625,    775597,    000h 00m 01.625s,    000h 12m 55.597s
484,    1606,    777203,    000h 00m 01.606s,    000h 12m 57.203s
485,    1626,    778829,    000h 00m 01.626s,    000h 12m 58.829s
486,    1594,    780423,    000h 00m 01.594s,    000h 13m 00.423s
487,    1607,    782030,    000h 00m 01.607s,    000h 13m 02.030s
488,    1624,    783654,    000h 00m 01.624s,    000h 13m 03.654s
489,    1639,    785293,    000h 00m 01.639s,    000h 13m 05.293s
490,    1600,    786893,    000h 00m 01.600s,    000h 13m 06.893s
491,    1583,    788476,    000h 00m 01.583s,    000h 13m 08.476s
492,    1609,    790085,    000h 00m 01.609s,    000h 13m 10.085s
493,    1596,    791681,    000h 00m 01.596s,    000h 13m 11.681s
494,    1546,    793227,    000h 00m 01.546s,    000h 13m 13.227s
495,    1575,    794802,    000h 00m 01.575s,    000h 13m 14.802s
496,    1643,    796445,    000h 00m 01.643s,    000h 13m 16.445s
497,    1623,    798068,    000h 00m 01.623s,    000h 13m 18.068s
498,    1605,    799673,    000h 00m 01.605s,    000h 13m 19.673s
499,    1634,    801307,    000h 00m 01.634s,    000h 13m 21.307s
500,    1616,    802923,    000h 00m 01.616s,    000h 13m 22.923s
501,    1589,    804512,    000h 00m 01.589s,    000h 13m 24.512s
502,    1668,    806180,    000h 00m 01.668s,    000h 13m 26.180s
503,    1527,    807707,    000h 00m 01.527s,    000h 13m 27.707s
504,    1626,    809333,    000h 00m 01.626s,    000h 13m 29.333s
505,    1624,    810957,    000h 00m 01.624s,    000h 13m 30.957s
506,    1568,    812525,    000h 00m 01.568s,    000h 13m 32.525s
507,    1601,    814126,    000h 00m 01.601s,    000h 13m 34.126s
508,    1596,    815722,    000h 00m 01.596s,    000h 13m 35.722s
509,    1604,    817326,    000h 00m 01.604s,    000h 13m 37.326s
510,    1713,    819039,    000h 00m 01.713s,    000h 13m 39.039s
511,    1647,    820686,    000h 00m 01.647s,    000h 13m 40.686s
512,    1599,    822285,    000h 00m 01.599s,    000h 13m 42.285s
513,    1625,    823910,    000h 00m 01.625s,    000h 13m 43.910s
514,    1646,    825556,    000h 00m 01.646s,    000h 13m 45.556s
515,    1634,    827190,    000h 00m 01.634s,    000h 13m 47.190s
516,    1626,    828816,    000h 00m 01.626s,    000h 13m 48.816s
517,    1620,    830436,    000h 00m 01.620s,    000h 13m 50.436s
518,    1565,    832001,    000h 00m 01.565s,    000h 13m 52.001s
519,    1595,    833596,    000h 00m 01.595s,    000h 13m 53.596s
520,    1598,    835194,    000h 00m 01.598s,    000h 13m 55.194s
521,    1644,    836838,    000h 00m 01.644s,    000h 13m 56.838s
522,    1606,    838444,    000h 00m 01.606s,    000h 13m 58.444s
523,    1603,    840047,    000h 00m 01.603s,    000h 14m 00.047s
524,    1557,    841604,    000h 00m 01.557s,    000h 14m 01.604s
525,    1595,    843199,    000h 00m 01.595s,    000h 14m 03.199s
526,    1570,    844769,    000h 00m 01.570s,    000h 14m 04.769s
527,    1655,    846424,    000h 00m 01.655s,    000h 14m 06.424s
528,    1638,    848062,    000h 00m 01.638s,    000h 14m 08.062s
529,    1598,    849660,    000h 00m 01.598s,    000h 14m 09.660s
530,    1605,    851265,    000h 00m 01.605s,    000h 14m 11.265s
531,    1584,    852849,    000h 00m 01.584s,    000h 14m 12.849s
532,    1535,    854384,    000h 00m 01.535s,    000h 14m 14.384s
533,    1632,    856016,    000h 00m 01.632s,    000h 14m 16.016s
534,    1587,    857603,    000h 00m 01.587s,    000h 14m 17.603s
535,    1636,    859239,    000h 00m 01.636s,    000h 14m 19.239s
536,    1495,    860734,    000h 00m 01.495s,    000h 14m 20.734s
537,    1698,    862432,    000h 00m 01.698s,    000h 14m 22.432s
538,    1692,    864124,    000h 00m 01.692s,    000h 14m 24.124s
539,    1618,    865742,    000h 00m 01.618s,    000h 14m 25.742s
540,    1630,    867372,    000h 00m 01.630s,    000h 14m 27.372s
541,    1589,    868961,    000h 00m 01.589s,    000h 14m 28.961s
542,    1626,    870587,    000h 00m 01.626s,    000h 14m 30.587s
543,    1555,    872142,    000h 00m 01.555s,    000h 14m 32.142s
544,    1592,    873734,    000h 00m 01.592s,    000h 14m 33.734s
545,    1635,    875369,    000h 00m 01.635s,    000h 14m 35.369s
546,    1533,    876902,    000h 00m 01.533s,    000h 14m 36.902s
547,    1548,    878450,    000h 00m 01.548s,    000h 14m 38.450s
548,    1644,    880094,    000h 00m 01.644s,    000h 14m 40.094s
549,    1615,    881709,    000h 00m 01.615s,    000h 14m 41.709s
550,    1627,    883336,    000h 00m 01.627s,    000h 14m 43.336s
551,    1596,    884932,    000h 00m 01.596s,    000h 14m 44.932s
552,    1650,    886582,    000h 00m 01.650s,    000h 14m 46.582s
553,    1627,    888209,    000h 00m 01.627s,    000h 14m 48.209s
554,    1681,    889890,    000h 00m 01.681s,    000h 14m 49.890s
555,    1583,    891473,    000h 00m 01.583s,    000h 14m 51.473s
556,    1625,    893098,    000h 00m 01.625s,    000h 14m 53.098s
557,    1614,    894712,    000h 00m 01.614s,    000h 14m 54.712s
558,    1573,    896285,    000h 00m 01.573s,    000h 14m 56.285s
559,    1580,    897865,    000h 00m 01.580s,    000h 14m 57.865s
560,    1666,    899531,    000h 00m 01.666s,    000h 14m 59.531s
561,    1623,    901154,    000h 00m 01.623s,    000h 15m 01.154s
562,    1607,    902761,    000h 00m 01.607s,    000h 15m 02.761s
563,    1653,    904414,    000h 00m 01.653s,    000h 15m 04.414s
564,    1659,    906073,    000h 00m 01.659s,    000h 15m 06.073s
565,    1527,    907600,    000h 00m 01.527s,    000h 15m 07.600s
566,    1580,    909180,    000h 00m 01.580s,    000h 15m 09.180s
567,    1544,    910724,    000h 00m 01.544s,    000h 15m 10.724s
568,    1539,    912263,    000h 00m 01.539s,    000h 15m 12.263s
569,    1597,    913860,    000h 00m 01.597s,    000h 15m 13.860s
570,    1572,    915432,    000h 00m 01.572s,    000h 15m 15.432s
571,    1624,    917056,    000h 00m 01.624s,    000h 15m 17.056s
572,    1568,    918624,    000h 00m 01.568s,    000h 15m 18.624s
573,    1538,    920162,    000h 00m 01.538s,    000h 15m 20.162s
574,    1599,    921761,    000h 00m 01.599s,    000h 15m 21.761s
575,    1606,    923367,    000h 00m 01.606s,    000h 15m 23.367s
576,    1579,    924946,    000h 00m 01.579s,    000h 15m 24.946s
577,    1653,    926599,    000h 00m 01.653s,    000h 15m 26.599s
578,    1600,    928199,    000h 00m 01.600s,    000h 15m 28.199s
579,    1644,    929843,    000h 00m 01.644s,    000h 15m 29.843s
580,    1603,    931446,    000h 00m 01.603s,    000h 15m 31.446s
581,    1630,    933076,    000h 00m 01.630s,    000h 15m 33.076s
582,    1636,    934712,    000h 00m 01.636s,    000h 15m 34.712s
583,    1624,    936336,    000h 00m 01.624s,    000h 15m 36.336s
584,    1609,    937945,    000h 00m 01.609s,    000h 15m 37.945s
585,    1632,    939577,    000h 00m 01.632s,    000h 15m 39.577s
586,    1600,    941177,    000h 00m 01.600s,    000h 15m 41.177s
587,    1572,    942749,    000h 00m 01.572s,    000h 15m 42.749s
588,    1635,    944384,    000h 00m 01.635s,    000h 15m 44.384s
589,    1638,    946022,    000h 00m 01.638s,    000h 15m 46.022s
590,    1603,    947625,    000h 00m 01.603s,    000h 15m 47.625s
591,    1622,    949247,    000h 00m 01.622s,    000h 15m 49.247s
592,    1622,    950869,    000h 00m 01.622s,    000h 15m 50.869s
593,    1617,    952486,    000h 00m 01.617s,    000h 15m 52.486s
594,    1639,    954125,    000h 00m 01.639s,    000h 15m 54.125s
595,    1626,    955751,    000h 00m 01.626s,    000h 15m 55.751s
596,    1607,    957358,    000h 00m 01.607s,    000h 15m 57.358s
597,    1640,    958998,    000h 00m 01.640s,    000h 15m 58.998s
598,    1627,    960625,    000h 00m 01.627s,    000h 16m 00.625s
599,    1561,    962186,    000h 00m 01.561s,    000h 16m 02.186s
600,    1620,    963806,    000h 00m 01.620s,    000h 16m 03.806s
601,    1623,    965429,    000h 00m 01.623s,    000h 16m 05.429s
602,    1512,    966941,    000h 00m 01.512s,    000h 16m 06.941s
603,    1604,    968545,    000h 00m 01.604s,    000h 16m 08.545s
604,    1594,    970139,    000h 00m 01.594s,    000h 16m 10.139s
605,    1603,    971742,    000h 00m 01.603s,    000h 16m 11.742s
606,    1612,    973354,    000h 00m 01.612s,    000h 16m 13.354s
607,    1629,    974983,    000h 00m 01.629s,    000h 16m 14.983s
608,    1629,    976612,    000h 00m 01.629s,    000h 16m 16.612s
609,    1588,    978200,    000h 00m 01.588s,    000h 16m 18.200s
610,    1620,    979820,    000h 00m 01.620s,    000h 16m 19.820s
611,    1652,    981472,    000h 00m 01.652s,    000h 16m 21.472s
612,    1638,    983110,    000h 00m 01.638s,    000h 16m 23.110s
613,    1579,    984689,    000h 00m 01.579s,    000h 16m 24.689s
614,    1687,    986376,    000h 00m 01.687s,    000h 16m 26.376s
615,    1601,    987977,    000h 00m 01.601s,    000h 16m 27.977s
616,    1525,    989502,    000h 00m 01.525s,    000h 16m 29.502s
617,    1610,    991112,    000h 00m 01.610s,    000h 16m 31.112s
618,    1624,    992736,    000h 00m 01.624s,    000h 16m 32.736s
619,    1505,    994241,    000h 00m 01.505s,    000h 16m 34.241s
620,    1604,    995845,    000h 00m 01.604s,    000h 16m 35.845s
621,    1630,    997475,    000h 00m 01.630s,    000h 16m 37.475s
622,    1618,    999093,    000h 00m 01.618s,    000h 16m 39.093s
623,    1643,    1000736,    000h 00m 01.643s,    000h 16m 40.736s
624,    1578,    1002314,    000h 00m 01.578s,    000h 16m 42.314s
625,    1591,    1003905,    000h 00m 01.591s,    000h 16m 43.905s
626,    1628,    1005533,    000h 00m 01.628s,    000h 16m 45.533s
627,    1638,    1007171,    000h 00m 01.638s,    000h 16m 47.171s
628,    1613,    1008784,    000h 00m 01.613s,    000h 16m 48.784s
629,    1608,    1010392,    000h 00m 01.608s,    000h 16m 50.392s
630,    1612,    1012004,    000h 00m 01.612s,    000h 16m 52.004s
631,    1611,    1013615,    000h 00m 01.611s,    000h 16m 53.615s
632,    1605,    1015220,    000h 00m 01.605s,    000h 16m 55.220s
633,    1510,    1016730,    000h 00m 01.510s,    000h 16m 56.730s
634,    1641,    1018371,    000h 00m 01.641s,    000h 16m 58.371s
635,    1581,    1019952,    000h 00m 01.581s,    000h 16m 59.952s
636,    1590,    1021542,    000h 00m 01.590s,    000h 17m 01.542s
637,    1531,    1023073,    000h 00m 01.531s,    000h 17m 03.073s
638,    1523,    1024596,    000h 00m 01.523s,    000h 17m 04.596s
639,    1656,    1026252,    000h 00m 01.656s,    000h 17m 06.252s
640,    1622,    1027874,    000h 00m 01.622s,    000h 17m 07.874s
641,    1562,    1029436,    000h 00m 01.562s,    000h 17m 09.436s
642,    1604,    1031040,    000h 00m 01.604s,    000h 17m 11.040s
643,    1642,    1032682,    000h 00m 01.642s,    000h 17m 12.682s
644,    1614,    1034296,    000h 00m 01.614s,    000h 17m 14.296s
645,    1659,    1035955,    000h 00m 01.659s,    000h 17m 15.955s
646,    1681,    1037636,    000h 00m 01.681s,    000h 17m 17.636s
647,    1595,    1039231,    000h 00m 01.595s,    000h 17m 19.231s
648,    1589,    1040820,    000h 00m 01.589s,    000h 17m 20.820s
649,    1631,    1042451,    000h 00m 01.631s,    000h 17m 22.451s
650,    1596,    1044047,    000h 00m 01.596s,    000h 17m 24.047s
651,    1701,    1045748,    000h 00m 01.701s,    000h 17m 25.748s
652,    1650,    1047398,    000h 00m 01.650s,    000h 17m 27.398s
653,    1625,    1049023,    000h 00m 01.625s,    000h 17m 29.023s
654,    1580,    1050603,    000h 00m 01.580s,    000h 17m 30.603s
655,    1650,    1052253,    000h 00m 01.650s,    000h 17m 32.253s
656,    1580,    1053833,    000h 00m 01.580s,    000h 17m 33.833s
657,    1648,    1055481,    000h 00m 01.648s,    000h 17m 35.481s
658,    1539,    1057020,    000h 00m 01.539s,    000h 17m 37.020s
659,    1638,    1058658,    000h 00m 01.638s,    000h 17m 38.658s
660,    1610,    1060268,    000h 00m 01.610s,    000h 17m 40.268s
661,    1624,    1061892,    000h 00m 01.624s,    000h 17m 41.892s
662,    1609,    1063501,    000h 00m 01.609s,    000h 17m 43.501s
663,    1643,    1065144,    000h 00m 01.643s,    000h 17m 45.144s
664,    1615,    1066759,    000h 00m 01.615s,    000h 17m 46.759s
665,    1631,    1068390,    000h 00m 01.631s,    000h 17m 48.390s
666,    1636,    1070026,    000h 00m 01.636s,    000h 17m 50.026s
667,    1659,    1071685,    000h 00m 01.659s,    000h 17m 51.685s
668,    1603,    1073288,    000h 00m 01.603s,    000h 17m 53.288s
669,    1633,    1074921,    000h 00m 01.633s,    000h 17m 54.921s
670,    1644,    1076565,    000h 00m 01.644s,    000h 17m 56.565s
671,    1513,    1078078,    000h 00m 01.513s,    000h 17m 58.078s
672,    1520,    1079598,    000h 00m 01.520s,    000h 17m 59.598s
673,    1631,    1081229,    000h 00m 01.631s,    000h 18m 01.229s
674,    1652,    1082881,    000h 00m 01.652s,    000h 18m 02.881s
675,    1574,    1084455,    000h 00m 01.574s,    000h 18m 04.455s
676,    1526,    1085981,    000h 00m 01.526s,    000h 18m 05.981s
677,    1835,    1087816,    000h 00m 01.835s,    000h 18m 07.816s
678,    1642,    1089458,    000h 00m 01.642s,    000h 18m 09.458s
679,    1543,    1091001,    000h 00m 01.543s,    000h 18m 11.001s
680,    1649,    1092650,    000h 00m 01.649s,    000h 18m 12.650s
681,    1546,    1094196,    000h 00m 01.546s,    000h 18m 14.196s
682,    1621,    1095817,    000h 00m 01.621s,    000h 18m 15.817s
683,    1556,    1097373,    000h 00m 01.556s,    000h 18m 17.373s
684,    1602,    1098975,    000h 00m 01.602s,    000h 18m 18.975s
685,    1640,    1100615,    000h 00m 01.640s,    000h 18m 20.615s
686,    1706,    1102321,    000h 00m 01.706s,    000h 18m 22.321s
687,    1627,    1103948,    000h 00m 01.627s,    000h 18m 23.948s
688,    1631,    1105579,    000h 00m 01.631s,    000h 18m 25.579s
689,    1619,    1107198,    000h 00m 01.619s,    000h 18m 27.198s
690,    1550,    1108748,    000h 00m 01.550s,    000h 18m 28.748s
691,    1633,    1110381,    000h 00m 01.633s,    000h 18m 30.381s
692,    1644,    1112025,    000h 00m 01.644s,    000h 18m 32.025s
693,    1579,    1113604,    000h 00m 01.579s,    000h 18m 33.604s
694,    1629,    1115233,    000h 00m 01.629s,    000h 18m 35.233s
695,    1672,    1116905,    000h 00m 01.672s,    000h 18m 36.905s
696,    1632,    1118537,    000h 00m 01.632s,    000h 18m 38.537s
697,    1614,    1120151,    000h 00m 01.614s,    000h 18m 40.151s
698,    1609,    1121760,    000h 00m 01.609s,    000h 18m 41.760s
699,    1613,    1123373,    000h 00m 01.613s,    000h 18m 43.373s
700,    1641,    1125014,    000h 00m 01.641s,    000h 18m 45.014s
701,    1638,    1126652,    000h 00m 01.638s,    000h 18m 46.652s
702,    1649,    1128301,    000h 00m 01.649s,    000h 18m 48.301s
703,    1602,    1129903,    000h 00m 01.602s,    000h 18m 49.903s
704,    1646,    1131549,    000h 00m 01.646s,    000h 18m 51.549s
705,    1633,    1133182,    000h 00m 01.633s,    000h 18m 53.182s
706,    1641,    1134823,    000h 00m 01.641s,    000h 18m 54.823s
707,    1592,    1136415,    000h 00m 01.592s,    000h 18m 56.415s
708,    1603,    1138018,    000h 00m 01.603s,    000h 18m 58.018s
709,    1562,    1139580,    000h 00m 01.562s,    000h 18m 59.580s
710,    1603,    1141183,    000h 00m 01.603s,    000h 19m 01.183s
711,    1580,    1142763,    000h 00m 01.580s,    000h 19m 02.763s
712,    1646,    1144409,    000h 00m 01.646s,    000h 19m 04.409s
713,    1589,    1145998,    000h 00m 01.589s,    000h 19m 05.998s
714,    1604,    1147602,    000h 00m 01.604s,    000h 19m 07.602s
715,    1634,    1149236,    000h 00m 01.634s,    000h 19m 09.236s
716,    1539,    1150775,    000h 00m 01.539s,    000h 19m 10.775s
717,    1571,    1152346,    000h 00m 01.571s,    000h 19m 12.346s
718,    1642,    1153988,    000h 00m 01.642s,    000h 19m 13.988s
719,    1532,    1155520,    000h 00m 01.532s,    000h 19m 15.520s
720,    1683,    1157203,    000h 00m 01.683s,    000h 19m 17.203s
721,    1552,    1158755,    000h 00m 01.552s,    000h 19m 18.755s
722,    1624,    1160379,    000h 00m 01.624s,    000h 19m 20.379s
723,    1614,    1161993,    000h 00m 01.614s,    000h 19m 21.993s
724,    1580,    1163573,    000h 00m 01.580s,    000h 19m 23.573s
725,    1613,    1165186,    000h 00m 01.613s,    000h 19m 25.186s
726,    1587,    1166773,    000h 00m 01.587s,    000h 19m 26.773s
727,    1593,    1168366,    000h 00m 01.593s,    000h 19m 28.366s
728,    1545,    1169911,    000h 00m 01.545s,    000h 19m 29.911s
729,    1624,    1171535,    000h 00m 01.624s,    000h 19m 31.535s
730,    1634,    1173169,    000h 00m 01.634s,    000h 19m 33.169s
731,    1592,    1174761,    000h 00m 01.592s,    000h 19m 34.761s
732,    1656,    1176417,    000h 00m 01.656s,    000h 19m 36.417s
733,    1599,    1178016,    000h 00m 01.599s,    000h 19m 38.016s
734,    1634,    1179650,    000h 00m 01.634s,    000h 19m 39.650s
735,    1640,    1181290,    000h 00m 01.640s,    000h 19m 41.290s
736,    1559,    1182849,    000h 00m 01.559s,    000h 19m 42.849s
737,    1618,    1184467,    000h 00m 01.618s,    000h 19m 44.467s
738,    1636,    1186103,    000h 00m 01.636s,    000h 19m 46.103s
739,    1584,    1187687,    000h 00m 01.584s,    000h 19m 47.687s
740,    1619,    1189306,    000h 00m 01.619s,    000h 19m 49.306s
741,    1575,    1190881,    000h 00m 01.575s,    000h 19m 50.881s
742,    1625,    1192506,    000h 00m 01.625s,    000h 19m 52.506s
743,    1605,    1194111,    000h 00m 01.605s,    000h 19m 54.111s
744,    1611,    1195722,    000h 00m 01.611s,    000h 19m 55.722s
745,    1584,    1197306,    000h 00m 01.584s,    000h 19m 57.306s
746,    1584,    1198890,    000h 00m 01.584s,    000h 19m 58.890s
747,    1598,    1200488,    000h 00m 01.598s,    000h 20m 00.488s
748,    1628,    1202116,    000h 00m 01.628s,    000h 20m 02.116s
749,    1639,    1203755,    000h 00m 01.639s,    000h 20m 03.755s
750,    1627,    1205382,    000h 00m 01.627s,    000h 20m 05.382s
751,    1526,    1206908,    000h 00m 01.526s,    000h 20m 06.908s
752,    1549,    1208457,    000h 00m 01.549s,    000h 20m 08.457s
753,    1615,    1210072,    000h 00m 01.615s,    000h 20m 10.072s
754,    1600,    1211672,    000h 00m 01.600s,    000h 20m 11.672s
755,    1594,    1213266,    000h 00m 01.594s,    000h 20m 13.266s
756,    1537,    1214803,    000h 00m 01.537s,    000h 20m 14.803s
757,    1650,    1216453,    000h 00m 01.650s,    000h 20m 16.453s
758,    1642,    1218095,    000h 00m 01.642s,    000h 20m 18.095s
759,    1606,    1219701,    000h 00m 01.606s,    000h 20m 19.701s
760,    1667,    1221368,    000h 00m 01.667s,    000h 20m 21.368s
761,    1604,    1222972,    000h 00m 01.604s,    000h 20m 22.972s
762,    1630,    1224602,    000h 00m 01.630s,    000h 20m 24.602s
763,    1670,    1226272,    000h 00m 01.670s,    000h 20m 26.272s
764,    1570,    1227842,    000h 00m 01.570s,    000h 20m 27.842s
765,    1525,    1229367,    000h 00m 01.525s,    000h 20m 29.367s
766,    1633,    1231000,    000h 00m 01.633s,    000h 20m 31.000s
767,    1594,    1232594,    000h 00m 01.594s,    000h 20m 32.594s
768,    1622,    1234216,    000h 00m 01.622s,    000h 20m 34.216s
769,    1629,    1235845,    000h 00m 01.629s,    000h 20m 35.845s
770,    1681,    1237526,    000h 00m 01.681s,    000h 20m 37.526s
771,    1634,    1239160,    000h 00m 01.634s,    000h 20m 39.160s
772,    1617,    1240777,    000h 00m 01.617s,    000h 20m 40.777s
773,    1648,    1242425,    000h 00m 01.648s,    000h 20m 42.425s
774,    1597,    1244022,    000h 00m 01.597s,    000h 20m 44.022s
775,    1605,    1245627,    000h 00m 01.605s,    000h 20m 45.627s
776,    1636,    1247263,    000h 00m 01.636s,    000h 20m 47.263s
777,    1582,    1248845,    000h 00m 01.582s,    000h 20m 48.845s
778,    1587,    1250432,    000h 00m 01.587s,    000h 20m 50.432s
779,    1635,    1252067,    000h 00m 01.635s,    000h 20m 52.067s
780,    1595,    1253662,    000h 00m 01.595s,    000h 20m 53.662s
781,    1612,    1255274,    000h 00m 01.612s,    000h 20m 55.274s
782,    1634,    1256908,    000h 00m 01.634s,    000h 20m 56.908s
783,    1674,    1258582,    000h 00m 01.674s,    000h 20m 58.582s
784,    1599,    1260181,    000h 00m 01.599s,    000h 21m 00.181s
785,    1565,    1261746,    000h 00m 01.565s,    000h 21m 01.746s
786,    1609,    1263355,    000h 00m 01.609s,    000h 21m 03.355s
787,    1607,    1264962,    000h 00m 01.607s,    000h 21m 04.962s
788,    1641,    1266603,    000h 00m 01.641s,    000h 21m 06.603s
789,    1523,    1268126,    000h 00m 01.523s,    000h 21m 08.126s
790,    1691,    1269817,    000h 00m 01.691s,    000h 21m 09.817s
791,    1549,    1271366,    000h 00m 01.549s,    000h 21m 11.366s
792,    1640,    1273006,    000h 00m 01.640s,    000h 21m 13.006s
793,    1557,    1274563,    000h 00m 01.557s,    000h 21m 14.563s
794,    1576,    1276139,    000h 00m 01.576s,    000h 21m 16.139s
795,    1649,    1277788,    000h 00m 01.649s,    000h 21m 17.788s
796,    1642,    1279430,    000h 00m 01.642s,    000h 21m 19.430s
797,    1618,    1281048,    000h 00m 01.618s,    000h 21m 21.048s
798,    1651,    1282699,    000h 00m 01.651s,    000h 21m 22.699s
799,    1631,    1284330,    000h 00m 01.631s,    000h 21m 24.330s
800,    1619,    1285949,    000h 00m 01.619s,    000h 21m 25.949s
801,    1621,    1287570,    000h 00m 01.621s,    000h 21m 27.570s
802,    1577,    1289147,    000h 00m 01.577s,    000h 21m 29.147s
803,    1608,    1290755,    000h 00m 01.608s,    000h 21m 30.755s
804,    1618,    1292373,    000h 00m 01.618s,    000h 21m 32.373s
805,    1572,    1293945,    000h 00m 01.572s,    000h 21m 33.945s
806,    1673,    1295618,    000h 00m 01.673s,    000h 21m 35.618s
807,    1665,    1297283,    000h 00m 01.665s,    000h 21m 37.283s
808,    1645,    1298928,    000h 00m 01.645s,    000h 21m 38.928s
809,    1527,    1300455,    000h 00m 01.527s,    000h 21m 40.455s
810,    1631,    1302086,    000h 00m 01.631s,    000h 21m 42.086s
811,    1602,    1303688,    000h 00m 01.602s,    000h 21m 43.688s
812,    1570,    1305258,    000h 00m 01.570s,    000h 21m 45.258s
813,    1572,    1306830,    000h 00m 01.572s,    000h 21m 46.830s
814,    1594,    1308424,    000h 00m 01.594s,    000h 21m 48.424s
815,    1609,    1310033,    000h 00m 01.609s,    000h 21m 50.033s
816,    1693,    1311726,    000h 00m 01.693s,    000h 21m 51.726s
817,    1689,    1313415,    000h 00m 01.689s,    000h 21m 53.415s
818,    1632,    1315047,    000h 00m 01.632s,    000h 21m 55.047s
819,    1626,    1316673,    000h 00m 01.626s,    000h 21m 56.673s
820,    1665,    1318338,    000h 00m 01.665s,    000h 21m 58.338s
821,    1606,    1319944,    000h 00m 01.606s,    000h 21m 59.944s
822,    1648,    1321592,    000h 00m 01.648s,    000h 22m 01.592s
823,    1572,    1323164,    000h 00m 01.572s,    000h 22m 03.164s
824,    1568,    1324732,    000h 00m 01.568s,    000h 22m 04.732s
825,    1587,    1326319,    000h 00m 01.587s,    000h 22m 06.319s
826,    1617,    1327936,    000h 00m 01.617s,    000h 22m 07.936s
827,    1590,    1329526,    000h 00m 01.590s,    000h 22m 09.526s
828,    1602,    1331128,    000h 00m 01.602s,    000h 22m 11.128s
829,    1637,    1332765,    000h 00m 01.637s,    000h 22m 12.765s
830,    1636,    1334401,    000h 00m 01.636s,    000h 22m 14.401s
831,    1636,    1336037,    000h 00m 01.636s,    000h 22m 16.037s
832,    1605,    1337642,    000h 00m 01.605s,    000h 22m 17.642s
833,    1649,    1339291,    000h 00m 01.649s,    000h 22m 19.291s
834,    1607,    1340898,    000h 00m 01.607s,    000h 22m 20.898s
835,    1574,    1342472,    000h 00m 01.574s,    000h 22m 22.472s
836,    1710,    1344182,    000h 00m 01.710s,    000h 22m 24.182s
837,    1640,    1345822,    000h 00m 01.640s,    000h 22m 25.822s
838,    1618,    1347440,    000h 00m 01.618s,    000h 22m 27.440s
839,    1554,    1348994,    000h 00m 01.554s,    000h 22m 28.994s
840,    1604,    1350598,    000h 00m 01.604s,    000h 22m 30.598s
841,    1585,    1352183,    000h 00m 01.585s,    000h 22m 32.183s
842,    1618,    1353801,    000h 00m 01.618s,    000h 22m 33.801s
843,    1555,    1355356,    000h 00m 01.555s,    000h 22m 35.356s
844,    1630,    1356986,    000h 00m 01.630s,    000h 22m 36.986s
845,    1584,    1358570,    000h 00m 01.584s,    000h 22m 38.570s
846,    1641,    1360211,    000h 00m 01.641s,    000h 22m 40.211s
847,    1647,    1361858,    000h 00m 01.647s,    000h 22m 41.858s
848,    1591,    1363449,    000h 00m 01.591s,    000h 22m 43.449s
849,    1586,    1365035,    000h 00m 01.586s,    000h 22m 45.035s
850,    1596,    1366631,    000h 00m 01.596s,    000h 22m 46.631s
851,    1570,    1368201,    000h 00m 01.570s,    000h 22m 48.201s
852,    1670,    1369871,    000h 00m 01.670s,    000h 22m 49.871s
853,    1625,    1371496,    000h 00m 01.625s,    000h 22m 51.496s
854,    1610,    1373106,    000h 00m 01.610s,    000h 22m 53.106s
855,    1638,    1374744,    000h 00m 01.638s,    000h 22m 54.744s
856,    1610,    1376354,    000h 00m 01.610s,    000h 22m 56.354s
857,    1573,    1377927,    000h 00m 01.573s,    000h 22m 57.927s
858,    1542,    1379469,    000h 00m 01.542s,    000h 22m 59.469s
859,    1584,    1381053,    000h 00m 01.584s,    000h 23m 01.053s
860,    1516,    1382569,    000h 00m 01.516s,    000h 23m 02.569s
861,    1648,    1384217,    000h 00m 01.648s,    000h 23m 04.217s
862,    1626,    1385843,    000h 00m 01.626s,    000h 23m 05.843s
863,    1636,    1387479,    000h 00m 01.636s,    000h 23m 07.479s
864,    1623,    1389102,    000h 00m 01.623s,    000h 23m 09.102s
865,    1621,    1390723,    000h 00m 01.621s,    000h 23m 10.723s
866,    1649,    1392372,    000h 00m 01.649s,    000h 23m 12.372s
867,    1626,    1393998,    000h 00m 01.626s,    000h 23m 13.998s
868,    1588,    1395586,    000h 00m 01.588s,    000h 23m 15.586s
869,    1584,    1397170,    000h 00m 01.584s,    000h 23m 17.170s
870,    1584,    1398754,    000h 00m 01.584s,    000h 23m 18.754s
871,    1610,    1400364,    000h 00m 01.610s,    000h 23m 20.364s
872,    1594,    1401958,    000h 00m 01.594s,    000h 23m 21.958s
873,    1603,    1403561,    000h 00m 01.603s,    000h 23m 23.561s
874,    1546,    1405107,    000h 00m 01.546s,    000h 23m 25.107s
875,    1641,    1406748,    000h 00m 01.641s,    000h 23m 26.748s
876,    1570,    1408318,    000h 00m 01.570s,    000h 23m 28.318s
877,    1596,    1409914,    000h 00m 01.596s,    000h 23m 29.914s
878,    1500,    1411414,    000h 00m 01.500s,    000h 23m 31.414s
879,    1626,    1413040,    000h 00m 01.626s,    000h 23m 33.040s
880,    1609,    1414649,    000h 00m 01.609s,    000h 23m 34.649s
881,    1611,    1416260,    000h 00m 01.611s,    000h 23m 36.260s
882,    1609,    1417869,    000h 00m 01.609s,    000h 23m 37.869s
883,    1639,    1419508,    000h 00m 01.639s,    000h 23m 39.508s
884,    1613,    1421121,    000h 00m 01.613s,    000h 23m 41.121s
885,    1573,    1422694,    000h 00m 01.573s,    000h 23m 42.694s
886,    1548,    1424242,    000h 00m 01.548s,    000h 23m 44.242s
887,    1674,    1425916,    000h 00m 01.674s,    000h 23m 45.916s
888,    1523,    1427439,    000h 00m 01.523s,    000h 23m 47.439s
889,    1638,    1429077,    000h 00m 01.638s,    000h 23m 49.077s
890,    1630,    1430707,    000h 00m 01.630s,    000h 23m 50.707s
891,    1637,    1432344,    000h 00m 01.637s,    000h 23m 52.344s
892,    1652,    1433996,    000h 00m 01.652s,    000h 23m 53.996s
893,    1666,    1435662,    000h 00m 01.666s,    000h 23m 55.662s
894,    1633,    1437295,    000h 00m 01.633s,    000h 23m 57.295s
895,    1688,    1438983,    000h 00m 01.688s,    000h 23m 58.983s
896,    1665,    1440648,    000h 00m 01.665s,    000h 24m 00.648s
897,    1530,    1442178,    000h 00m 01.530s,    000h 24m 02.178s
898,    1679,    1443857,    000h 00m 01.679s,    000h 24m 03.857s
899,    1594,    1445451,    000h 00m 01.594s,    000h 24m 05.451s
900,    1593,    1447044,    000h 00m 01.593s,    000h 24m 07.044s
901,    1583,    1448627,    000h 00m 01.583s,    000h 24m 08.627s
902,    1614,    1450241,    000h 00m 01.614s,    000h 24m 10.241s
903,    1695,    1451936,    000h 00m 01.695s,    000h 24m 11.936s
904,    1624,    1453560,    000h 00m 01.624s,    000h 24m 13.560s
905,    1539,    1455099,    000h 00m 01.539s,    000h 24m 15.099s
906,    1527,    1456626,    000h 00m 01.527s,    000h 24m 16.626s
907,    1528,    1458154,    000h 00m 01.528s,    000h 24m 18.154s
908,    1697,    1459851,    000h 00m 01.697s,    000h 24m 19.851s
909,    1630,    1461481,    000h 00m 01.630s,    000h 24m 21.481s
910,    1630,    1463111,    000h 00m 01.630s,    000h 24m 23.111s
911,    1619,    1464730,    000h 00m 01.619s,    000h 24m 24.730s
912,    1563,    1466293,    000h 00m 01.563s,    000h 24m 26.293s
913,    1602,    1467895,    000h 00m 01.602s,    000h 24m 27.895s
914,    1608,    1469503,    000h 00m 01.608s,    000h 24m 29.503s
915,    1591,    1471094,    000h 00m 01.591s,    000h 24m 31.094s
916,    1578,    1472672,    000h 00m 01.578s,    000h 24m 32.672s
917,    1513,    1474185,    000h 00m 01.513s,    000h 24m 34.185s
918,    1618,    1475803,    000h 00m 01.618s,    000h 24m 35.803s
919,    1676,    1477479,    000h 00m 01.676s,    000h 24m 37.479s
920,    1642,    1479121,    000h 00m 01.642s,    000h 24m 39.121s
921,    1575,    1480696,    000h 00m 01.575s,    000h 24m 40.696s
922,    1663,    1482359,    000h 00m 01.663s,    000h 24m 42.359s
923,    1591,    1483950,    000h 00m 01.591s,    000h 24m 43.950s
924,    1632,    1485582,    000h 00m 01.632s,    000h 24m 45.582s
925,    1567,    1487149,    000h 00m 01.567s,    000h 24m 47.149s
926,    1524,    1488673,    000h 00m 01.524s,    000h 24m 48.673s
927,    1595,    1490268,    000h 00m 01.595s,    000h 24m 50.268s
928,    1575,    1491843,    000h 00m 01.575s,    000h 24m 51.843s
929,    1614,    1493457,    000h 00m 01.614s,    000h 24m 53.457s
930,    1626,    1495083,    000h 00m 01.626s,    000h 24m 55.083s
931,    1532,    1496615,    000h 00m 01.532s,    000h 24m 56.615s
932,    1632,    1498247,    000h 00m 01.632s,    000h 24m 58.247s
933,    1568,    1499815,    000h 00m 01.568s,    000h 24m 59.815s
934,    1621,    1501436,    000h 00m 01.621s,    000h 25m 01.436s
935,    1525,    1502961,    000h 00m 01.525s,    000h 25m 02.961s
936,    1624,    1504585,    000h 00m 01.624s,    000h 25m 04.585s
937,    1564,    1506149,    000h 00m 01.564s,    000h 25m 06.149s
938,    1597,    1507746,    000h 00m 01.597s,    000h 25m 07.746s
939,    1674,    1509420,    000h 00m 01.674s,    000h 25m 09.420s
940,    1637,    1511057,    000h 00m 01.637s,    000h 25m 11.057s
941,    1597,    1512654,    000h 00m 01.597s,    000h 25m 12.654s
942,    1598,    1514252,    000h 00m 01.598s,    000h 25m 14.252s
943,    1619,    1515871,    000h 00m 01.619s,    000h 25m 15.871s
944,    1611,    1517482,    000h 00m 01.611s,    000h 25m 17.482s
945,    1606,    1519088,    000h 00m 01.606s,    000h 25m 19.088s
946,    1574,    1520662,    000h 00m 01.574s,    000h 25m 20.662s
947,    1539,    1522201,    000h 00m 01.539s,    000h 25m 22.201s
948,    1562,    1523763,    000h 00m 01.562s,    000h 25m 23.763s
949,    1617,    1525380,    000h 00m 01.617s,    000h 25m 25.380s
950,    1590,    1526970,    000h 00m 01.590s,    000h 25m 26.970s
951,    1536,    1528506,    000h 00m 01.536s,    000h 25m 28.506s
952,    1507,    1530013,    000h 00m 01.507s,    000h 25m 30.013s
953,    1598,    1531611,    000h 00m 01.598s,    000h 25m 31.611s
954,    1536,    1533147,    000h 00m 01.536s,    000h 25m 33.147s
955,    1657,    1534804,    000h 00m 01.657s,    000h 25m 34.804s
956,    1545,    1536349,    000h 00m 01.545s,    000h 25m 36.349s
957,    1633,    1537982,    000h 00m 01.633s,    000h 25m 37.982s
958,    1547,    1539529,    000h 00m 01.547s,    000h 25m 39.529s
959,    1518,    1541047,    000h 00m 01.518s,    000h 25m 41.047s
960,    1583,    1542630,    000h 00m 01.583s,    000h 25m 42.630s
961,    1583,    1544213,    000h 00m 01.583s,    000h 25m 44.213s
962,    1600,    1545813,    000h 00m 01.600s,    000h 25m 45.813s
963,    1579,    1547392,    000h 00m 01.579s,    000h 25m 47.392s
964,    1567,    1548959,    000h 00m 01.567s,    000h 25m 48.959s
965,    1576,    1550535,    000h 00m 01.576s,    000h 25m 50.535s
966,    1671,    1552206,    000h 00m 01.671s,    000h 25m 52.206s
967,    1718,    1553924,    000h 00m 01.718s,    000h 25m 53.924s
968,    1635,    1555559,    000h 00m 01.635s,    000h 25m 55.559s
969,    1626,    1557185,    000h 00m 01.626s,    000h 25m 57.185s
970,    1607,    1558792,    000h 00m 01.607s,    000h 25m 58.792s
971,    1538,    1560330,    000h 00m 01.538s,    000h 26m 00.330s
972,    1676,    1562006,    000h 00m 01.676s,    000h 26m 02.006s
973,    1499,    1563505,    000h 00m 01.499s,    000h 26m 03.505s
974,    1611,    1565116,    000h 00m 01.611s,    000h 26m 05.116s
975,    1722,    1566838,    000h 00m 01.722s,    000h 26m 06.838s
976,    1648,    1568486,    000h 00m 01.648s,    000h 26m 08.486s
977,    1600,    1570086,    000h 00m 01.600s,    000h 26m 10.086s
978,    1569,    1571655,    000h 00m 01.569s,    000h 26m 11.655s
979,    1578,    1573233,    000h 00m 01.578s,    000h 26m 13.233s
980,    1559,    1574792,    000h 00m 01.559s,    000h 26m 14.792s
981,    1623,    1576415,    000h 00m 01.623s,    000h 26m 16.415s
982,    1570,    1577985,    000h 00m 01.570s,    000h 26m 17.985s
983,    1638,    1579623,    000h 00m 01.638s,    000h 26m 19.623s
984,    1638,    1581261,    000h 00m 01.638s,    000h 26m 21.261s
985,    1657,    1582918,    000h 00m 01.657s,    000h 26m 22.918s
986,    1607,    1584525,    000h 00m 01.607s,    000h 26m 24.525s
987,    1545,    1586070,    000h 00m 01.545s,    000h 26m 26.070s
988,    1582,    1587652,    000h 00m 01.582s,    000h 26m 27.652s
989,    1539,    1589191,    000h 00m 01.539s,    000h 26m 29.191s
990,    1620,    1590811,    000h 00m 01.620s,    000h 26m 30.811s
991,    1566,    1592377,    000h 00m 01.566s,    000h 26m 32.377s
992,    1597,    1593974,    000h 00m 01.597s,    000h 26m 33.974s
993,    1627,    1595601,    000h 00m 01.627s,    000h 26m 35.601s
994,    1675,    1597276,    000h 00m 01.675s,    000h 26m 37.276s
995,    1563,    1598839,    000h 00m 01.563s,    000h 26m 38.839s
996,    1604,    1600443,    000h 00m 01.604s,    000h 26m 40.443s
997,    1614,    1602057,    000h 00m 01.614s,    000h 26m 42.057s
998,    1618,    1603675,    000h 00m 01.618s,    000h 26m 43.675s
999,    1629,    1605304,    000h 00m 01.629s,    000h 26m 45.304s
1000,    1613,    1606917,    000h 00m 01.613s,    000h 26m 46.917s
1001,    1593,    1608510,    000h 00m 01.593s,    000h 26m 48.510s
1002,    1559,    1610069,    000h 00m 01.559s,    000h 26m 50.069s
1003,    1687,    1611756,    000h 00m 01.687s,    000h 26m 51.756s
1004,    1669,    1613425,    000h 00m 01.669s,    000h 26m 53.425s
1005,    1628,    1615053,    000h 00m 01.628s,    000h 26m 55.053s
1006,    1605,    1616658,    000h 00m 01.605s,    000h 26m 56.658s
1007,    1620,    1618278,    000h 00m 01.620s,    000h 26m 58.278s
1008,    1615,    1619893,    000h 00m 01.615s,    000h 26m 59.893s
1009,    1675,    1621568,    000h 00m 01.675s,    000h 27m 01.568s
1010,    1637,    1623205,    000h 00m 01.637s,    000h 27m 03.205s
1011,    1640,    1624845,    000h 00m 01.640s,    000h 27m 04.845s
1012,    1626,    1626471,    000h 00m 01.626s,    000h 27m 06.471s
1013,    1598,    1628069,    000h 00m 01.598s,    000h 27m 08.069s
1014,    1713,    1629782,    000h 00m 01.713s,    000h 27m 09.782s
1015,    1576,    1631358,    000h 00m 01.576s,    000h 27m 11.358s
1016,    1676,    1633034,    000h 00m 01.676s,    000h 27m 13.034s
1017,    1623,    1634657,    000h 00m 01.623s,    000h 27m 14.657s
1018,    1580,    1636237,    000h 00m 01.580s,    000h 27m 16.237s
1019,    1575,    1637812,    000h 00m 01.575s,    000h 27m 17.812s
1020,    1705,    1639517,    000h 00m 01.705s,    000h 27m 19.517s
1021,    1529,    1641046,    000h 00m 01.529s,    000h 27m 21.046s
1022,    1640,    1642686,    000h 00m 01.640s,    000h 27m 22.686s
1023,    1589,    1644275,    000h 00m 01.589s,    000h 27m 24.275s
1024,    1633,    1645908,    000h 00m 01.633s,    000h 27m 25.908s
1025,    1600,    1647508,    000h 00m 01.600s,    000h 27m 27.508s
