pass,    time (ms),    total time (ms),    time,     total_time
1,    1700,    1700,    000h 00m 01.700s,    000h 00m 01.700s
2,    1708,    3408,    000h 00m 01.708s,    000h 00m 03.408s
3,    1748,    5156,    000h 00m 01.748s,    000h 00m 05.156s
4,    1695,    6851,    000h 00m 01.695s,    000h 00m 06.851s
5,    1728,    8579,    000h 00m 01.728s,    000h 00m 08.579s
6,    1698,    10277,    000h 00m 01.698s,    000h 00m 10.277s
7,    1738,    12015,    000h 00m 01.738s,    000h 00m 12.015s
8,    1656,    13671,    000h 00m 01.656s,    000h 00m 13.671s
9,    1720,    15391,    000h 00m 01.720s,    000h 00m 15.391s
10,    1740,    17131,    000h 00m 01.740s,    000h 00m 17.131s
11,    1750,    18881,    000h 00m 01.750s,    000h 00m 18.881s
12,    1750,    20631,    000h 00m 01.750s,    000h 00m 20.631s
13,    1566,    22197,    000h 00m 01.566s,    000h 00m 22.197s
14,    1680,    23877,    000h 00m 01.680s,    000h 00m 23.877s
15,    1690,    25567,    000h 00m 01.690s,    000h 00m 25.567s
16,    1641,    27208,    000h 00m 01.641s,    000h 00m 27.208s
17,    1692,    28900,    000h 00m 01.692s,    000h 00m 28.900s
18,    1705,    30605,    000h 00m 01.705s,    000h 00m 30.605s
19,    1743,    32348,    000h 00m 01.743s,    000h 00m 32.348s
20,    1722,    34070,    000h 00m 01.722s,    000h 00m 34.070s
21,    1631,    35701,    000h 00m 01.631s,    000h 00m 35.701s
22,    1614,    37315,    000h 00m 01.614s,    000h 00m 37.315s
23,    1742,    39057,    000h 00m 01.742s,    000h 00m 39.057s
24,    1558,    40615,    000h 00m 01.558s,    000h 00m 40.615s
25,    1729,    42344,    000h 00m 01.729s,    000h 00m 42.344s
26,    1706,    44050,    000h 00m 01.706s,    000h 00m 44.050s
27,    1700,    45750,    000h 00m 01.700s,    000h 00m 45.750s
28,    1747,    47497,    000h 00m 01.747s,    000h 00m 47.497s
29,    1734,    49231,    000h 00m 01.734s,    000h 00m 49.231s
30,    1658,    50889,    000h 00m 01.658s,    000h 00m 50.889s
31,    1727,    52616,    000h 00m 01.727s,    000h 00m 52.616s
32,    1724,    54340,    000h 00m 01.724s,    000h 00m 54.340s
33,    1751,    56091,    000h 00m 01.751s,    000h 00m 56.091s
34,    1644,    57735,    000h 00m 01.644s,    000h 00m 57.735s
35,    1714,    59449,    000h 00m 01.714s,    000h 00m 59.449s
36,    1688,    61137,    000h 00m 01.688s,    000h 01m 01.137s
37,    1746,    62883,    000h 00m 01.746s,    000h 01m 02.883s
38,    1719,    64602,    000h 00m 01.719s,    000h 01m 04.602s
39,    1701,    66303,    000h 00m 01.701s,    000h 01m 06.303s
40,    1725,    68028,    000h 00m 01.725s,    000h 01m 08.028s
41,    1653,    69681,    000h 00m 01.653s,    000h 01m 09.681s
42,    1555,    71236,    000h 00m 01.555s,    000h 01m 11.236s
43,    1742,    72978,    000h 00m 01.742s,    000h 01m 12.978s
44,    1732,    74710,    000h 00m 01.732s,    000h 01m 14.710s
45,    1762,    76472,    000h 00m 01.762s,    000h 01m 16.472s
46,    1728,    78200,    000h 00m 01.728s,    000h 01m 18.200s
47,    1729,    79929,    000h 00m 01.729s,    000h 01m 19.929s
48,    1730,    81659,    000h 00m 01.730s,    000h 01m 21.659s
49,    1683,    83342,    000h 00m 01.683s,    000h 01m 23.342s
50,    1658,    85000,    000h 00m 01.658s,    000h 01m 25.000s
51,    1570,    86570,    000h 00m 01.570s,    000h 01m 26.570s
52,    1622,    88192,    000h 00m 01.622s,    000h 01m 28.192s
53,    1702,    89894,    000h 00m 01.702s,    000h 01m 29.894s
54,    1749,    91643,    000h 00m 01.749s,    000h 01m 31.643s
55,    1573,    93216,    000h 00m 01.573s,    000h 01m 33.216s
56,    1746,    94962,    000h 00m 01.746s,    000h 01m 34.962s
57,    1583,    96545,    000h 00m 01.583s,    000h 01m 36.545s
58,    1712,    98257,    000h 00m 01.712s,    000h 01m 38.257s
59,    1593,    99850,    000h 00m 01.593s,    000h 01m 39.850s
60,    1742,    101592,    000h 00m 01.742s,    000h 01m 41.592s
61,    1656,    103248,    000h 00m 01.656s,    000h 01m 43.248s
62,    1745,    104993,    000h 00m 01.745s,    000h 01m 44.993s
63,    1720,    106713,    000h 00m 01.720s,    000h 01m 46.713s
64,    1744,    108457,    000h 00m 01.744s,    000h 01m 48.457s
65,    1724,    110181,    000h 00m 01.724s,    000h 01m 50.181s
66,    1666,    111847,    000h 00m 01.666s,    000h 01m 51.847s
67,    1742,    113589,    000h 00m 01.742s,    000h 01m 53.589s
68,    1732,    115321,    000h 00m 01.732s,    000h 01m 55.321s
69,    1719,    117040,    000h 00m 01.719s,    000h 01m 57.040s
70,    1731,    118771,    000h 00m 01.731s,    000h 01m 58.771s
71,    1696,    120467,    000h 00m 01.696s,    000h 02m 00.467s
72,    1715,    122182,    000h 00m 01.715s,    000h 02m 02.182s
73,    1584,    123766,    000h 00m 01.584s,    000h 02m 03.766s
74,    1575,    125341,    000h 00m 01.575s,    000h 02m 05.341s
75,    1747,    127088,    000h 00m 01.747s,    000h 02m 07.088s
76,    1742,    128830,    000h 00m 01.742s,    000h 02m 08.830s
77,    1670,    130500,    000h 00m 01.670s,    000h 02m 10.500s
78,    1556,    132056,    000h 00m 01.556s,    000h 02m 12.056s
79,    1696,    133752,    000h 00m 01.696s,    000h 02m 13.752s
80,    1733,    135485,    000h 00m 01.733s,    000h 02m 15.485s
81,    1708,    137193,    000h 00m 01.708s,    000h 02m 17.193s
82,    1668,    138861,    000h 00m 01.668s,    000h 02m 18.861s
83,    1737,    140598,    000h 00m 01.737s,    000h 02m 20.598s
84,    1708,    142306,    000h 00m 01.708s,    000h 02m 22.306s
85,    1724,    144030,    000h 00m 01.724s,    000h 02m 24.030s
86,    1688,    145718,    000h 00m 01.688s,    000h 02m 25.718s
87,    1699,    147417,    000h 00m 01.699s,    000h 02m 27.417s
88,    1697,    149114,    000h 00m 01.697s,    000h 02m 29.114s
89,    1660,    150774,    000h 00m 01.660s,    000h 02m 30.774s
90,    1691,    152465,    000h 00m 01.691s,    000h 02m 32.465s
91,    1731,    154196,    000h 00m 01.731s,    000h 02m 34.196s
92,    1705,    155901,    000h 00m 01.705s,    000h 02m 35.901s
93,    1594,    157495,    000h 00m 01.594s,    000h 02m 37.495s
94,    1728,    159223,    000h 00m 01.728s,    000h 02m 39.223s
95,    1746,    160969,    000h 00m 01.746s,    000h 02m 40.969s
96,    1701,    162670,    000h 00m 01.701s,    000h 02m 42.670s
97,    1573,    164243,    000h 00m 01.573s,    000h 02m 44.243s
98,    1759,    166002,    000h 00m 01.759s,    000h 02m 46.002s
99,    1740,    167742,    000h 00m 01.740s,    000h 02m 47.742s
100,    1599,    169341,    000h 00m 01.599s,    000h 02m 49.341s
101,    1716,    171057,    000h 00m 01.716s,    000h 02m 51.057s
102,    1667,    172724,    000h 00m 01.667s,    000h 02m 52.724s
103,    1552,    174276,    000h 00m 01.552s,    000h 02m 54.276s
104,    1569,    175845,    000h 00m 01.569s,    000h 02m 55.845s
105,    1546,    177391,    000h 00m 01.546s,    000h 02m 57.391s
106,    1582,    178973,    000h 00m 01.582s,    000h 02m 58.973s
107,    1736,    180709,    000h 00m 01.736s,    000h 03m 00.709s
108,    1706,    182415,    000h 00m 01.706s,    000h 03m 02.415s
109,    1647,    184062,    000h 00m 01.647s,    000h 03m 04.062s
110,    1599,    185661,    000h 00m 01.599s,    000h 03m 05.661s
111,    1730,    187391,    000h 00m 01.730s,    000h 03m 07.391s
112,    1731,    189122,    000h 00m 01.731s,    000h 03m 09.122s
113,    1684,    190806,    000h 00m 01.684s,    000h 03m 10.806s
114,    1731,    192537,    000h 00m 01.731s,    000h 03m 12.537s
115,    1749,    194286,    000h 00m 01.749s,    000h 03m 14.286s
116,    1746,    196032,    000h 00m 01.746s,    000h 03m 16.032s
117,    1653,    197685,    000h 00m 01.653s,    000h 03m 17.685s
118,    1724,    199409,    000h 00m 01.724s,    000h 03m 19.409s
119,    1692,    201101,    000h 00m 01.692s,    000h 03m 21.101s
120,    1727,    202828,    000h 00m 01.727s,    000h 03m 22.828s
121,    1595,    204423,    000h 00m 01.595s,    000h 03m 24.423s
122,    1709,    206132,    000h 00m 01.709s,    000h 03m 26.132s
123,    1709,    207841,    000h 00m 01.709s,    000h 03m 27.841s
124,    1611,    209452,    000h 00m 01.611s,    000h 03m 29.452s
125,    1706,    211158,    000h 00m 01.706s,    000h 03m 31.158s
126,    1722,    212880,    000h 00m 01.722s,    000h 03m 32.880s
127,    1729,    214609,    000h 00m 01.729s,    000h 03m 34.609s
128,    1765,    216374,    000h 00m 01.765s,    000h 03m 36.374s
129,    1615,    217989,    000h 00m 01.615s,    000h 03m 37.989s
130,    1698,    219687,    000h 00m 01.698s,    000h 03m 39.687s
131,    1624,    221311,    000h 00m 01.624s,    000h 03m 41.311s
132,    1734,    223045,    000h 00m 01.734s,    000h 03m 43.045s
133,    1721,    224766,    000h 00m 01.721s,    000h 03m 44.766s
134,    1637,    226403,    000h 00m 01.637s,    000h 03m 46.403s
135,    1734,    228137,    000h 00m 01.734s,    000h 03m 48.137s
136,    1669,    229806,    000h 00m 01.669s,    000h 03m 49.806s
137,    1691,    231497,    000h 00m 01.691s,    000h 03m 51.497s
138,    1751,    233248,    000h 00m 01.751s,    000h 03m 53.248s
139,    1697,    234945,    000h 00m 01.697s,    000h 03m 54.945s
140,    1729,    236674,    000h 00m 01.729s,    000h 03m 56.674s
141,    1670,    238344,    000h 00m 01.670s,    000h 03m 58.344s
142,    1715,    240059,    000h 00m 01.715s,    000h 04m 00.059s
143,    1721,    241780,    000h 00m 01.721s,    000h 04m 01.780s
144,    1748,    243528,    000h 00m 01.748s,    000h 04m 03.528s
145,    1751,    245279,    000h 00m 01.751s,    000h 04m 05.279s
146,    1696,    246975,    000h 00m 01.696s,    000h 04m 06.975s
147,    1737,    248712,    000h 00m 01.737s,    000h 04m 08.712s
148,    1724,    250436,    000h 00m 01.724s,    000h 04m 10.436s
149,    1680,    252116,    000h 00m 01.680s,    000h 04m 12.116s
150,    1572,    253688,    000h 00m 01.572s,    000h 04m 13.688s
151,    1676,    255364,    000h 00m 01.676s,    000h 04m 15.364s
152,    1572,    256936,    000h 00m 01.572s,    000h 04m 16.936s
153,    1719,    258655,    000h 00m 01.719s,    000h 04m 18.655s
154,    1615,    260270,    000h 00m 01.615s,    000h 04m 20.270s
155,    1730,    262000,    000h 00m 01.730s,    000h 04m 22.000s
156,    1726,    263726,    000h 00m 01.726s,    000h 04m 23.726s
157,    1664,    265390,    000h 00m 01.664s,    000h 04m 25.390s
158,    1593,    266983,    000h 00m 01.593s,    000h 04m 26.983s
159,    1695,    268678,    000h 00m 01.695s,    000h 04m 28.678s
160,    1671,    270349,    000h 00m 01.671s,    000h 04m 30.349s
161,    1719,    272068,    000h 00m 01.719s,    000h 04m 32.068s
162,    1646,    273714,    000h 00m 01.646s,    000h 04m 33.714s
163,    1748,    275462,    000h 00m 01.748s,    000h 04m 35.462s
164,    1729,    277191,    000h 00m 01.729s,    000h 04m 37.191s
165,    1629,    278820,    000h 00m 01.629s,    000h 04m 38.820s
166,    1692,    280512,    000h 00m 01.692s,    000h 04m 40.512s
167,    1748,    282260,    000h 00m 01.748s,    000h 04m 42.260s
168,    1737,    283997,    000h 00m 01.737s,    000h 04m 43.997s
169,    1603,    285600,    000h 00m 01.603s,    000h 04m 45.600s
170,    1707,    287307,    000h 00m 01.707s,    000h 04m 47.307s
171,    1737,    289044,    000h 00m 01.737s,    000h 04m 49.044s
172,    1710,    290754,    000h 00m 01.710s,    000h 04m 50.754s
173,    1586,    292340,    000h 00m 01.586s,    000h 04m 52.340s
174,    1652,    293992,    000h 00m 01.652s,    000h 04m 53.992s
175,    1727,    295719,    000h 00m 01.727s,    000h 04m 55.719s
176,    1709,    297428,    000h 00m 01.709s,    000h 04m 57.428s
177,    1692,    299120,    000h 00m 01.692s,    000h 04m 59.120s
178,    1703,    300823,    000h 00m 01.703s,    000h 05m 00.823s
179,    1726,    302549,    000h 00m 01.726s,    000h 05m 02.549s
180,    1651,    304200,    000h 00m 01.651s,    000h 05m 04.200s
181,    1708,    305908,    000h 00m 01.708s,    000h 05m 05.908s
182,    1705,    307613,    000h 00m 01.705s,    000h 05m 07.613s
183,    1695,    309308,    000h 00m 01.695s,    000h 05m 09.308s
184,    1720,    311028,    000h 00m 01.720s,    000h 05m 11.028s
185,    1582,    312610,    000h 00m 01.582s,    000h 05m 12.610s
186,    1797,    314407,    000h 00m 01.797s,    000h 05m 14.407s
187,    1554,    315961,    000h 00m 01.554s,    000h 05m 15.961s
188,    1748,    317709,    000h 00m 01.748s,    000h 05m 17.709s
189,    1665,    319374,    000h 00m 01.665s,    000h 05m 19.374s
190,    1713,    321087,    000h 00m 01.713s,    000h 05m 21.087s
191,    1739,    322826,    000h 00m 01.739s,    000h 05m 22.826s
192,    1581,    324407,    000h 00m 01.581s,    000h 05m 24.407s
193,    1738,    326145,    000h 00m 01.738s,    000h 05m 26.145s
194,    1643,    327788,    000h 00m 01.643s,    000h 05m 27.788s
195,    1686,    329474,    000h 00m 01.686s,    000h 05m 29.474s
196,    1720,    331194,    000h 00m 01.720s,    000h 05m 31.194s
197,    1584,    332778,    000h 00m 01.584s,    000h 05m 32.778s
198,    1613,    334391,    000h 00m 01.613s,    000h 05m 34.391s
199,    1650,    336041,    000h 00m 01.650s,    000h 05m 36.041s
200,    1655,    337696,    000h 00m 01.655s,    000h 05m 37.696s
201,    1733,    339429,    000h 00m 01.733s,    000h 05m 39.429s
202,    1709,    341138,    000h 00m 01.709s,    000h 05m 41.138s
203,    1589,    342727,    000h 00m 01.589s,    000h 05m 42.727s
204,    1623,    344350,    000h 00m 01.623s,    000h 05m 44.350s
205,    1718,    346068,    000h 00m 01.718s,    000h 05m 46.068s
206,    1693,    347761,    000h 00m 01.693s,    000h 05m 47.761s
207,    1712,    349473,    000h 00m 01.712s,    000h 05m 49.473s
208,    1680,    351153,    000h 00m 01.680s,    000h 05m 51.153s
209,    1729,    352882,    000h 00m 01.729s,    000h 05m 52.882s
210,    1698,    354580,    000h 00m 01.698s,    000h 05m 54.580s
211,    1609,    356189,    000h 00m 01.609s,    000h 05m 56.189s
212,    1570,    357759,    000h 00m 01.570s,    000h 05m 57.759s
213,    1699,    359458,    000h 00m 01.699s,    000h 05m 59.458s
214,    1616,    361074,    000h 00m 01.616s,    000h 06m 01.074s
215,    1722,    362796,    000h 00m 01.722s,    000h 06m 02.796s
216,    1602,    364398,    000h 00m 01.602s,    000h 06m 04.398s
217,    1701,    366099,    000h 00m 01.701s,    000h 06m 06.099s
218,    1553,    367652,    000h 00m 01.553s,    000h 06m 07.652s
219,    1731,    369383,    000h 00m 01.731s,    000h 06m 09.383s
220,    1735,    371118,    000h 00m 01.735s,    000h 06m 11.118s
221,    1734,    372852,    000h 00m 01.734s,    000h 06m 12.852s
222,    1752,    374604,    000h 00m 01.752s,    000h 06m 14.604s
223,    1608,    376212,    000h 00m 01.608s,    000h 06m 16.212s
224,    1639,    377851,    000h 00m 01.639s,    000h 06m 17.851s
225,    1642,    379493,    000h 00m 01.642s,    000h 06m 19.493s
226,    1588,    381081,    000h 00m 01.588s,    000h 06m 21.081s
227,    1739,    382820,    000h 00m 01.739s,    000h 06m 22.820s
228,    1661,    384481,    000h 00m 01.661s,    000h 06m 24.481s
229,    1683,    386164,    000h 00m 01.683s,    000h 06m 26.164s
230,    1714,    387878,    000h 00m 01.714s,    000h 06m 27.878s
231,    1677,    389555,    000h 00m 01.677s,    000h 06m 29.555s
232,    1741,    391296,    000h 00m 01.741s,    000h 06m 31.296s
233,    1726,    393022,    000h 00m 01.726s,    000h 06m 33.022s
234,    1735,    394757,    000h 00m 01.735s,    000h 06m 34.757s
235,    1705,    396462,    000h 00m 01.705s,    000h 06m 36.462s
236,    1652,    398114,    000h 00m 01.652s,    000h 06m 38.114s
237,    1755,    399869,    000h 00m 01.755s,    000h 06m 39.869s
238,    1706,    401575,    000h 00m 01.706s,    000h 06m 41.575s
239,    1619,    403194,    000h 00m 01.619s,    000h 06m 43.194s
240,    1651,    404845,    000h 00m 01.651s,    000h 06m 44.845s
241,    1620,    406465,    000h 00m 01.620s,    000h 06m 46.465s
242,    1706,    408171,    000h 00m 01.706s,    000h 06m 48.171s
243,    1718,    409889,    000h 00m 01.718s,    000h 06m 49.889s
244,    1682,    411571,    000h 00m 01.682s,    000h 06m 51.571s
245,    1717,    413288,    000h 00m 01.717s,    000h 06m 53.288s
246,    1708,    414996,    000h 00m 01.708s,    000h 06m 54.996s
247,    1741,    416737,    000h 00m 01.741s,    000h 06m 56.737s
248,    1668,    418405,    000h 00m 01.668s,    000h 06m 58.405s
249,    1595,    420000,    000h 00m 01.595s,    000h 07m 00.000s
250,    1561,    421561,    000h 00m 01.561s,    000h 07m 01.561s
251,    1747,    423308,    000h 00m 01.747s,    000h 07m 03.308s
252,    1705,    425013,    000h 00m 01.705s,    000h 07m 05.013s
253,    1732,    426745,    000h 00m 01.732s,    000h 07m 06.745s
254,    1703,    428448,    000h 00m 01.703s,    000h 07m 08.448s
255,    1705,    430153,    000h 00m 01.705s,    000h 07m 10.153s
256,    1726,    431879,    000h 00m 01.726s,    000h 07m 11.879s
257,    1591,    433470,    000h 00m 01.591s,    000h 07m 13.470s
258,    1744,    435214,    000h 00m 01.744s,    000h 07m 15.214s
259,    1683,    436897,    000h 00m 01.683s,    000h 07m 16.897s
260,    1708,    438605,    000h 00m 01.708s,    000h 07m 18.605s
261,    1611,    440216,    000h 00m 01.611s,    000h 07m 20.216s
262,    1688,    441904,    000h 00m 01.688s,    000h 07m 21.904s
263,    1628,    443532,    000h 00m 01.628s,    000h 07m 23.532s
264,    1692,    445224,    000h 00m 01.692s,    000h 07m 25.224s
265,    1707,    446931,    000h 00m 01.707s,    000h 07m 26.931s
266,    1728,    448659,    000h 00m 01.728s,    000h 07m 28.659s
267,    1574,    450233,    000h 00m 01.574s,    000h 07m 30.233s
268,    1717,    451950,    000h 00m 01.717s,    000h 07m 31.950s
269,    1674,    453624,    000h 00m 01.674s,    000h 07m 33.624s
270,    1639,    455263,    000h 00m 01.639s,    000h 07m 35.263s
271,    1648,    456911,    000h 00m 01.648s,    000h 07m 36.911s
272,    1613,    458524,    000h 00m 01.613s,    000h 07m 38.524s
273,    1718,    460242,    000h 00m 01.718s,    000h 07m 40.242s
274,    1723,    461965,    000h 00m 01.723s,    000h 07m 41.965s
275,    1733,    463698,    000h 00m 01.733s,    000h 07m 43.698s
276,    1674,    465372,    000h 00m 01.674s,    000h 07m 45.372s
277,    1746,    467118,    000h 00m 01.746s,    000h 07m 47.118s
278,    1670,    468788,    000h 00m 01.670s,    000h 07m 48.788s
279,    1609,    470397,    000h 00m 01.609s,    000h 07m 50.397s
280,    1689,    472086,    000h 00m 01.689s,    000h 07m 52.086s
281,    1595,    473681,    000h 00m 01.595s,    000h 07m 53.681s
282,    1740,    475421,    000h 00m 01.740s,    000h 07m 55.421s
283,    1739,    477160,    000h 00m 01.739s,    000h 07m 57.160s
284,    1743,    478903,    000h 00m 01.743s,    000h 07m 58.903s
285,    1742,    480645,    000h 00m 01.742s,    000h 08m 00.645s
286,    1741,    482386,    000h 00m 01.741s,    000h 08m 02.386s
287,    1604,    483990,    000h 00m 01.604s,    000h 08m 03.990s
288,    1720,    485710,    000h 00m 01.720s,    000h 08m 05.710s
289,    1748,    487458,    000h 00m 01.748s,    000h 08m 07.458s
290,    1616,    489074,    000h 00m 01.616s,    000h 08m 09.074s
291,    1671,    490745,    000h 00m 01.671s,    000h 08m 10.745s
292,    1652,    492397,    000h 00m 01.652s,    000h 08m 12.397s
293,    1733,    494130,    000h 00m 01.733s,    000h 08m 14.130s
294,    1724,    495854,    000h 00m 01.724s,    000h 08m 15.854s
295,    1729,    497583,    000h 00m 01.729s,    000h 08m 17.583s
296,    1686,    499269,    000h 00m 01.686s,    000h 08m 19.269s
297,    1703,    500972,    000h 00m 01.703s,    000h 08m 20.972s
298,    1715,    502687,    000h 00m 01.715s,    000h 08m 22.687s
299,    1643,    504330,    000h 00m 01.643s,    000h 08m 24.330s
300,    1571,    505901,    000h 00m 01.571s,    000h 08m 25.901s
301,    1583,    507484,    000h 00m 01.583s,    000h 08m 27.484s
302,    1596,    509080,    000h 00m 01.596s,    000h 08m 29.080s
303,    1730,    510810,    000h 00m 01.730s,    000h 08m 30.810s
304,    1562,    512372,    000h 00m 01.562s,    000h 08m 32.372s
305,    1667,    514039,    000h 00m 01.667s,    000h 08m 34.039s
306,    1663,    515702,    000h 00m 01.663s,    000h 08m 35.702s
307,    1584,    517286,    000h 00m 01.584s,    000h 08m 37.286s
308,    1696,    518982,    000h 00m 01.696s,    000h 08m 38.982s
309,    1716,    520698,    000h 00m 01.716s,    000h 08m 40.698s
310,    1725,    522423,    000h 00m 01.725s,    000h 08m 42.423s
311,    1661,    524084,    000h 00m 01.661s,    000h 08m 44.084s
312,    1722,    525806,    000h 00m 01.722s,    000h 08m 45.806s
313,    1715,    527521,    000h 00m 01.715s,    000h 08m 47.521s
314,    1716,    529237,    000h 00m 01.716s,    000h 08m 49.237s
315,    1622,    530859,    000h 00m 01.622s,    000h 08m 50.859s
316,    1646,    532505,    000h 00m 01.646s,    000h 08m 52.505s
317,    1721,    534226,    000h 00m 01.721s,    000h 08m 54.226s
318,    1630,    535856,    000h 00m 01.630s,    000h 08m 55.856s
319,    1747,    537603,    000h 00m 01.747s,    000h 08m 57.603s
320,    1692,    539295,    000h 00m 01.692s,    000h 08m 59.295s
321,    1732,    541027,    000h 00m 01.732s,    000h 09m 01.027s
322,    1743,    542770,    000h 00m 01.743s,    000h 09m 02.770s
323,    1750,    544520,    000h 00m 01.750s,    000h 09m 04.520s
324,    1673,    546193,    000h 00m 01.673s,    000h 09m 06.193s
325,    1637,    547830,    000h 00m 01.637s,    000h 09m 07.830s
326,    1717,    549547,    000h 00m 01.717s,    000h 09m 09.547s
327,    1762,    551309,    000h 00m 01.762s,    000h 09m 11.309s
328,    1730,    553039,    000h 00m 01.730s,    000h 09m 13.039s
329,    1627,    554666,    000h 00m 01.627s,    000h 09m 14.666s
330,    1688,    556354,    000h 00m 01.688s,    000h 09m 16.354s
331,    1723,    558077,    000h 00m 01.723s,    000h 09m 18.077s
332,    1725,    559802,    000h 00m 01.725s,    000h 09m 19.802s
333,    1548,    561350,    000h 00m 01.548s,    000h 09m 21.350s
334,    1691,    563041,    000h 00m 01.691s,    000h 09m 23.041s
335,    1697,    564738,    000h 00m 01.697s,    000h 09m 24.738s
336,    1597,    566335,    000h 00m 01.597s,    000h 09m 26.335s
337,    1636,    567971,    000h 00m 01.636s,    000h 09m 27.971s
338,    1663,    569634,    000h 00m 01.663s,    000h 09m 29.634s
339,    1725,    571359,    000h 00m 01.725s,    000h 09m 31.359s
340,    1559,    572918,    000h 00m 01.559s,    000h 09m 32.918s
341,    1599,    574517,    000h 00m 01.599s,    000h 09m 34.517s
342,    1705,    576222,    000h 00m 01.705s,    000h 09m 36.222s
343,    1579,    577801,    000h 00m 01.579s,    000h 09m 37.801s
344,    1729,    579530,    000h 00m 01.729s,    000h 09m 39.530s
345,    1714,    581244,    000h 00m 01.714s,    000h 09m 41.244s
346,    1687,    582931,    000h 00m 01.687s,    000h 09m 42.931s
347,    1705,    584636,    000h 00m 01.705s,    000h 09m 44.636s
348,    1670,    586306,    000h 00m 01.670s,    000h 09m 46.306s
349,    1678,    587984,    000h 00m 01.678s,    000h 09m 47.984s
350,    1732,    589716,    000h 00m 01.732s,    000h 09m 49.716s
351,    1713,    591429,    000h 00m 01.713s,    000h 09m 51.429s
352,    1612,    593041,    000h 00m 01.612s,    000h 09m 53.041s
353,    1741,    594782,    000h 00m 01.741s,    000h 09m 54.782s
354,    1713,    596495,    000h 00m 01.713s,    000h 09m 56.495s
355,    1569,    598064,    000h 00m 01.569s,    000h 09m 58.064s
356,    1644,    599708,    000h 00m 01.644s,    000h 09m 59.708s
357,    1630,    601338,    000h 00m 01.630s,    000h 10m 01.338s
358,    1608,    602946,    000h 00m 01.608s,    000h 10m 02.946s
359,    1695,    604641,    000h 00m 01.695s,    000h 10m 04.641s
360,    1754,    606395,    000h 00m 01.754s,    000h 10m 06.395s
361,    1739,    608134,    000h 00m 01.739s,    000h 10m 08.134s
362,    1674,    609808,    000h 00m 01.674s,    000h 10m 09.808s
363,    1751,    611559,    000h 00m 01.751s,    000h 10m 11.559s
364,    1709,    613268,    000h 00m 01.709s,    000h 10m 13.268s
365,    1716,    614984,    000h 00m 01.716s,    000h 10m 14.984s
366,    1675,    616659,    000h 00m 01.675s,    000h 10m 16.659s
367,    1714,    618373,    000h 00m 01.714s,    000h 10m 18.373s
368,    1665,    620038,    000h 00m 01.665s,    000h 10m 20.038s
369,    1721,    621759,    000h 00m 01.721s,    000h 10m 21.759s
370,    1741,    623500,    000h 00m 01.741s,    000h 10m 23.500s
371,    1726,    625226,    000h 00m 01.726s,    000h 10m 25.226s
372,    1614,    626840,    000h 00m 01.614s,    000h 10m 26.840s
373,    1719,    628559,    000h 00m 01.719s,    000h 10m 28.559s
374,    1721,    630280,    000h 00m 01.721s,    000h 10m 30.280s
375,    1752,    632032,    000h 00m 01.752s,    000h 10m 32.032s
376,    1749,    633781,    000h 00m 01.749s,    000h 10m 33.781s
377,    1730,    635511,    000h 00m 01.730s,    000h 10m 35.511s
378,    1628,    637139,    000h 00m 01.628s,    000h 10m 37.139s
379,    1718,    638857,    000h 00m 01.718s,    000h 10m 38.857s
380,    1713,    640570,    000h 00m 01.713s,    000h 10m 40.570s
381,    1580,    642150,    000h 00m 01.580s,    000h 10m 42.150s
382,    1677,    643827,    000h 00m 01.677s,    000h 10m 43.827s
383,    1720,    645547,    000h 00m 01.720s,    000h 10m 45.547s
384,    1663,    647210,    000h 00m 01.663s,    000h 10m 47.210s
385,    1555,    648765,    000h 00m 01.555s,    000h 10m 48.765s
386,    1605,    650370,    000h 00m 01.605s,    000h 10m 50.370s
387,    1755,    652125,    000h 00m 01.755s,    000h 10m 52.125s
388,    1729,    653854,    000h 00m 01.729s,    000h 10m 53.854s
389,    1653,    655507,    000h 00m 01.653s,    000h 10m 55.507s
390,    1703,    657210,    000h 00m 01.703s,    000h 10m 57.210s
391,    1734,    658944,    000h 00m 01.734s,    000h 10m 58.944s
392,    1737,    660681,    000h 00m 01.737s,    000h 11m 00.681s
393,    1604,    662285,    000h 00m 01.604s,    000h 11m 02.285s
394,    1598,    663883,    000h 00m 01.598s,    000h 11m 03.883s
395,    1620,    665503,    000h 00m 01.620s,    000h 11m 05.503s
396,    1697,    667200,    000h 00m 01.697s,    000h 11m 07.200s
397,    1593,    668793,    000h 00m 01.593s,    000h 11m 08.793s
398,    1652,    670445,    000h 00m 01.652s,    000h 11m 10.445s
399,    1725,    672170,    000h 00m 01.725s,    000h 11m 12.170s
400,    1757,    673927,    000h 00m 01.757s,    000h 11m 13.927s
401,    1737,    675664,    000h 00m 01.737s,    000h 11m 15.664s
402,    1745,    677409,    000h 00m 01.745s,    000h 11m 17.409s
403,    1598,    679007,    000h 00m 01.598s,    000h 11m 19.007s
404,    1673,    680680,    000h 00m 01.673s,    000h 11m 20.680s
405,    1693,    682373,    000h 00m 01.693s,    000h 11m 22.373s
406,    1592,    683965,    000h 00m 01.592s,    000h 11m 23.965s
407,    1725,    685690,    000h 00m 01.725s,    000h 11m 25.690s
408,    1681,    687371,    000h 00m 01.681s,    000h 11m 27.371s
409,    1650,    689021,    000h 00m 01.650s,    000h 11m 29.021s
410,    1705,    690726,    000h 00m 01.705s,    000h 11m 30.726s
411,    1650,    692376,    000h 00m 01.650s,    000h 11m 32.376s
412,    1746,    694122,    000h 00m 01.746s,    000h 11m 34.122s
413,    1736,    695858,    000h 00m 01.736s,    000h 11m 35.858s
414,    1727,    697585,    000h 00m 01.727s,    000h 11m 37.585s
415,    1698,    699283,    000h 00m 01.698s,    000h 11m 39.283s
416,    1685,    700968,    000h 00m 01.685s,    000h 11m 40.968s
417,    1626,    702594,    000h 00m 01.626s,    000h 11m 42.594s
418,    1603,    704197,    000h 00m 01.603s,    000h 11m 44.197s
419,    1723,    705920,    000h 00m 01.723s,    000h 11m 45.920s
420,    1739,    707659,    000h 00m 01.739s,    000h 11m 47.659s
421,    1702,    709361,    000h 00m 01.702s,    000h 11m 49.361s
422,    1643,    711004,    000h 00m 01.643s,    000h 11m 51.004s
423,    1561,    712565,    000h 00m 01.561s,    000h 11m 52.565s
424,    1751,    714316,    000h 00m 01.751s,    000h 11m 54.316s
425,    1739,    716055,    000h 00m 01.739s,    000h 11m 56.055s
426,    1720,    717775,    000h 00m 01.720s,    000h 11m 57.775s
427,    1597,    719372,    000h 00m 01.597s,    000h 11m 59.372s
428,    1719,    721091,    000h 00m 01.719s,    000h 12m 01.091s
429,    1722,    722813,    000h 00m 01.722s,    000h 12m 02.813s
430,    1620,    724433,    000h 00m 01.620s,    000h 12m 04.433s
431,    1729,    726162,    000h 00m 01.729s,    000h 12m 06.162s
432,    1744,    727906,    000h 00m 01.744s,    000h 12m 07.906s
433,    1628,    729534,    000h 00m 01.628s,    000h 12m 09.534s
434,    1717,    731251,    000h 00m 01.717s,    000h 12m 11.251s
435,    1725,    732976,    000h 00m 01.725s,    000h 12m 12.976s
436,    1669,    734645,    000h 00m 01.669s,    000h 12m 14.645s
437,    1742,    736387,    000h 00m 01.742s,    000h 12m 16.387s
438,    1690,    738077,    000h 00m 01.690s,    000h 12m 18.077s
439,    1599,    739676,    000h 00m 01.599s,    000h 12m 19.676s
440,    1598,    741274,    000h 00m 01.598s,    000h 12m 21.274s
441,    1569,    742843,    000h 00m 01.569s,    000h 12m 22.843s
442,    1714,    744557,    000h 00m 01.714s,    000h 12m 24.557s
443,    1727,    746284,    000h 00m 01.727s,    000h 12m 26.284s
444,    1730,    748014,    000h 00m 01.730s,    000h 12m 28.014s
445,    1759,    749773,    000h 00m 01.759s,    000h 12m 29.773s
446,    1726,    751499,    000h 00m 01.726s,    000h 12m 31.499s
447,    1736,    753235,    000h 00m 01.736s,    000h 12m 33.235s
448,    1530,    754765,    000h 00m 01.530s,    000h 12m 34.765s
449,    1623,    756388,    000h 00m 01.623s,    000h 12m 36.388s
450,    1667,    758055,    000h 00m 01.667s,    000h 12m 38.055s
451,    1654,    759709,    000h 00m 01.654s,    000h 12m 39.709s
452,    1641,    761350,    000h 00m 01.641s,    000h 12m 41.350s
453,    1760,    763110,    000h 00m 01.760s,    000h 12m 43.110s
454,    1702,    764812,    000h 00m 01.702s,    000h 12m 44.812s
455,    1736,    766548,    000h 00m 01.736s,    000h 12m 46.548s
456,    1735,    768283,    000h 00m 01.735s,    000h 12m 48.283s
457,    1549,    769832,    000h 00m 01.549s,    000h 12m 49.832s
458,    1663,    771495,    000h 00m 01.663s,    000h 12m 51.495s
459,    1652,    773147,    000h 00m 01.652s,    000h 12m 53.147s
460,    1757,    774904,    000h 00m 01.757s,    000h 12m 54.904s
461,    1657,    776561,    000h 00m 01.657s,    000h 12m 56.561s
462,    1602,    778163,    000h 00m 01.602s,    000h 12m 58.163s
463,    1681,    779844,    000h 00m 01.681s,    000h 12m 59.844s
464,    1645,    781489,    000h 00m 01.645s,    000h 13m 01.489s
465,    1602,    783091,    000h 00m 01.602s,    000h 13m 03.091s
466,    1694,    784785,    000h 00m 01.694s,    000h 13m 04.785s
467,    1704,    786489,    000h 00m 01.704s,    000h 13m 06.489s
468,    1689,    788178,    000h 00m 01.689s,    000h 13m 08.178s
469,    1693,    789871,    000h 00m 01.693s,    000h 13m 09.871s
470,    1587,    791458,    000h 00m 01.587s,    000h 13m 11.458s
471,    1600,    793058,    000h 00m 01.600s,    000h 13m 13.058s
472,    1728,    794786,    000h 00m 01.728s,    000h 13m 14.786s
473,    1711,    796497,    000h 00m 01.711s,    000h 13m 16.497s
474,    1751,    798248,    000h 00m 01.751s,    000h 13m 18.248s
475,    1748,    799996,    000h 00m 01.748s,    000h 13m 19.996s
476,    1740,    801736,    000h 00m 01.740s,    000h 13m 21.736s
477,    1665,    803401,    000h 00m 01.665s,    000h 13m 23.401s
478,    1716,    805117,    000h 00m 01.716s,    000h 13m 25.117s
479,    1597,    806714,    000h 00m 01.597s,    000h 13m 26.714s
480,    1689,    808403,    000h 00m 01.689s,    000h 13m 28.403s
481,    1573,    809976,    000h 00m 01.573s,    000h 13m 29.976s
482,    1555,    811531,    000h 00m 01.555s,    000h 13m 31.531s
483,    1707,    813238,    000h 00m 01.707s,    000h 13m 33.238s
484,    1688,    814926,    000h 00m 01.688s,    000h 13m 34.926s
485,    1588,    816514,    000h 00m 01.588s,    000h 13m 36.514s
486,    1645,    818159,    000h 00m 01.645s,    000h 13m 38.159s
487,    1764,    819923,    000h 00m 01.764s,    000h 13m 39.923s
488,    1738,    821661,    000h 00m 01.738s,    000h 13m 41.661s
489,    1746,    823407,    000h 00m 01.746s,    000h 13m 43.407s
490,    1718,    825125,    000h 00m 01.718s,    000h 13m 45.125s
491,    1737,    826862,    000h 00m 01.737s,    000h 13m 46.862s
492,    1713,    828575,    000h 00m 01.713s,    000h 13m 48.575s
493,    1730,    830305,    000h 00m 01.730s,    000h 13m 50.305s
494,    1744,    832049,    000h 00m 01.744s,    000h 13m 52.049s
495,    1609,    833658,    000h 00m 01.609s,    000h 13m 53.658s
496,    1694,    835352,    000h 00m 01.694s,    000h 13m 55.352s
497,    1665,    837017,    000h 00m 01.665s,    000h 13m 57.017s
498,    1717,    838734,    000h 00m 01.717s,    000h 13m 58.734s
499,    1711,    840445,    000h 00m 01.711s,    000h 14m 00.445s
500,    1738,    842183,    000h 00m 01.738s,    000h 14m 02.183s
501,    1714,    843897,    000h 00m 01.714s,    000h 14m 03.897s
502,    1718,    845615,    000h 00m 01.718s,    000h 14m 05.615s
503,    1720,    847335,    000h 00m 01.720s,    000h 14m 07.335s
504,    1591,    848926,    000h 00m 01.591s,    000h 14m 08.926s
505,    1723,    850649,    000h 00m 01.723s,    000h 14m 10.649s
506,    1742,    852391,    000h 00m 01.742s,    000h 14m 12.391s
507,    1752,    854143,    000h 00m 01.752s,    000h 14m 14.143s
508,    1733,    855876,    000h 00m 01.733s,    000h 14m 15.876s
509,    1707,    857583,    000h 00m 01.707s,    000h 14m 17.583s
510,    1747,    859330,    000h 00m 01.747s,    000h 14m 19.330s
511,    1734,    861064,    000h 00m 01.734s,    000h 14m 21.064s
512,    1701,    862765,    000h 00m 01.701s,    000h 14m 22.765s
513,    1728,    864493,    000h 00m 01.728s,    000h 14m 24.493s
514,    1757,    866250,    000h 00m 01.757s,    000h 14m 26.250s
515,    1724,    867974,    000h 00m 01.724s,    000h 14m 27.974s
516,    1701,    869675,    000h 00m 01.701s,    000h 14m 29.675s
517,    1703,    871378,    000h 00m 01.703s,    000h 14m 31.378s
518,    1730,    873108,    000h 00m 01.730s,    000h 14m 33.108s
519,    1729,    874837,    000h 00m 01.729s,    000h 14m 34.837s
520,    1723,    876560,    000h 00m 01.723s,    000h 14m 36.560s
521,    1694,    878254,    000h 00m 01.694s,    000h 14m 38.254s
522,    1667,    879921,    000h 00m 01.667s,    000h 14m 39.921s
523,    1706,    881627,    000h 00m 01.706s,    000h 14m 41.627s
524,    1708,    883335,    000h 00m 01.708s,    000h 14m 43.335s
525,    1751,    885086,    000h 00m 01.751s,    000h 14m 45.086s
526,    1717,    886803,    000h 00m 01.717s,    000h 14m 46.803s
527,    1715,    888518,    000h 00m 01.715s,    000h 14m 48.518s
528,    1736,    890254,    000h 00m 01.736s,    000h 14m 50.254s
529,    1720,    891974,    000h 00m 01.720s,    000h 14m 51.974s
530,    1762,    893736,    000h 00m 01.762s,    000h 14m 53.736s
531,    1757,    895493,    000h 00m 01.757s,    000h 14m 55.493s
532,    1711,    897204,    000h 00m 01.711s,    000h 14m 57.204s
533,    1719,    898923,    000h 00m 01.719s,    000h 14m 58.923s
534,    1746,    900669,    000h 00m 01.746s,    000h 15m 00.669s
535,    1752,    902421,    000h 00m 01.752s,    000h 15m 02.421s
536,    1602,    904023,    000h 00m 01.602s,    000h 15m 04.023s
537,    1719,    905742,    000h 00m 01.719s,    000h 15m 05.742s
538,    1629,    907371,    000h 00m 01.629s,    000h 15m 07.371s
539,    1692,    909063,    000h 00m 01.692s,    000h 15m 09.063s
540,    1656,    910719,    000h 00m 01.656s,    000h 15m 10.719s
541,    1744,    912463,    000h 00m 01.744s,    000h 15m 12.463s
542,    1664,    914127,    000h 00m 01.664s,    000h 15m 14.127s
543,    1734,    915861,    000h 00m 01.734s,    000h 15m 15.861s
544,    1630,    917491,    000h 00m 01.630s,    000h 15m 17.491s
545,    1691,    919182,    000h 00m 01.691s,    000h 15m 19.182s
546,    1692,    920874,    000h 00m 01.692s,    000h 15m 20.874s
547,    1614,    922488,    000h 00m 01.614s,    000h 15m 22.488s
548,    1695,    924183,    000h 00m 01.695s,    000h 15m 24.183s
549,    1737,    925920,    000h 00m 01.737s,    000h 15m 25.920s
550,    1747,    927667,    000h 00m 01.747s,    000h 15m 27.667s
551,    1731,    929398,    000h 00m 01.731s,    000h 15m 29.398s
552,    1669,    931067,    000h 00m 01.669s,    000h 15m 31.067s
553,    1697,    932764,    000h 00m 01.697s,    000h 15m 32.764s
554,    1711,    934475,    000h 00m 01.711s,    000h 15m 34.475s
555,    1661,    936136,    000h 00m 01.661s,    000h 15m 36.136s
556,    1729,    937865,    000h 00m 01.729s,    000h 15m 37.865s
557,    1642,    939507,    000h 00m 01.642s,    000h 15m 39.507s
558,    1606,    941113,    000h 00m 01.606s,    000h 15m 41.113s
559,    1698,    942811,    000h 00m 01.698s,    000h 15m 42.811s
560,    1718,    944529,    000h 00m 01.718s,    000h 15m 44.529s
561,    1740,    946269,    000h 00m 01.740s,    000h 15m 46.269s
562,    1706,    947975,    000h 00m 01.706s,    000h 15m 47.975s
563,    1728,    949703,    000h 00m 01.728s,    000h 15m 49.703s
564,    1747,    951450,    000h 00m 01.747s,    000h 15m 51.450s
565,    1729,    953179,    000h 00m 01.729s,    000h 15m 53.179s
566,    1610,    954789,    000h 00m 01.610s,    000h 15m 54.789s
567,    1662,    956451,    000h 00m 01.662s,    000h 15m 56.451s
568,    1749,    958200,    000h 00m 01.749s,    000h 15m 58.200s
569,    1599,    959799,    000h 00m 01.599s,    000h 15m 59.799s
570,    1713,    961512,    000h 00m 01.713s,    000h 16m 01.512s
571,    1731,    963243,    000h 00m 01.731s,    000h 16m 03.243s
572,    1625,    964868,    000h 00m 01.625s,    000h 16m 04.868s
573,    1734,    966602,    000h 00m 01.734s,    000h 16m 06.602s
574,    1746,    968348,    000h 00m 01.746s,    000h 16m 08.348s
575,    1723,    970071,    000h 00m 01.723s,    000h 16m 10.071s
576,    1597,    971668,    000h 00m 01.597s,    000h 16m 11.668s
577,    1711,    973379,    000h 00m 01.711s,    000h 16m 13.379s
578,    1612,    974991,    000h 00m 01.612s,    000h 16m 14.991s
579,    1689,    976680,    000h 00m 01.689s,    000h 16m 16.680s
580,    1683,    978363,    000h 00m 01.683s,    000h 16m 18.363s
581,    1605,    979968,    000h 00m 01.605s,    000h 16m 19.968s
582,    1647,    981615,    000h 00m 01.647s,    000h 16m 21.615s
583,    1724,    983339,    000h 00m 01.724s,    000h 16m 23.339s
584,    1699,    985038,    000h 00m 01.699s,    000h 16m 25.038s
585,    1596,    986634,    000h 00m 01.596s,    000h 16m 26.634s
586,    1567,    988201,    000h 00m 01.567s,    000h 16m 28.201s
587,    1725,    989926,    000h 00m 01.725s,    000h 16m 29.926s
588,    1746,    991672,    000h 00m 01.746s,    000h 16m 31.672s
589,    1601,    993273,    000h 00m 01.601s,    000h 16m 33.273s
590,    1599,    994872,    000h 00m 01.599s,    000h 16m 34.872s
591,    1738,    996610,    000h 00m 01.738s,    000h 16m 36.610s
592,    1535,    998145,    000h 00m 01.535s,    000h 16m 38.145s
593,    1618,    999763,    000h 00m 01.618s,    000h 16m 39.763s
594,    1726,    1001489,    000h 00m 01.726s,    000h 16m 41.489s
595,    1600,    1003089,    000h 00m 01.600s,    000h 16m 43.089s
596,    1697,    1004786,    000h 00m 01.697s,    000h 16m 44.786s
597,    1707,    1006493,    000h 00m 01.707s,    000h 16m 46.493s
598,    1710,    1008203,    000h 00m 01.710s,    000h 16m 48.203s
599,    1729,    1009932,    000h 00m 01.729s,    000h 16m 49.932s
600,    1697,    1011629,    000h 00m 01.697s,    000h 16m 51.629s
601,    1635,    1013264,    000h 00m 01.635s,    000h 16m 53.264s
602,    1683,    1014947,    000h 00m 01.683s,    000h 16m 54.947s
603,    1670,    1016617,    000h 00m 01.670s,    000h 16m 56.617s
604,    1697,    1018314,    000h 00m 01.697s,    000h 16m 58.314s
605,    1596,    1019910,    000h 00m 01.596s,    000h 16m 59.910s
606,    1718,    1021628,    000h 00m 01.718s,    000h 17m 01.628s
607,    1604,    1023232,    000h 00m 01.604s,    000h 17m 03.232s
608,    1649,    1024881,    000h 00m 01.649s,    000h 17m 04.881s
609,    1754,    1026635,    000h 00m 01.754s,    000h 17m 06.635s
610,    1723,    1028358,    000h 00m 01.723s,    000h 17m 08.358s
611,    1681,    1030039,    000h 00m 01.681s,    000h 17m 10.039s
612,    1556,    1031595,    000h 00m 01.556s,    000h 17m 11.595s
613,    1694,    1033289,    000h 00m 01.694s,    000h 17m 13.289s
614,    1709,    1034998,    000h 00m 01.709s,    000h 17m 14.998s
615,    1570,    1036568,    000h 00m 01.570s,    000h 17m 16.568s
616,    1629,    1038197,    000h 00m 01.629s,    000h 17m 18.197s
617,    1729,    1039926,    000h 00m 01.729s,    000h 17m 19.926s
618,    1643,    1041569,    000h 00m 01.643s,    000h 17m 21.569s
619,    1669,    1043238,    000h 00m 01.669s,    000h 17m 23.238s
620,    1593,    1044831,    000h 00m 01.593s,    000h 17m 24.831s
621,    1693,    1046524,    000h 00m 01.693s,    000h 17m 26.524s
622,    1715,    1048239,    000h 00m 01.715s,    000h 17m 28.239s
623,    1749,    1049988,    000h 00m 01.749s,    000h 17m 29.988s
624,    1637,    1051625,    000h 00m 01.637s,    000h 17m 31.625s
625,    1746,    1053371,    000h 00m 01.746s,    000h 17m 33.371s
626,    1677,    1055048,    000h 00m 01.677s,    000h 17m 35.048s
627,    1618,    1056666,    000h 00m 01.618s,    000h 17m 36.666s
628,    1651,    1058317,    000h 00m 01.651s,    000h 17m 38.317s
629,    1660,    1059977,    000h 00m 01.660s,    000h 17m 39.977s
630,    1664,    1061641,    000h 00m 01.664s,    000h 17m 41.641s
631,    1676,    1063317,    000h 00m 01.676s,    000h 17m 43.317s
632,    1636,    1064953,    000h 00m 01.636s,    000h 17m 44.953s
633,    1689,    1066642,    000h 00m 01.689s,    000h 17m 46.642s
634,    1580,    1068222,    000h 00m 01.580s,    000h 17m 48.222s
635,    1731,    1069953,    000h 00m 01.731s,    000h 17m 49.953s
636,    1678,    1071631,    000h 00m 01.678s,    000h 17m 51.631s
637,    1621,    1073252,    000h 00m 01.621s,    000h 17m 53.252s
638,    1727,    1074979,    000h 00m 01.727s,    000h 17m 54.979s
639,    1751,    1076730,    000h 00m 01.751s,    000h 17m 56.730s
640,    1718,    1078448,    000h 00m 01.718s,    000h 17m 58.448s
641,    1725,    1080173,    000h 00m 01.725s,    000h 18m 00.173s
642,    1605,    1081778,    000h 00m 01.605s,    000h 18m 01.778s
643,    1741,    1083519,    000h 00m 01.741s,    000h 18m 03.519s
644,    1745,    1085264,    000h 00m 01.745s,    000h 18m 05.264s
645,    1748,    1087012,    000h 00m 01.748s,    000h 18m 07.012s
646,    1739,    1088751,    000h 00m 01.739s,    000h 18m 08.751s
647,    1589,    1090340,    000h 00m 01.589s,    000h 18m 10.340s
648,    1694,    1092034,    000h 00m 01.694s,    000h 18m 12.034s
649,    1661,    1093695,    000h 00m 01.661s,    000h 18m 13.695s
650,    1660,    1095355,    000h 00m 01.660s,    000h 18m 15.355s
651,    1709,    1097064,    000h 00m 01.709s,    000h 18m 17.064s
652,    1621,    1098685,    000h 00m 01.621s,    000h 18m 18.685s
653,    1688,    1100373,    000h 00m 01.688s,    000h 18m 20.373s
654,    1751,    1102124,    000h 00m 01.751s,    000h 18m 22.124s
655,    1730,    1103854,    000h 00m 01.730s,    000h 18m 23.854s
656,    1731,    1105585,    000h 00m 01.731s,    000h 18m 25.585s
657,    1607,    1107192,    000h 00m 01.607s,    000h 18m 27.192s
658,    1723,    1108915,    000h 00m 01.723s,    000h 18m 28.915s
659,    1601,    1110516,    000h 00m 01.601s,    000h 18m 30.516s
660,    1740,    1112256,    000h 00m 01.740s,    000h 18m 32.256s
661,    1729,    1113985,    000h 00m 01.729s,    000h 18m 33.985s
662,    1633,    1115618,    000h 00m 01.633s,    000h 18m 35.618s
663,    1569,    1117187,    000h 00m 01.569s,    000h 18m 37.187s
664,    1776,    1118963,    000h 00m 01.776s,    000h 18m 38.963s
665,    1785,    1120748,    000h 00m 01.785s,    000h 18m 40.748s
666,    1653,    1122401,    000h 00m 01.653s,    000h 18m 42.401s
667,    1677,    1124078,    000h 00m 01.677s,    000h 18m 44.078s
668,    1739,    1125817,    000h 00m 01.739s,    000h 18m 45.817s
669,    1579,    1127396,    000h 00m 01.579s,    000h 18m 47.396s
670,    1709,    1129105,    000h 00m 01.709s,    000h 18m 49.105s
671,    1723,    1130828,    000h 00m 01.723s,    000h 18m 50.828s
672,    1730,    1132558,    000h 00m 01.730s,    000h 18m 52.558s
673,    1701,    1134259,    000h 00m 01.701s,    000h 18m 54.259s
674,    1606,    1135865,    000h 00m 01.606s,    000h 18m 55.865s
675,    1707,    1137572,    000h 00m 01.707s,    000h 18m 57.572s
676,    1625,    1139197,    000h 00m 01.625s,    000h 18m 59.197s
677,    1579,    1140776,    000h 00m 01.579s,    000h 19m 00.776s
678,    1727,    1142503,    000h 00m 01.727s,    000h 19m 02.503s
679,    1747,    1144250,    000h 00m 01.747s,    000h 19m 04.250s
680,    1713,    1145963,    000h 00m 01.713s,    000h 19m 05.963s
681,    1571,    1147534,    000h 00m 01.571s,    000h 19m 07.534s
682,    1652,    1149186,    000h 00m 01.652s,    000h 19m 09.186s
683,    1726,    1150912,    000h 00m 01.726s,    000h 19m 10.912s
684,    1733,    1152645,    000h 00m 01.733s,    000h 19m 12.645s
685,    1604,    1154249,    000h 00m 01.604s,    000h 19m 14.249s
686,    1673,    1155922,    000h 00m 01.673s,    000h 19m 15.922s
687,    1702,    1157624,    000h 00m 01.702s,    000h 19m 17.624s
688,    1623,    1159247,    000h 00m 01.623s,    000h 19m 19.247s
689,    1739,    1160986,    000h 00m 01.739s,    000h 19m 20.986s
690,    1595,    1162581,    000h 00m 01.595s,    000h 19m 22.581s
691,    1725,    1164306,    000h 00m 01.725s,    000h 19m 24.306s
692,    1711,    1166017,    000h 00m 01.711s,    000h 19m 26.017s
693,    1728,    1167745,    000h 00m 01.728s,    000h 19m 27.745s
694,    1735,    1169480,    000h 00m 01.735s,    000h 19m 29.480s
695,    1722,    1171202,    000h 00m 01.722s,    000h 19m 31.202s
696,    1632,    1172834,    000h 00m 01.632s,    000h 19m 32.834s
697,    1712,    1174546,    000h 00m 01.712s,    000h 19m 34.546s
698,    1734,    1176280,    000h 00m 01.734s,    000h 19m 36.280s
699,    1573,    1177853,    000h 00m 01.573s,    000h 19m 37.853s
700,    1725,    1179578,    000h 00m 01.725s,    000h 19m 39.578s
701,    1760,    1181338,    000h 00m 01.760s,    000h 19m 41.338s
702,    1707,    1183045,    000h 00m 01.707s,    000h 19m 43.045s
703,    1671,    1184716,    000h 00m 01.671s,    000h 19m 44.716s
704,    1727,    1186443,    000h 00m 01.727s,    000h 19m 46.443s
705,    1747,    1188190,    000h 00m 01.747s,    000h 19m 48.190s
706,    1558,    1189748,    000h 00m 01.558s,    000h 19m 49.748s
707,    1715,    1191463,    000h 00m 01.715s,    000h 19m 51.463s
708,    1710,    1193173,    000h 00m 01.710s,    000h 19m 53.173s
709,    1664,    1194837,    000h 00m 01.664s,    000h 19m 54.837s
710,    1628,    1196465,    000h 00m 01.628s,    000h 19m 56.465s
711,    1679,    1198144,    000h 00m 01.679s,    000h 19m 58.144s
712,    1636,    1199780,    000h 00m 01.636s,    000h 19m 59.780s
713,    1605,    1201385,    000h 00m 01.605s,    000h 20m 01.385s
714,    1697,    1203082,    000h 00m 01.697s,    000h 20m 03.082s
715,    1659,    1204741,    000h 00m 01.659s,    000h 20m 04.741s
716,    1759,    1206500,    000h 00m 01.759s,    000h 20m 06.500s
717,    1705,    1208205,    000h 00m 01.705s,    000h 20m 08.205s
718,    1733,    1209938,    000h 00m 01.733s,    000h 20m 09.938s
719,    1716,    1211654,    000h 00m 01.716s,    000h 20m 11.654s
720,    1592,    1213246,    000h 00m 01.592s,    000h 20m 13.246s
721,    1608,    1214854,    000h 00m 01.608s,    000h 20m 14.854s
722,    1640,    1216494,    000h 00m 01.640s,    000h 20m 16.494s
723,    1700,    1218194,    000h 00m 01.700s,    000h 20m 18.194s
724,    1729,    1219923,    000h 00m 01.729s,    000h 20m 19.923s
725,    1737,    1221660,    000h 00m 01.737s,    000h 20m 21.660s
726,    1632,    1223292,    000h 00m 01.632s,    000h 20m 23.292s
727,    1655,    1224947,    000h 00m 01.655s,    000h 20m 24.947s
728,    1561,    1226508,    000h 00m 01.561s,    000h 20m 26.508s
729,    1735,    1228243,    000h 00m 01.735s,    000h 20m 28.243s
730,    1574,    1229817,    000h 00m 01.574s,    000h 20m 29.817s
731,    1708,    1231525,    000h 00m 01.708s,    000h 20m 31.525s
732,    1738,    1233263,    000h 00m 01.738s,    000h 20m 33.263s
733,    1666,    1234929,    000h 00m 01.666s,    000h 20m 34.929s
734,    1717,    1236646,    000h 00m 01.717s,    000h 20m 36.646s
735,    1555,    1238201,    000h 00m 01.555s,    000h 20m 38.201s
736,    1709,    1239910,    000h 00m 01.709s,    000h 20m 39.910s
737,    1570,    1241480,    000h 00m 01.570s,    000h 20m 41.480s
738,    1747,    1243227,    000h 00m 01.747s,    000h 20m 43.227s
739,    1745,    1244972,    000h 00m 01.745s,    000h 20m 44.972s
740,    1631,    1246603,    000h 00m 01.631s,    000h 20m 46.603s
741,    1686,    1248289,    000h 00m 01.686s,    000h 20m 48.289s
742,    1743,    1250032,    000h 00m 01.743s,    000h 20m 50.032s
743,    1742,    1251774,    000h 00m 01.742s,    000h 20m 51.774s
744,    1761,    1253535,    000h 00m 01.761s,    000h 20m 53.535s
745,    1537,    1255072,    000h 00m 01.537s,    000h 20m 55.072s
746,    1664,    1256736,    000h 00m 01.664s,    000h 20m 56.736s
747,    1631,    1258367,    000h 00m 01.631s,    000h 20m 58.367s
748,    1742,    1260109,    000h 00m 01.742s,    000h 21m 00.109s
749,    1682,    1261791,    000h 00m 01.682s,    000h 21m 01.791s
750,    1625,    1263416,    000h 00m 01.625s,    000h 21m 03.416s
751,    1648,    1265064,    000h 00m 01.648s,    000h 21m 05.064s
752,    1769,    1266833,    000h 00m 01.769s,    000h 21m 06.833s
753,    1612,    1268445,    000h 00m 01.612s,    000h 21m 08.445s
754,    1730,    1270175,    000h 00m 01.730s,    000h 21m 10.175s
755,    1770,    1271945,    000h 00m 01.770s,    000h 21m 11.945s
756,    1758,    1273703,    000h 00m 01.758s,    000h 21m 13.703s
757,    1695,    1275398,    000h 00m 01.695s,    000h 21m 15.398s
758,    1710,    1277108,    000h 00m 01.710s,    000h 21m 17.108s
759,    1681,    1278789,    000h 00m 01.681s,    000h 21m 18.789s
760,    1667,    1280456,    000h 00m 01.667s,    000h 21m 20.456s
761,    1734,    1282190,    000h 00m 01.734s,    000h 21m 22.190s
762,    1753,    1283943,    000h 00m 01.753s,    000h 21m 23.943s
763,    1717,    1285660,    000h 00m 01.717s,    000h 21m 25.660s
764,    1724,    1287384,    000h 00m 01.724s,    000h 21m 27.384s
765,    1733,    1289117,    000h 00m 01.733s,    000h 21m 29.117s
766,    1711,    1290828,    000h 00m 01.711s,    000h 21m 30.828s
767,    1620,    1292448,    000h 00m 01.620s,    000h 21m 32.448s
768,    1681,    1294129,    000h 00m 01.681s,    000h 21m 34.129s
769,    1596,    1295725,    000h 00m 01.596s,    000h 21m 35.725s
770,    1754,    1297479,    000h 00m 01.754s,    000h 21m 37.479s
771,    1726,    1299205,    000h 00m 01.726s,    000h 21m 39.205s
772,    1583,    1300788,    000h 00m 01.583s,    000h 21m 40.788s
773,    1763,    1302551,    000h 00m 01.763s,    000h 21m 42.551s
774,    1661,    1304212,    000h 00m 01.661s,    000h 21m 44.212s
775,    1655,    1305867,    000h 00m 01.655s,    000h 21m 45.867s
776,    1723,    1307590,    000h 00m 01.723s,    000h 21m 47.590s
777,    1626,    1309216,    000h 00m 01.626s,    000h 21m 49.216s
778,    1745,    1310961,    000h 00m 01.745s,    000h 21m 50.961s
779,    1628,    1312589,    000h 00m 01.628s,    000h 21m 52.589s
780,    1725,    1314314,    000h 00m 01.725s,    000h 21m 54.314s
781,    1665,    1315979,    000h 00m 01.665s,    000h 21m 55.979s
782,    1685,    1317664,    000h 00m 01.685s,    000h 21m 57.664s
783,    1651,    1319315,    000h 00m 01.651s,    000h 21m 59.315s
784,    1615,    1320930,    000h 00m 01.615s,    000h 22m 00.930s
785,    1657,    1322587,    000h 00m 01.657s,    000h 22m 02.587s
786,    1590,    1324177,    000h 00m 01.590s,    000h 22m 04.177s
787,    1682,    1325859,    000h 00m 01.682s,    000h 22m 05.859s
788,    1564,    1327423,    000h 00m 01.564s,    000h 22m 07.423s
789,    1723,    1329146,    000h 00m 01.723s,    000h 22m 09.146s
790,    1756,    1330902,    000h 00m 01.756s,    000h 22m 10.902s
791,    1669,    1332571,    000h 00m 01.669s,    000h 22m 12.571s
792,    1724,    1334295,    000h 00m 01.724s,    000h 22m 14.295s
793,    1608,    1335903,    000h 00m 01.608s,    000h 22m 15.903s
794,    1644,    1337547,    000h 00m 01.644s,    000h 22m 17.547s
795,    1710,    1339257,    000h 00m 01.710s,    000h 22m 19.257s
796,    1614,    1340871,    000h 00m 01.614s,    000h 22m 20.871s
797,    1694,    1342565,    000h 00m 01.694s,    000h 22m 22.565s
798,    1738,    1344303,    000h 00m 01.738s,    000h 22m 24.303s
799,    1708,    1346011,    000h 00m 01.708s,    000h 22m 26.011s
800,    1754,    1347765,    000h 00m 01.754s,    000h 22m 27.765s
801,    1575,    1349340,    000h 00m 01.575s,    000h 22m 29.340s
802,    1636,    1350976,    000h 00m 01.636s,    000h 22m 30.976s
803,    1606,    1352582,    000h 00m 01.606s,    000h 22m 32.582s
804,    1634,    1354216,    000h 00m 01.634s,    000h 22m 34.216s
805,    1726,    1355942,    000h 00m 01.726s,    000h 22m 35.942s
806,    1559,    1357501,    000h 00m 01.559s,    000h 22m 37.501s
807,    1710,    1359211,    000h 00m 01.710s,    000h 22m 39.211s
808,    1739,    1360950,    000h 00m 01.739s,    000h 22m 40.950s
809,    1669,    1362619,    000h 00m 01.669s,    000h 22m 42.619s
810,    1716,    1364335,    000h 00m 01.716s,    000h 22m 44.335s
811,    1744,    1366079,    000h 00m 01.744s,    000h 22m 46.079s
812,    1718,    1367797,    000h 00m 01.718s,    000h 22m 47.797s
813,    1703,    1369500,    000h 00m 01.703s,    000h 22m 49.500s
814,    1675,    1371175,    000h 00m 01.675s,    000h 22m 51.175s
815,    1750,    1372925,    000h 00m 01.750s,    000h 22m 52.925s
816,    1698,    1374623,    000h 00m 01.698s,    000h 22m 54.623s
817,    1714,    1376337,    000h 00m 01.714s,    000h 22m 56.337s
818,    1699,    1378036,    000h 00m 01.699s,    000h 22m 58.036s
819,    1670,    1379706,    000h 00m 01.670s,    000h 22m 59.706s
820,    1737,    1381443,    000h 00m 01.737s,    000h 23m 01.443s
821,    1728,    1383171,    000h 00m 01.728s,    000h 23m 03.171s
822,    1733,    1384904,    000h 00m 01.733s,    000h 23m 04.904s
823,    1583,    1386487,    000h 00m 01.583s,    000h 23m 06.487s
824,    1637,    1388124,    000h 00m 01.637s,    000h 23m 08.124s
825,    1706,    1389830,    000h 00m 01.706s,    000h 23m 09.830s
826,    1660,    1391490,    000h 00m 01.660s,    000h 23m 11.490s
827,    1678,    1393168,    000h 00m 01.678s,    000h 23m 13.168s
828,    1702,    1394870,    000h 00m 01.702s,    000h 23m 14.870s
829,    1722,    1396592,    000h 00m 01.722s,    000h 23m 16.592s
830,    1661,    1398253,    000h 00m 01.661s,    000h 23m 18.253s
831,    1738,    1399991,    000h 00m 01.738s,    000h 23m 19.991s
832,    1717,    1401708,    000h 00m 01.717s,    000h 23m 21.708s
833,    1590,    1403298,    000h 00m 01.590s,    000h 23m 23.298s
834,    1719,    1405017,    000h 00m 01.719s,    000h 23m 25.017s
835,    1611,    1406628,    000h 00m 01.611s,    000h 23m 26.628s
836,    1750,    1408378,    000h 00m 01.750s,    000h 23m 28.378s
837,    1579,    1409957,    000h 00m 01.579s,    000h 23m 29.957s
838,    1621,    1411578,    000h 00m 01.621s,    000h 23m 31.578s
839,    1723,    1413301,    000h 00m 01.723s,    000h 23m 33.301s
840,    1729,    1415030,    000h 00m 01.729s,    000h 23m 35.030s
841,    1669,    1416699,    000h 00m 01.669s,    000h 23m 36.699s
842,    1757,    1418456,    000h 00m 01.757s,    000h 23m 38.456s
843,    1715,    1420171,    000h 00m 01.715s,    000h 23m 40.171s
844,    1650,    1421821,    000h 00m 01.650s,    000h 23m 41.821s
845,    1761,    1423582,    000h 00m 01.761s,    000h 23m 43.582s
846,    1648,    1425230,    000h 00m 01.648s,    000h 23m 45.230s
847,    1700,    1426930,    000h 00m 01.700s,    000h 23m 46.930s
848,    1644,    1428574,    000h 00m 01.644s,    000h 23m 48.574s
849,    1704,    1430278,    000h 00m 01.704s,    000h 23m 50.278s
850,    1635,    1431913,    000h 00m 01.635s,    000h 23m 51.913s
851,    1648,    1433561,    000h 00m 01.648s,    000h 23m 53.561s
852,    1726,    1435287,    000h 00m 01.726s,    000h 23m 55.287s
853,    1626,    1436913,    000h 00m 01.626s,    000h 23m 56.913s
854,    1703,    1438616,    000h 00m 01.703s,    000h 23m 58.616s
855,    1745,    1440361,    000h 00m 01.745s,    000h 24m 00.361s
856,    1604,    1441965,    000h 00m 01.604s,    000h 24m 01.965s
857,    1715,    1443680,    000h 00m 01.715s,    000h 24m 03.680s
858,    1740,    1445420,    000h 00m 01.740s,    000h 24m 05.420s
859,    1740,    1447160,    000h 00m 01.740s,    000h 24m 07.160s
860,    1599,    1448759,    000h 00m 01.599s,    000h 24m 08.759s
861,    1601,    1450360,    000h 00m 01.601s,    000h 24m 10.360s
862,    1710,    1452070,    000h 00m 01.710s,    000h 24m 12.070s
863,    1747,    1453817,    000h 00m 01.747s,    000h 24m 13.817s
864,    1709,    1455526,    000h 00m 01.709s,    000h 24m 15.526s
865,    1700,    1457226,    000h 00m 01.700s,    000h 24m 17.226s
866,    1727,    1458953,    000h 00m 01.727s,    000h 24m 18.953s
867,    1590,    1460543,    000h 00m 01.590s,    000h 24m 20.543s
868,    1716,    1462259,    000h 00m 01.716s,    000h 24m 22.259s
869,    1689,    1463948,    000h 00m 01.689s,    000h 24m 23.948s
870,    1689,    1465637,    000h 00m 01.689s,    000h 24m 25.637s
871,    1672,    1467309,    000h 00m 01.672s,    000h 24m 27.309s
872,    1686,    1468995,    000h 00m 01.686s,    000h 24m 28.995s
873,    1746,    1470741,    000h 00m 01.746s,    000h 24m 30.741s
874,    1751,    1472492,    000h 00m 01.751s,    000h 24m 32.492s
875,    1724,    1474216,    000h 00m 01.724s,    000h 24m 34.216s
876,    1694,    1475910,    000h 00m 01.694s,    000h 24m 35.910s
877,    1728,    1477638,    000h 00m 01.728s,    000h 24m 37.638s
878,    1732,    1479370,    000h 00m 01.732s,    000h 24m 39.370s
879,    1737,    1481107,    000h 00m 01.737s,    000h 24m 41.107s
880,    1747,    1482854,    000h 00m 01.747s,    000h 24m 42.854s
881,    1610,    1484464,    000h 00m 01.610s,    000h 24m 44.464s
882,    1634,    1486098,    000h 00m 01.634s,    000h 24m 46.098s
883,    1631,    1487729,    000h 00m 01.631s,    000h 24m 47.729s
884,    1625,    1489354,    000h 00m 01.625s,    000h 24m 49.354s
885,    1715,    1491069,    000h 00m 01.715s,    000h 24m 51.069s
886,    1708,    1492777,    000h 00m 01.708s,    000h 24m 52.777s
887,    1733,    1494510,    000h 00m 01.733s,    000h 24m 54.510s
888,    1620,    1496130,    000h 00m 01.620s,    000h 24m 56.130s
889,    1709,    1497839,    000h 00m 01.709s,    000h 24m 57.839s
890,    1578,    1499417,    000h 00m 01.578s,    000h 24m 59.417s
891,    1721,    1501138,    000h 00m 01.721s,    000h 25m 01.138s
892,    1678,    1502816,    000h 00m 01.678s,    000h 25m 02.816s
893,    1702,    1504518,    000h 00m 01.702s,    000h 25m 04.518s
894,    1758,    1506276,    000h 00m 01.758s,    000h 25m 06.276s
895,    1640,    1507916,    000h 00m 01.640s,    000h 25m 07.916s
896,    1725,    1509641,    000h 00m 01.725s,    000h 25m 09.641s
897,    1588,    1511229,    000h 00m 01.588s,    000h 25m 11.229s
898,    1706,    1512935,    000h 00m 01.706s,    000h 25m 12.935s
899,    1675,    1514610,    000h 00m 01.675s,    000h 25m 14.610s
900,    1651,    1516261,    000h 00m 01.651s,    000h 25m 16.261s
901,    1738,    1517999,    000h 00m 01.738s,    000h 25m 17.999s
902,    1705,    1519704,    000h 00m 01.705s,    000h 25m 19.704s
903,    1601,    1521305,    000h 00m 01.601s,    000h 25m 21.305s
904,    1675,    1522980,    000h 00m 01.675s,    000h 25m 22.980s
905,    1740,    1524720,    000h 00m 01.740s,    000h 25m 24.720s
906,    1560,    1526280,    000h 00m 01.560s,    000h 25m 26.280s
907,    1587,    1527867,    000h 00m 01.587s,    000h 25m 27.867s
908,    1713,    1529580,    000h 00m 01.713s,    000h 25m 29.580s
909,    1547,    1531127,    000h 00m 01.547s,    000h 25m 31.127s
910,    1633,    1532760,    000h 00m 01.633s,    000h 25m 32.760s
911,    1724,    1534484,    000h 00m 01.724s,    000h 25m 34.484s
912,    1671,    1536155,    000h 00m 01.671s,    000h 25m 36.155s
913,    1668,    1537823,    000h 00m 01.668s,    000h 25m 37.823s
914,    1706,    1539529,    000h 00m 01.706s,    000h 25m 39.529s
915,    1662,    1541191,    000h 00m 01.662s,    000h 25m 41.191s
916,    1741,    1542932,    000h 00m 01.741s,    000h 25m 42.932s
917,    1699,    1544631,    000h 00m 01.699s,    000h 25m 44.631s
918,    1742,    1546373,    000h 00m 01.742s,    000h 25m 46.373s
919,    1723,    1548096,    000h 00m 01.723s,    000h 25m 48.096s
920,    1538,    1549634,    000h 00m 01.538s,    000h 25m 49.634s
921,    1664,    1551298,    000h 00m 01.664s,    000h 25m 51.298s
922,    1675,    1552973,    000h 00m 01.675s,    000h 25m 52.973s
923,    1733,    1554706,    000h 00m 01.733s,    000h 25m 54.706s
924,    1759,    1556465,    000h 00m 01.759s,    000h 25m 56.465s
925,    1631,    1558096,    000h 00m 01.631s,    000h 25m 58.096s
926,    1655,    1559751,    000h 00m 01.655s,    000h 25m 59.751s
927,    1726,    1561477,    000h 00m 01.726s,    000h 26m 01.477s
928,    1585,    1563062,    000h 00m 01.585s,    000h 26m 03.062s
929,    1690,    1564752,    000h 00m 01.690s,    000h 26m 04.752s
930,    1680,    1566432,    000h 00m 01.680s,    000h 26m 06.432s
931,    1750,    1568182,    000h 00m 01.750s,    000h 26m 08.182s
932,    1696,    1569878,    000h 00m 01.696s,    000h 26m 09.878s
933,    1714,    1571592,    000h 00m 01.714s,    000h 26m 11.592s
934,    1729,    1573321,    000h 00m 01.729s,    000h 26m 13.321s
935,    1707,    1575028,    000h 00m 01.707s,    000h 26m 15.028s
936,    1710,    1576738,    000h 00m 01.710s,    000h 26m 16.738s
937,    1698,    1578436,    000h 00m 01.698s,    000h 26m 18.436s
938,    1727,    1580163,    000h 00m 01.727s,    000h 26m 20.163s
939,    1601,    1581764,    000h 00m 01.601s,    000h 26m 21.764s
940,    1663,    1583427,    000h 00m 01.663s,    000h 26m 23.427s
941,    1729,    1585156,    000h 00m 01.729s,    000h 26m 25.156s
942,    1720,    1586876,    000h 00m 01.720s,    000h 26m 26.876s
943,    1711,    1588587,    000h 00m 01.711s,    000h 26m 28.587s
944,    1639,    1590226,    000h 00m 01.639s,    000h 26m 30.226s
945,    1722,    1591948,    000h 00m 01.722s,    000h 26m 31.948s
946,    1657,    1593605,    000h 00m 01.657s,    000h 26m 33.605s
947,    1670,    1595275,    000h 00m 01.670s,    000h 26m 35.275s
948,    1748,    1597023,    000h 00m 01.748s,    000h 26m 37.023s
949,    1751,    1598774,    000h 00m 01.751s,    000h 26m 38.774s
950,    1612,    1600386,    000h 00m 01.612s,    000h 26m 40.386s
951,    1770,    1602156,    000h 00m 01.770s,    000h 26m 42.156s
952,    1752,    1603908,    000h 00m 01.752s,    000h 26m 43.908s
953,    1753,    1605661,    000h 00m 01.753s,    000h 26m 45.661s
954,    1746,    1607407,    000h 00m 01.746s,    000h 26m 47.407s
955,    1688,    1609095,    000h 00m 01.688s,    000h 26m 49.095s
956,    1730,    1610825,    000h 00m 01.730s,    000h 26m 50.825s
957,    1692,    1612517,    000h 00m 01.692s,    000h 26m 52.517s
958,    1733,    1614250,    000h 00m 01.733s,    000h 26m 54.250s
959,    1705,    1615955,    000h 00m 01.705s,    000h 26m 55.955s
960,    1566,    1617521,    000h 00m 01.566s,    000h 26m 57.521s
961,    1708,    1619229,    000h 00m 01.708s,    000h 26m 59.229s
962,    1698,    1620927,    000h 00m 01.698s,    000h 27m 00.927s
963,    1747,    1622674,    000h 00m 01.747s,    000h 27m 02.674s
964,    1579,    1624253,    000h 00m 01.579s,    000h 27m 04.253s
965,    1704,    1625957,    000h 00m 01.704s,    000h 27m 05.957s
966,    1737,    1627694,    000h 00m 01.737s,    000h 27m 07.694s
967,    1704,    1629398,    000h 00m 01.704s,    000h 27m 09.398s
968,    1745,    1631143,    000h 00m 01.745s,    000h 27m 11.143s
969,    1720,    1632863,    000h 00m 01.720s,    000h 27m 12.863s
970,    1727,    1634590,    000h 00m 01.727s,    000h 27m 14.590s
971,    1565,    1636155,    000h 00m 01.565s,    000h 27m 16.155s
972,    1613,    1637768,    000h 00m 01.613s,    000h 27m 17.768s
973,    1723,    1639491,    000h 00m 01.723s,    000h 27m 19.491s
974,    1667,    1641158,    000h 00m 01.667s,    000h 27m 21.158s
975,    1699,    1642857,    000h 00m 01.699s,    000h 27m 22.857s
976,    1563,    1644420,    000h 00m 01.563s,    000h 27m 24.420s
977,    1711,    1646131,    000h 00m 01.711s,    000h 27m 26.131s
978,    1634,    1647765,    000h 00m 01.634s,    000h 27m 27.765s
979,    1725,    1649490,    000h 00m 01.725s,    000h 27m 29.490s
980,    1709,    1651199,    000h 00m 01.709s,    000h 27m 31.199s
981,    1672,    1652871,    000h 00m 01.672s,    000h 27m 32.871s
982,    1613,    1654484,    000h 00m 01.613s,    000h 27m 34.484s
983,    1743,    1656227,    000h 00m 01.743s,    000h 27m 36.227s
984,    1733,    1657960,    000h 00m 01.733s,    000h 27m 37.960s
985,    1713,    1659673,    000h 00m 01.713s,    000h 27m 39.673s
986,    1754,    1661427,    000h 00m 01.754s,    000h 27m 41.427s
987,    1732,    1663159,    000h 00m 01.732s,    000h 27m 43.159s
988,    1647,    1664806,    000h 00m 01.647s,    000h 27m 44.806s
989,    1726,    1666532,    000h 00m 01.726s,    000h 27m 46.532s
990,    1619,    1668151,    000h 00m 01.619s,    000h 27m 48.151s
991,    1704,    1669855,    000h 00m 01.704s,    000h 27m 49.855s
992,    1743,    1671598,    000h 00m 01.743s,    000h 27m 51.598s
993,    1716,    1673314,    000h 00m 01.716s,    000h 27m 53.314s
994,    1748,    1675062,    000h 00m 01.748s,    000h 27m 55.062s
995,    1650,    1676712,    000h 00m 01.650s,    000h 27m 56.712s
996,    1731,    1678443,    000h 00m 01.731s,    000h 27m 58.443s
997,    1745,    1680188,    000h 00m 01.745s,    000h 28m 00.188s
998,    1641,    1681829,    000h 00m 01.641s,    000h 28m 01.829s
999,    1725,    1683554,    000h 00m 01.725s,    000h 28m 03.554s
1000,    1553,    1685107,    000h 00m 01.553s,    000h 28m 05.107s
1001,    1729,    1686836,    000h 00m 01.729s,    000h 28m 06.836s
1002,    1700,    1688536,    000h 00m 01.700s,    000h 28m 08.536s
1003,    1568,    1690104,    000h 00m 01.568s,    000h 28m 10.104s
1004,    1728,    1691832,    000h 00m 01.728s,    000h 28m 11.832s
1005,    1632,    1693464,    000h 00m 01.632s,    000h 28m 13.464s
1006,    1701,    1695165,    000h 00m 01.701s,    000h 28m 15.165s
1007,    1650,    1696815,    000h 00m 01.650s,    000h 28m 16.815s
1008,    1645,    1698460,    000h 00m 01.645s,    000h 28m 18.460s
1009,    1737,    1700197,    000h 00m 01.737s,    000h 28m 20.197s
1010,    1590,    1701787,    000h 00m 01.590s,    000h 28m 21.787s
1011,    1726,    1703513,    000h 00m 01.726s,    000h 28m 23.513s
1012,    1562,    1705075,    000h 00m 01.562s,    000h 28m 25.075s
1013,    1749,    1706824,    000h 00m 01.749s,    000h 28m 26.824s
1014,    1720,    1708544,    000h 00m 01.720s,    000h 28m 28.544s
1015,    1596,    1710140,    000h 00m 01.596s,    000h 28m 30.140s
1016,    1748,    1711888,    000h 00m 01.748s,    000h 28m 31.888s
1017,    1587,    1713475,    000h 00m 01.587s,    000h 28m 33.475s
1018,    1727,    1715202,    000h 00m 01.727s,    000h 28m 35.202s
1019,    1626,    1716828,    000h 00m 01.626s,    000h 28m 36.828s
1020,    1726,    1718554,    000h 00m 01.726s,    000h 28m 38.554s
1021,    1645,    1720199,    000h 00m 01.645s,    000h 28m 40.199s
1022,    1757,    1721956,    000h 00m 01.757s,    000h 28m 41.956s
1023,    1668,    1723624,    000h 00m 01.668s,    000h 28m 43.624s
1024,    1607,    1725231,    000h 00m 01.607s,    000h 28m 45.231s
1025,    1544,    1726775,    000h 00m 01.544s,    000h 28m 46.775s
