pass,    time (ms),    total time (ms),    time,     total_time
1,    2353,    2353,    000h 00m 02.353s,    000h 00m 02.353s
2,    2420,    4773,    000h 00m 02.420s,    000h 00m 04.773s
3,    2382,    7155,    000h 00m 02.382s,    000h 00m 07.155s
4,    2384,    9539,    000h 00m 02.384s,    000h 00m 09.539s
5,    2209,    11748,    000h 00m 02.209s,    000h 00m 11.748s
6,    2241,    13989,    000h 00m 02.241s,    000h 00m 13.989s
7,    2383,    16372,    000h 00m 02.383s,    000h 00m 16.372s
8,    2271,    18643,    000h 00m 02.271s,    000h 00m 18.643s
9,    2362,    21005,    000h 00m 02.362s,    000h 00m 21.005s
10,    2196,    23201,    000h 00m 02.196s,    000h 00m 23.201s
11,    2181,    25382,    000h 00m 02.181s,    000h 00m 25.382s
12,    2374,    27756,    000h 00m 02.374s,    000h 00m 27.756s
13,    2347,    30103,    000h 00m 02.347s,    000h 00m 30.103s
14,    2357,    32460,    000h 00m 02.357s,    000h 00m 32.460s
15,    2361,    34821,    000h 00m 02.361s,    000h 00m 34.821s
16,    2187,    37008,    000h 00m 02.187s,    000h 00m 37.008s
17,    2235,    39243,    000h 00m 02.235s,    000h 00m 39.243s
18,    2297,    41540,    000h 00m 02.297s,    000h 00m 41.540s
19,    2343,    43883,    000h 00m 02.343s,    000h 00m 43.883s
20,    2218,    46101,    000h 00m 02.218s,    000h 00m 46.101s
21,    2309,    48410,    000h 00m 02.309s,    000h 00m 48.410s
22,    2205,    50615,    000h 00m 02.205s,    000h 00m 50.615s
23,    2234,    52849,    000h 00m 02.234s,    000h 00m 52.849s
24,    2338,    55187,    000h 00m 02.338s,    000h 00m 55.187s
25,    2223,    57410,    000h 00m 02.223s,    000h 00m 57.410s
26,    2403,    59813,    000h 00m 02.403s,    000h 00m 59.813s
27,    2319,    62132,    000h 00m 02.319s,    000h 01m 02.132s
28,    2263,    64395,    000h 00m 02.263s,    000h 01m 04.395s
29,    2115,    66510,    000h 00m 02.115s,    000h 01m 06.510s
30,    2294,    68804,    000h 00m 02.294s,    000h 01m 08.804s
31,    2376,    71180,    000h 00m 02.376s,    000h 01m 11.180s
32,    2271,    73451,    000h 00m 02.271s,    000h 01m 13.451s
33,    2243,    75694,    000h 00m 02.243s,    000h 01m 15.694s
34,    2085,    77779,    000h 00m 02.085s,    000h 01m 17.779s
35,    2320,    80099,    000h 00m 02.320s,    000h 01m 20.099s
36,    2061,    82160,    000h 00m 02.061s,    000h 01m 22.160s
37,    2214,    84374,    000h 00m 02.214s,    000h 01m 24.374s
38,    2270,    86644,    000h 00m 02.270s,    000h 01m 26.644s
39,    2224,    88868,    000h 00m 02.224s,    000h 01m 28.868s
40,    2338,    91206,    000h 00m 02.338s,    000h 01m 31.206s
41,    2263,    93469,    000h 00m 02.263s,    000h 01m 33.469s
42,    2145,    95614,    000h 00m 02.145s,    000h 01m 35.614s
43,    2064,    97678,    000h 00m 02.064s,    000h 01m 37.678s
44,    2307,    99985,    000h 00m 02.307s,    000h 01m 39.985s
45,    2302,    102287,    000h 00m 02.302s,    000h 01m 42.287s
46,    2305,    104592,    000h 00m 02.305s,    000h 01m 44.592s
47,    2089,    106681,    000h 00m 02.089s,    000h 01m 46.681s
48,    2187,    108868,    000h 00m 02.187s,    000h 01m 48.868s
49,    2279,    111147,    000h 00m 02.279s,    000h 01m 51.147s
50,    2265,    113412,    000h 00m 02.265s,    000h 01m 53.412s
51,    2330,    115742,    000h 00m 02.330s,    000h 01m 55.742s
52,    2205,    117947,    000h 00m 02.205s,    000h 01m 57.947s
53,    2091,    120038,    000h 00m 02.091s,    000h 02m 00.038s
54,    2324,    122362,    000h 00m 02.324s,    000h 02m 02.362s
55,    2194,    124556,    000h 00m 02.194s,    000h 02m 04.556s
56,    2231,    126787,    000h 00m 02.231s,    000h 02m 06.787s
57,    2320,    129107,    000h 00m 02.320s,    000h 02m 09.107s
58,    2067,    131174,    000h 00m 02.067s,    000h 02m 11.174s
59,    2388,    133562,    000h 00m 02.388s,    000h 02m 13.562s
60,    2184,    135746,    000h 00m 02.184s,    000h 02m 15.746s
61,    2169,    137915,    000h 00m 02.169s,    000h 02m 17.915s
62,    2119,    140034,    000h 00m 02.119s,    000h 02m 20.034s
63,    2244,    142278,    000h 00m 02.244s,    000h 02m 22.278s
64,    2180,    144458,    000h 00m 02.180s,    000h 02m 24.458s
65,    2209,    146667,    000h 00m 02.209s,    000h 02m 26.667s
66,    2245,    148912,    000h 00m 02.245s,    000h 02m 28.912s
67,    2335,    151247,    000h 00m 02.335s,    000h 02m 31.247s
68,    2402,    153649,    000h 00m 02.402s,    000h 02m 33.649s
69,    2374,    156023,    000h 00m 02.374s,    000h 02m 36.023s
70,    2378,    158401,    000h 00m 02.378s,    000h 02m 38.401s
71,    2244,    160645,    000h 00m 02.244s,    000h 02m 40.645s
72,    2297,    162942,    000h 00m 02.297s,    000h 02m 42.942s
73,    2259,    165201,    000h 00m 02.259s,    000h 02m 45.201s
74,    2333,    167534,    000h 00m 02.333s,    000h 02m 47.534s
75,    2095,    169629,    000h 00m 02.095s,    000h 02m 49.629s
76,    2295,    171924,    000h 00m 02.295s,    000h 02m 51.924s
77,    2323,    174247,    000h 00m 02.323s,    000h 02m 54.247s
78,    2249,    176496,    000h 00m 02.249s,    000h 02m 56.496s
79,    2306,    178802,    000h 00m 02.306s,    000h 02m 58.802s
80,    2355,    181157,    000h 00m 02.355s,    000h 03m 01.157s
81,    2351,    183508,    000h 00m 02.351s,    000h 03m 03.508s
82,    2180,    185688,    000h 00m 02.180s,    000h 03m 05.688s
83,    2185,    187873,    000h 00m 02.185s,    000h 03m 07.873s
84,    2341,    190214,    000h 00m 02.341s,    000h 03m 10.214s
85,    2255,    192469,    000h 00m 02.255s,    000h 03m 12.469s
86,    2177,    194646,    000h 00m 02.177s,    000h 03m 14.646s
87,    2413,    197059,    000h 00m 02.413s,    000h 03m 17.059s
88,    2276,    199335,    000h 00m 02.276s,    000h 03m 19.335s
89,    2200,    201535,    000h 00m 02.200s,    000h 03m 21.535s
90,    2253,    203788,    000h 00m 02.253s,    000h 03m 23.788s
91,    2336,    206124,    000h 00m 02.336s,    000h 03m 26.124s
92,    2311,    208435,    000h 00m 02.311s,    000h 03m 28.435s
93,    2426,    210861,    000h 00m 02.426s,    000h 03m 30.861s
94,    2239,    213100,    000h 00m 02.239s,    000h 03m 33.100s
95,    2291,    215391,    000h 00m 02.291s,    000h 03m 35.391s
96,    2341,    217732,    000h 00m 02.341s,    000h 03m 37.732s
97,    2320,    220052,    000h 00m 02.320s,    000h 03m 40.052s
98,    2175,    222227,    000h 00m 02.175s,    000h 03m 42.227s
99,    2180,    224407,    000h 00m 02.180s,    000h 03m 44.407s
100,    2294,    226701,    000h 00m 02.294s,    000h 03m 46.701s
101,    2356,    229057,    000h 00m 02.356s,    000h 03m 49.057s
102,    2303,    231360,    000h 00m 02.303s,    000h 03m 51.360s
103,    2377,    233737,    000h 00m 02.377s,    000h 03m 53.737s
104,    2305,    236042,    000h 00m 02.305s,    000h 03m 56.042s
105,    2414,    238456,    000h 00m 02.414s,    000h 03m 58.456s
106,    2178,    240634,    000h 00m 02.178s,    000h 04m 00.634s
107,    2368,    243002,    000h 00m 02.368s,    000h 04m 03.002s
108,    2322,    245324,    000h 00m 02.322s,    000h 04m 05.324s
109,    2278,    247602,    000h 00m 02.278s,    000h 04m 07.602s
110,    2328,    249930,    000h 00m 02.328s,    000h 04m 09.930s
111,    2351,    252281,    000h 00m 02.351s,    000h 04m 12.281s
112,    2376,    254657,    000h 00m 02.376s,    000h 04m 14.657s
113,    2282,    256939,    000h 00m 02.282s,    000h 04m 16.939s
114,    2205,    259144,    000h 00m 02.205s,    000h 04m 19.144s
115,    2259,    261403,    000h 00m 02.259s,    000h 04m 21.403s
116,    2265,    263668,    000h 00m 02.265s,    000h 04m 23.668s
117,    2365,    266033,    000h 00m 02.365s,    000h 04m 26.033s
118,    2230,    268263,    000h 00m 02.230s,    000h 04m 28.263s
119,    2080,    270343,    000h 00m 02.080s,    000h 04m 30.343s
120,    2323,    272666,    000h 00m 02.323s,    000h 04m 32.666s
121,    2185,    274851,    000h 00m 02.185s,    000h 04m 34.851s
122,    2078,    276929,    000h 00m 02.078s,    000h 04m 36.929s
123,    2140,    279069,    000h 00m 02.140s,    000h 04m 39.069s
124,    2343,    281412,    000h 00m 02.343s,    000h 04m 41.412s
125,    26957,    308369,    000h 00m 26.957s,    000h 05m 08.369s
126,    27214,    335583,    000h 00m 27.214s,    000h 05m 35.583s
